46 0.760000 0.673709 0.139200 0.122066
30 0.507200 0.483568 0.937600 0.887324
22 0.794000 0.447183 0.061600 0.265258
45 0.078800 0.524648 0.074400 0.119718
47 0.405200 0.829812 0.266400 0.143192
20 0.778000 0.224178 0.095200 0.119718
17 0.063200 0.232394 0.035200 0.136150
1 0.110400 0.232394 0.048000 0.126761
2 0.166000 0.231221 0.048800 0.129108
3 0.218800 0.230047 0.047200 0.131455
4 0.272000 0.230047 0.048000 0.131455
5 0.326400 0.230047 0.046400 0.122066
6 0.377600 0.225352 0.049600 0.131455
7 0.432400 0.227700 0.048800 0.131455
8 0.485200 0.232394 0.045600 0.131455
9 0.539200 0.227700 0.048000 0.136150
0 0.591600 0.231221 0.050400 0.133803
48 0.646400 0.231221 0.048000 0.129108
11 0.702000 0.228873 0.048800 0.129108
52 0.075600 0.377934 0.060000 0.126761
41 0.136000 0.380282 0.048000 0.131455
56 0.189200 0.377934 0.048800 0.131455
21 0.243600 0.377934 0.048800 0.131455
42 0.296400 0.375587 0.048800 0.131455
51 0.351600 0.373239 0.047200 0.126761
59 0.404400 0.374413 0.045600 0.124413
53 0.458000 0.374413 0.047200 0.124413
27 0.510800 0.376761 0.048800 0.129108
36 0.564800 0.375587 0.048000 0.122066
38 0.619200 0.376761 0.048000 0.133803
54 0.673200 0.377934 0.050400 0.140845
39 0.727600 0.377934 0.048800 0.136150
10 0.147600 0.525822 0.048800 0.126761
43 0.201600 0.525822 0.048000 0.131455
19 0.256000 0.524648 0.046400 0.129108
23 0.310000 0.523474 0.047200 0.131455
24 0.363200 0.523474 0.046400 0.131455
25 0.417600 0.522300 0.048000 0.129108
28 0.471200 0.523474 0.046400 0.131455
29 0.525600 0.524648 0.048000 0.129108
31 0.579600 0.523474 0.048800 0.131455
37 0.634000 0.524648 0.047200 0.129108
12 0.688000 0.524648 0.048000 0.133803
26 0.743200 0.523474 0.051200 0.131455
32 0.120800 0.676056 0.043200 0.122066
44 0.068800 0.677230 0.057600 0.124413
58 0.174400 0.674883 0.046400 0.119718
57 0.228400 0.672535 0.047200 0.124413
16 0.282400 0.673709 0.046400 0.126761
55 0.336800 0.672535 0.046400 0.124413
15 0.390800 0.672535 0.047200 0.124413
35 0.444800 0.673709 0.046400 0.126761
33 0.499600 0.677230 0.047200 0.129108
18 0.553200 0.673709 0.047200 0.126761
40 0.607600 0.674883 0.047200 0.129108
34 0.662000 0.674883 0.048800 0.129108
49 0.064800 0.838028 0.052800 0.150235
13 0.241200 0.834507 0.052000 0.152582
14 0.563600 0.835681 0.039200 0.150235
50 0.656000 0.838028 0.038400 0.154930
