30 0.496835 0.356349 0.702532 0.423810
46 0.775844 0.431746 0.100211 0.063492
20 0.786920 0.237302 0.063291 0.055556
47 0.464135 0.503175 0.240506 0.073016
45 0.192511 0.366667 0.068565 0.063492
22 0.799578 0.333333 0.044304 0.123810
43 0.297996 0.365873 0.043249 0.058730
17 0.179325 0.238095 0.029536 0.057143
49 0.175633 0.501587 0.045359 0.069841
13 0.319620 0.503175 0.046414 0.069841
19 0.345464 0.367460 0.043249 0.061905
1 0.220464 0.238095 0.042194 0.057143
2 0.266878 0.238889 0.042194 0.058730
23 0.393460 0.367460 0.044304 0.061905
14 0.608122 0.503175 0.045359 0.073016
24 0.439873 0.367460 0.044304 0.061905
3 0.313819 0.238889 0.043249 0.058730
25 0.487342 0.367460 0.044304 0.061905
4 0.360232 0.240476 0.043249 0.058730
28 0.534810 0.366667 0.044304 0.060317
5 0.406646 0.240476 0.043249 0.058730
6 0.453059 0.240476 0.043249 0.058730
29 0.581751 0.366667 0.045359 0.060317
7 0.499473 0.240476 0.043249 0.058730
31 0.628692 0.366667 0.044304 0.060317
8 0.545886 0.240476 0.043249 0.058730
37 0.675105 0.366667 0.044304 0.060317
12 0.722046 0.366667 0.045359 0.060317
9 0.591772 0.240476 0.044304 0.058730
0 0.638186 0.240476 0.044304 0.058730
26 0.767405 0.366667 0.041139 0.060317
48 0.684599 0.239683 0.042194 0.057143
11 0.729958 0.239683 0.044304 0.057143
44 0.181435 0.432540 0.048523 0.058730
52 0.189346 0.303175 0.053797 0.060317
32 0.227321 0.433333 0.043249 0.060317
41 0.241561 0.303175 0.042194 0.060317
58 0.273734 0.433333 0.043249 0.060317
56 0.288502 0.301587 0.043249 0.060317
57 0.321730 0.433333 0.044304 0.060317
21 0.334388 0.302381 0.044304 0.061905
16 0.369198 0.433333 0.044304 0.060317
55 0.416139 0.433333 0.045359 0.060317
42 0.381329 0.303175 0.043249 0.060317
51 0.428270 0.303175 0.044304 0.060317
15 0.464135 0.433333 0.044304 0.060317
59 0.475211 0.303175 0.043249 0.060317
35 0.511603 0.432540 0.044304 0.058730
53 0.522152 0.303175 0.044304 0.060317
33 0.559072 0.432540 0.044304 0.058730
27 0.568565 0.303175 0.044304 0.060317
18 0.606540 0.432540 0.044304 0.058730
36 0.615506 0.303175 0.043249 0.060317
40 0.653481 0.433333 0.045359 0.060317
38 0.661920 0.303175 0.043249 0.060317
34 0.700949 0.433333 0.045359 0.060317
54 0.707806 0.303175 0.044304 0.060317
39 0.754219 0.303175 0.044304 0.060317
10 0.251582 0.366667 0.043249 0.060317
