4 0.309167 0.124167 0.065000 0.065000
16 0.328333 0.323333 0.070000 0.066667
37 0.767500 0.258333 0.065000 0.063333
31 0.700000 0.258333 0.066667 0.063333
49 0.047500 0.397500 0.058333 0.075000
18 0.668333 0.324167 0.066667 0.065000
13 0.234167 0.395833 0.058333 0.071667
3 0.240833 0.124167 0.068333 0.065000
30 0.501667 0.239167 0.970000 0.398333
8 0.582500 0.125000 0.065000 0.066667
20 0.936667 0.123333 0.093333 0.063333
23 0.359167 0.256667 0.068333 0.066667
36 0.681667 0.191667 0.066667 0.063333
10 0.153333 0.257500 0.066667 0.065000
0 0.717500 0.125000 0.065000 0.066667
6 0.446667 0.125000 0.066667 0.066667
54 0.815833 0.190833 0.065000 0.065000
5 0.377500 0.125000 0.068333 0.063333
55 0.397500 0.324167 0.068333 0.068333
26 0.893333 0.255833 0.046667 0.065000
1 0.103333 0.125833 0.066667 0.065000
46 0.911667 0.324167 0.143333 0.065000
9 0.650833 0.125000 0.065000 0.066667
59 0.476667 0.191667 0.066667 0.066667
56 0.202500 0.191667 0.068333 0.066667
53 0.544167 0.191667 0.068333 0.066667
58 0.190833 0.324167 0.068333 0.065000
12 0.835833 0.257500 0.065000 0.065000
47 0.440000 0.395833 0.343333 0.075000
27 0.613333 0.190833 0.066667 0.065000
38 0.748333 0.190833 0.066667 0.065000
15 0.465000 0.323333 0.066667 0.066667
41 0.134167 0.191667 0.068333 0.063333
32 0.121667 0.324167 0.066667 0.065000
24 0.427500 0.256667 0.068333 0.066667
39 0.875000 0.190000 0.046667 0.063333
50 0.765833 0.395000 0.058333 0.073333
43 0.221667 0.258333 0.066667 0.063333
45 0.068333 0.257500 0.096667 0.061667
34 0.805000 0.323333 0.066667 0.063333
33 0.600833 0.324167 0.065000 0.065000
21 0.272500 0.191667 0.068333 0.066667
44 0.050833 0.324167 0.068333 0.061667
57 0.259167 0.324167 0.068333 0.065000
29 0.631667 0.258333 0.066667 0.063333
17 0.043333 0.125000 0.046667 0.066667
42 0.340833 0.191667 0.068333 0.063333
40 0.737500 0.324167 0.065000 0.061667
35 0.533333 0.323333 0.066667 0.066667
7 0.514167 0.125000 0.065000 0.066667
48 0.785833 0.124167 0.065000 0.065000
2 0.172500 0.125000 0.068333 0.066667
25 0.495833 0.257500 0.068333 0.065000
28 0.564167 0.257500 0.068333 0.065000
52 0.059167 0.190833 0.078333 0.065000
14 0.643333 0.395000 0.060000 0.073333
11 0.854167 0.123333 0.065000 0.063333
19 0.291667 0.257500 0.066667 0.065000
51 0.409167 0.190833 0.068333 0.065000
22 0.941667 0.225000 0.080000 0.130000
