17 0.098750 0.265625 0.028750 0.055147
1 0.139063 0.267004 0.039375 0.057904
2 0.185000 0.266544 0.038750 0.055147
3 0.230937 0.266544 0.039375 0.055147
4 0.276562 0.267463 0.039375 0.055147
5 0.322500 0.267923 0.038750 0.057904
6 0.367500 0.268382 0.038750 0.056985
7 0.412187 0.268382 0.038125 0.055147
8 0.457500 0.268842 0.038750 0.056066
9 0.502188 0.269301 0.038125 0.055147
0 0.546562 0.268842 0.039375 0.056066
48 0.591562 0.268842 0.038125 0.054228
11 0.636250 0.268382 0.038750 0.056985
20 0.706562 0.268382 0.090625 0.056985
52 0.108750 0.330882 0.051250 0.056985
41 0.160312 0.331801 0.040625 0.056985
56 0.206875 0.331801 0.040000 0.055147
21 0.252500 0.332721 0.038750 0.056985
42 0.299063 0.333180 0.039375 0.056066
51 0.344687 0.333180 0.039375 0.054228
59 0.390000 0.333640 0.038750 0.055147
53 0.435312 0.333180 0.038125 0.054228
27 0.480312 0.333640 0.038125 0.055147
36 0.525000 0.333640 0.038750 0.055147
38 0.570000 0.334099 0.037500 0.054228
54 0.614688 0.334559 0.038125 0.055147
39 0.659375 0.333180 0.037500 0.052390
22 0.719375 0.364890 0.068750 0.121324
45 0.112500 0.398438 0.063750 0.056066
10 0.171250 0.398438 0.038750 0.056066
43 0.217500 0.398438 0.038750 0.056066
19 0.263750 0.398438 0.038750 0.056066
23 0.310000 0.398897 0.038750 0.056985
24 0.355625 0.399357 0.038750 0.056066
25 0.401250 0.398897 0.038750 0.056985
28 0.446562 0.398438 0.038125 0.056066
29 0.491875 0.398897 0.038750 0.056985
31 0.536563 0.398897 0.039375 0.055147
37 0.581875 0.398897 0.037500 0.055147
12 0.626563 0.398897 0.039375 0.055147
26 0.675937 0.398438 0.046875 0.054228
44 0.101875 0.464614 0.045000 0.056066
32 0.147187 0.464614 0.039375 0.057904
58 0.192812 0.465074 0.041875 0.056985
57 0.239687 0.464614 0.040625 0.056066
16 0.285938 0.465074 0.039375 0.056985
55 0.332813 0.465074 0.039375 0.056985
15 0.378437 0.465074 0.039375 0.056985
35 0.424063 0.465074 0.039375 0.056985
33 0.469375 0.465074 0.038750 0.056985
18 0.514375 0.464614 0.038750 0.056066
40 0.559375 0.464614 0.040000 0.056066
34 0.604688 0.464154 0.039375 0.055147
46 0.693125 0.464154 0.125000 0.056985
49 0.096875 0.539982 0.040000 0.072610
13 0.238437 0.539522 0.039375 0.071691
47 0.376875 0.539062 0.222500 0.070772
14 0.515000 0.537684 0.038750 0.069853
50 0.605938 0.538143 0.039375 0.070772
30 0.495000 0.364430 0.877500 0.451287
