47 0.387399 0.539391 0.230563 0.074580
1 0.147788 0.253151 0.040885 0.063025
11 0.654826 0.246849 0.041555 0.063025
33 0.480563 0.462185 0.042895 0.065126
55 0.340818 0.462185 0.042225 0.065126
52 0.118298 0.323004 0.052949 0.061975
31 0.550603 0.389706 0.043566 0.065126
16 0.293901 0.462710 0.042225 0.064076
9 0.515080 0.247899 0.042225 0.063025
23 0.317694 0.392332 0.041555 0.064076
18 0.527145 0.461660 0.043566 0.064076
50 0.621984 0.538866 0.042895 0.075630
21 0.260724 0.321954 0.041555 0.064076
5 0.330094 0.250000 0.040885 0.063025
34 0.621314 0.461660 0.044236 0.064076
19 0.271113 0.392332 0.042225 0.064076
6 0.375670 0.249475 0.040885 0.061975
10 0.180295 0.393382 0.041555 0.064076
42 0.306635 0.320903 0.040885 0.064076
28 0.457105 0.390231 0.042895 0.064076
36 0.538539 0.318277 0.043566 0.063025
17 0.107909 0.253151 0.030831 0.060924
51 0.352882 0.320378 0.040885 0.065126
7 0.422587 0.248424 0.040885 0.061975
30 0.526139 0.376576 0.898123 0.450630
29 0.503686 0.389706 0.043566 0.065126
4 0.283847 0.251050 0.040885 0.063025
38 0.585791 0.318803 0.042895 0.064076
12 0.644102 0.388655 0.042895 0.063025
37 0.597520 0.389181 0.043566 0.064076
57 0.247989 0.462710 0.041555 0.064076
3 0.238271 0.251050 0.040885 0.060924
0 0.561327 0.247374 0.043566 0.061975
54 0.632373 0.318803 0.043566 0.066176
53 0.445710 0.319328 0.041555 0.063025
44 0.112936 0.463235 0.046247 0.063025
39 0.679625 0.317752 0.042895 0.064076
2 0.192694 0.251576 0.040885 0.061975
26 0.693700 0.388655 0.046917 0.063025
25 0.410523 0.391282 0.042225 0.064076
15 0.386729 0.462710 0.042895 0.064076
45 0.123324 0.393908 0.065684 0.063025
14 0.527480 0.538866 0.042895 0.075630
59 0.399129 0.319853 0.040885 0.064076
32 0.156836 0.462710 0.040214 0.064076
24 0.363606 0.391807 0.042225 0.063025
8 0.468499 0.248424 0.041555 0.061975
13 0.247319 0.539916 0.041555 0.073529
40 0.574062 0.461134 0.043566 0.065126
35 0.433646 0.462185 0.042895 0.065126
48 0.608244 0.246324 0.040885 0.061975
41 0.168901 0.323004 0.042895 0.061975
58 0.202078 0.463235 0.040885 0.063025
27 0.491957 0.319853 0.041555 0.064076
49 0.109920 0.539391 0.042895 0.074580
43 0.225201 0.392332 0.041555 0.064076
20 0.728217 0.246849 0.094504 0.063025
56 0.215147 0.321429 0.041555 0.063025
22 0.743298 0.351891 0.065684 0.130252
46 0.712802 0.460609 0.129357 0.064076
