58 0.282227 0.481618 0.041016 0.054412
56 0.296875 0.356618 0.041016 0.054412
15 0.464355 0.483088 0.040039 0.054412
46 0.771973 0.480882 0.110352 0.055882
41 0.251953 0.356618 0.041016 0.054412
9 0.587402 0.297794 0.040039 0.051471
29 0.577637 0.419853 0.040039 0.054412
34 0.691895 0.482353 0.041992 0.055882
10 0.260742 0.419118 0.041016 0.055882
16 0.373047 0.481618 0.041016 0.054412
47 0.464844 0.550000 0.222656 0.061765
4 0.365234 0.297794 0.039062 0.054412
40 0.646484 0.483088 0.041016 0.054412
53 0.521484 0.358824 0.041016 0.052941
21 0.342285 0.358088 0.040039 0.054412
32 0.237305 0.480882 0.039062 0.055882
30 0.500000 0.410294 0.679688 0.379412
18 0.601074 0.483824 0.041992 0.055882
45 0.204590 0.417647 0.065430 0.055882
35 0.509766 0.483824 0.041016 0.055882
20 0.782715 0.297059 0.075195 0.050000
26 0.758789 0.419118 0.041016 0.055882
14 0.602539 0.550000 0.041016 0.064706
11 0.721191 0.297059 0.041992 0.052941
39 0.745117 0.358088 0.041016 0.054412
8 0.542969 0.298529 0.039062 0.050000
55 0.418457 0.482353 0.040039 0.052941
38 0.656250 0.358088 0.041016 0.054412
13 0.327148 0.548529 0.041016 0.064706
0 0.632324 0.298529 0.040039 0.050000
43 0.306152 0.419118 0.040039 0.055882
24 0.441895 0.419118 0.040039 0.052941
37 0.667969 0.419853 0.041016 0.054412
57 0.328125 0.481618 0.041016 0.054412
17 0.191406 0.296324 0.031250 0.054412
23 0.396973 0.419853 0.040039 0.054412
59 0.476074 0.358088 0.040039 0.051471
48 0.676270 0.298529 0.040039 0.050000
33 0.556152 0.483824 0.041992 0.058824
54 0.700195 0.358088 0.042969 0.054412
7 0.498535 0.297794 0.040039 0.051471
51 0.431641 0.358088 0.039062 0.051471
36 0.611328 0.358824 0.041016 0.052941
44 0.193359 0.480882 0.044922 0.055882
12 0.712891 0.419853 0.042969 0.054412
31 0.623047 0.419853 0.041016 0.054412
27 0.566406 0.358824 0.041016 0.052941
5 0.409668 0.298529 0.040039 0.052941
22 0.798828 0.388971 0.050781 0.113235
42 0.386230 0.357353 0.040039 0.052941
1 0.230469 0.296324 0.041016 0.051471
2 0.275879 0.296324 0.040039 0.051471
52 0.202148 0.356618 0.054688 0.054412
25 0.487305 0.419853 0.041016 0.054412
6 0.454102 0.297794 0.039062 0.051471
3 0.320312 0.297059 0.041016 0.052941
19 0.351074 0.419118 0.040039 0.055882
49 0.188477 0.547794 0.041016 0.066176
28 0.532227 0.419853 0.041016 0.054412
