47 0.393396 0.571189 0.216981 0.060302
30 0.501572 0.431323 0.818239 0.376884
22 0.719182 0.420436 0.047170 0.110553
46 0.689623 0.508794 0.107547 0.051089
17 0.122327 0.334171 0.028302 0.051926
1 0.160692 0.334171 0.039623 0.053601
2 0.205975 0.333752 0.040881 0.052764
3 0.250000 0.334590 0.039623 0.052764
4 0.294340 0.334590 0.040252 0.054439
5 0.338679 0.334590 0.039623 0.052764
6 0.382390 0.334590 0.038994 0.052764
7 0.426415 0.334590 0.038994 0.052764
8 0.469811 0.334590 0.038994 0.051089
9 0.514465 0.335008 0.040252 0.051926
0 0.558176 0.334171 0.039623 0.051926
48 0.601887 0.334590 0.038994 0.052764
11 0.645283 0.334171 0.038994 0.051926
20 0.706918 0.333752 0.074214 0.052764
52 0.133962 0.392797 0.050314 0.051926
41 0.183962 0.392379 0.039623 0.052764
56 0.228302 0.392797 0.040252 0.051926
21 0.272642 0.392797 0.039623 0.053601
42 0.316981 0.392797 0.040252 0.053601
51 0.360692 0.392797 0.040881 0.055276
59 0.404403 0.392797 0.038994 0.053601
53 0.448742 0.392797 0.039623 0.053601
27 0.492453 0.392797 0.040252 0.053601
36 0.536478 0.393216 0.040252 0.054439
38 0.579874 0.393216 0.040252 0.054439
54 0.623899 0.392797 0.040252 0.053601
39 0.667296 0.392797 0.040252 0.053601
45 0.139308 0.451424 0.061006 0.051926
10 0.195283 0.451424 0.039623 0.053601
43 0.239308 0.451424 0.040881 0.053601
19 0.283333 0.451843 0.039623 0.054439
23 0.327673 0.451424 0.041509 0.053601
24 0.371698 0.451424 0.040252 0.053601
25 0.415409 0.451424 0.040881 0.053601
28 0.459119 0.451005 0.038994 0.054439
29 0.503145 0.451424 0.041509 0.055276
31 0.547170 0.451424 0.041509 0.055276
37 0.590881 0.451424 0.040881 0.055276
12 0.634906 0.451005 0.040881 0.054439
26 0.680503 0.450586 0.044025 0.053601
44 0.131132 0.510469 0.044654 0.052764
32 0.173585 0.510469 0.037736 0.052764
58 0.216981 0.510888 0.040252 0.053601
57 0.261321 0.510888 0.040881 0.053601
16 0.305660 0.510469 0.042767 0.052764
55 0.350000 0.510469 0.040881 0.052764
15 0.394025 0.510469 0.040881 0.052764
35 0.437736 0.510469 0.040252 0.052764
33 0.481447 0.510469 0.040881 0.052764
18 0.525157 0.510469 0.040252 0.052764
40 0.569497 0.510050 0.040881 0.051926
34 0.612579 0.510050 0.041509 0.051926
49 0.128931 0.572864 0.040252 0.060302
13 0.261950 0.573283 0.040881 0.061139
14 0.522642 0.572027 0.035220 0.061977
50 0.598428 0.572027 0.035849 0.061977
