17 0.023490 0.218750 0.042506 0.071429
1 0.082215 0.218750 0.059284 0.074405
2 0.148210 0.217262 0.059284 0.074405
3 0.213647 0.218750 0.060403 0.077381
4 0.280201 0.218750 0.059284 0.074405
5 0.346756 0.218750 0.060403 0.074405
6 0.413311 0.218006 0.059284 0.072917
7 0.481544 0.218750 0.059284 0.074405
8 0.548098 0.218750 0.060403 0.074405
9 0.614653 0.218750 0.059284 0.077381
0 0.681767 0.218750 0.059284 0.074405
48 0.747204 0.218006 0.060403 0.075893
11 0.813199 0.217262 0.060403 0.074405
20 0.897092 0.218750 0.093960 0.074405
52 0.039709 0.301339 0.077181 0.075893
41 0.113535 0.301339 0.061521 0.075893
56 0.180089 0.300595 0.060403 0.074405
21 0.246644 0.302827 0.059284 0.075893
42 0.312081 0.301339 0.058166 0.075893
51 0.379754 0.302083 0.059284 0.077381
59 0.445749 0.301339 0.059284 0.075893
53 0.512864 0.302083 0.061521 0.077381
27 0.580537 0.301339 0.060403 0.075893
36 0.646532 0.300595 0.060403 0.077381
38 0.714206 0.301339 0.061521 0.075893
54 0.779642 0.302083 0.062640 0.077381
39 0.847315 0.301339 0.059284 0.075893
22 0.913870 0.344494 0.060403 0.162202
45 0.048098 0.385417 0.093960 0.074405
10 0.130313 0.384673 0.059284 0.075893
43 0.195749 0.384673 0.060403 0.075893
19 0.262304 0.384673 0.061521 0.078869
23 0.328859 0.384673 0.058166 0.075893
24 0.395414 0.384673 0.061521 0.075893
25 0.463647 0.384673 0.061521 0.078869
28 0.529642 0.384673 0.059284 0.075893
29 0.596756 0.384673 0.059284 0.075893
31 0.663870 0.384673 0.059284 0.078869
37 0.730425 0.385417 0.062640 0.077381
12 0.796980 0.384673 0.061521 0.075893
26 0.862416 0.385417 0.058166 0.077381
44 0.035235 0.467262 0.068233 0.077381
32 0.098993 0.467262 0.057047 0.077381
58 0.163870 0.468006 0.059284 0.075893
57 0.230425 0.467262 0.060403 0.077381
16 0.296421 0.468006 0.060403 0.078869
55 0.363535 0.466518 0.060403 0.075893
15 0.429530 0.468750 0.062640 0.077381
35 0.497204 0.468750 0.061521 0.077381
33 0.564877 0.469494 0.062640 0.078869
18 0.631432 0.467262 0.061521 0.074405
40 0.697987 0.468006 0.060403 0.078869
34 0.764541 0.467262 0.061521 0.077381
46 0.872483 0.468006 0.140940 0.078869
49 0.031320 0.555060 0.060403 0.086310
13 0.229306 0.555804 0.062640 0.084821
47 0.430649 0.555060 0.328859 0.086310
14 0.631991 0.555060 0.058166 0.080357
30 0.477629 0.365327 0.953020 0.522321
