21 0.287383 0.285211 0.046729 0.073944
33 0.541472 0.448063 0.047897 0.072183
6 0.419977 0.204225 0.045561 0.070423
25 0.459696 0.367077 0.047897 0.072183
56 0.234229 0.285211 0.045561 0.070423
54 0.709696 0.286092 0.045561 0.072183
30 0.466706 0.345951 0.779206 0.529930
19 0.300818 0.366197 0.045561 0.073944
53 0.498832 0.285211 0.046729 0.073944
32 0.170561 0.446303 0.046729 0.072183
2 0.210280 0.205106 0.046729 0.072183
12 0.723715 0.367958 0.047897 0.073944
22 0.814252 0.326585 0.046729 0.156690
41 0.182243 0.285211 0.046729 0.070423
46 0.782710 0.448063 0.112150 0.075704
0 0.632009 0.205106 0.046729 0.072183
43 0.247079 0.366197 0.045561 0.073944
38 0.657710 0.286092 0.046729 0.072183
52 0.125000 0.285211 0.058411 0.073944
26 0.776285 0.367077 0.045561 0.072183
27 0.552570 0.285211 0.046729 0.070423
18 0.594042 0.448063 0.047897 0.072183
7 0.473715 0.204225 0.045561 0.070423
3 0.261682 0.205106 0.046729 0.072183
1 0.157710 0.206866 0.046729 0.072183
14 0.595210 0.532570 0.047897 0.082746
40 0.646612 0.448063 0.047897 0.072183
51 0.393107 0.285211 0.045561 0.073944
16 0.328271 0.448063 0.046729 0.072183
9 0.579439 0.204225 0.046729 0.070423
4 0.314836 0.205106 0.045561 0.072183
29 0.566589 0.367077 0.046729 0.072183
23 0.353388 0.366197 0.045561 0.073944
58 0.222547 0.448063 0.047897 0.072183
24 0.406542 0.367077 0.046729 0.072183
42 0.340537 0.285211 0.045561 0.073944
28 0.512850 0.366197 0.046729 0.073944
37 0.672313 0.367077 0.045561 0.072183
20 0.800234 0.206866 0.070093 0.068662
39 0.762850 0.286972 0.046729 0.073944
47 0.435164 0.532570 0.262850 0.086268
48 0.683995 0.205106 0.045561 0.072183
17 0.112734 0.205986 0.031542 0.070423
10 0.195678 0.367077 0.045561 0.072183
35 0.487734 0.448063 0.047897 0.072183
59 0.445678 0.285211 0.045561 0.073944
45 0.132009 0.367077 0.070093 0.072183
15 0.433995 0.448063 0.047897 0.072183
34 0.699182 0.448063 0.047897 0.072183
8 0.526285 0.205106 0.045561 0.072183
36 0.605140 0.286092 0.046729 0.072183
11 0.736565 0.205986 0.045561 0.070423
57 0.275117 0.447183 0.047897 0.073944
13 0.275117 0.532570 0.047897 0.082746
44 0.121495 0.446303 0.051402 0.072183
31 0.619743 0.366197 0.045561 0.073944
55 0.381425 0.447183 0.047897 0.073944
5 0.367407 0.204225 0.045561 0.070423
49 0.119159 0.533451 0.049065 0.080986
