47 0.385333 0.539707 0.229333 0.074190
1 0.147000 0.254963 0.040667 0.062696
11 0.651333 0.248694 0.041333 0.062696
33 0.478000 0.462905 0.042667 0.064786
55 0.339000 0.462905 0.042000 0.064786
52 0.117667 0.324451 0.052667 0.061651
31 0.547667 0.390805 0.043333 0.064786
16 0.292333 0.463427 0.042000 0.063741
9 0.512333 0.249739 0.042000 0.062696
23 0.316000 0.393417 0.041333 0.063741
18 0.524333 0.462382 0.043333 0.063741
50 0.618667 0.539185 0.042667 0.075235
21 0.259333 0.323406 0.041333 0.063741
5 0.328333 0.251829 0.040667 0.062696
34 0.618000 0.462382 0.044000 0.063741
19 0.269667 0.393417 0.042000 0.063741
6 0.373667 0.251306 0.040667 0.061651
10 0.179333 0.394462 0.041333 0.063741
42 0.305000 0.322362 0.040667 0.063741
28 0.454667 0.391327 0.042667 0.063741
36 0.535667 0.319749 0.043333 0.062696
17 0.107333 0.254963 0.030667 0.060606
51 0.351000 0.321839 0.040667 0.064786
7 0.420333 0.250261 0.040667 0.061651
30 0.523333 0.377743 0.893333 0.448276
29 0.501000 0.390805 0.043333 0.064786
4 0.282333 0.252874 0.040667 0.062696
38 0.582667 0.320272 0.042667 0.063741
12 0.640667 0.389760 0.042667 0.062696
37 0.594333 0.390282 0.043333 0.063741
57 0.246667 0.463427 0.041333 0.063741
3 0.237000 0.252874 0.040667 0.060606
0 0.558333 0.249216 0.043333 0.061651
54 0.629000 0.320272 0.043333 0.065831
53 0.443333 0.320794 0.041333 0.062696
44 0.112333 0.463950 0.046000 0.062696
39 0.676000 0.319227 0.042667 0.063741
2 0.191667 0.253396 0.040667 0.061651
26 0.690000 0.389760 0.046667 0.062696
25 0.408333 0.392372 0.042000 0.063741
15 0.384667 0.463427 0.042667 0.063741
45 0.122667 0.394984 0.065333 0.062696
14 0.524667 0.539185 0.042667 0.075235
59 0.397000 0.321317 0.040667 0.063741
32 0.156000 0.463427 0.040000 0.063741
24 0.361667 0.392894 0.042000 0.062696
8 0.466000 0.250261 0.041333 0.061651
13 0.246000 0.540230 0.041333 0.073145
40 0.571000 0.461860 0.043333 0.064786
35 0.431333 0.462905 0.042667 0.064786
48 0.605000 0.248171 0.040667 0.061651
41 0.168000 0.324451 0.042667 0.061651
58 0.201000 0.463950 0.040667 0.062696
27 0.489333 0.321317 0.041333 0.063741
49 0.109333 0.539707 0.042667 0.074190
43 0.224000 0.393417 0.041333 0.063741
20 0.724333 0.248694 0.094000 0.062696
56 0.214000 0.322884 0.041333 0.062696
22 0.739333 0.353187 0.065333 0.129572
46 0.709000 0.461338 0.128667 0.063741
