17 0.044161 0.291193 0.029441 0.122159
1 0.087341 0.288352 0.039254 0.110795
2 0.136899 0.284091 0.042198 0.113636
3 0.186457 0.279830 0.041217 0.116477
4 0.236997 0.274148 0.040236 0.116477
5 0.286065 0.271307 0.040236 0.116477
6 0.337095 0.268466 0.040236 0.116477
7 0.386163 0.264205 0.040236 0.113636
8 0.434740 0.259943 0.039254 0.116477
9 0.484298 0.254261 0.040236 0.122159
0 0.534838 0.251420 0.041217 0.116477
48 0.583906 0.247159 0.039254 0.119318
11 0.633955 0.241477 0.041217 0.119318
20 0.712954 0.237216 0.103042 0.122159
52 0.056428 0.431818 0.053974 0.119318
41 0.111874 0.430398 0.041217 0.116477
56 0.161923 0.427557 0.041217 0.122159
21 0.211973 0.420455 0.041217 0.119318
42 0.262512 0.417614 0.042198 0.119318
59 0.362120 0.409091 0.041217 0.119318
51 0.313052 0.411932 0.039254 0.119318
53 0.412169 0.403409 0.041217 0.125000
27 0.461727 0.399148 0.040236 0.116477
36 0.511286 0.396307 0.041217 0.122159
38 0.560844 0.392045 0.040236 0.119318
54 0.610893 0.387784 0.040236 0.122159
39 0.659961 0.386364 0.040236 0.130682
22 0.736016 0.450284 0.058881 0.264205
45 0.062807 0.579545 0.064769 0.113636
10 0.123651 0.575284 0.041217 0.116477
43 0.174681 0.568182 0.041217 0.113636
19 0.225221 0.565341 0.040236 0.119318
23 0.275761 0.561080 0.043180 0.116477
24 0.326300 0.555398 0.040236 0.116477
25 0.375368 0.551136 0.040236 0.113636
28 0.425908 0.545455 0.041217 0.119318
29 0.476447 0.541193 0.042198 0.116477
31 0.526006 0.539773 0.041217 0.113636
37 0.576055 0.535511 0.039254 0.122159
12 0.624632 0.528409 0.040236 0.119318
26 0.677625 0.526989 0.048086 0.116477
44 0.052012 0.723011 0.045142 0.116477
32 0.099117 0.721591 0.039254 0.119318
58 0.148675 0.717330 0.042198 0.122159
57 0.199215 0.714489 0.041217 0.122159
16 0.250245 0.707386 0.041217 0.125000
55 0.300785 0.704545 0.040236 0.119318
15 0.351325 0.700284 0.041217 0.122159
35 0.401865 0.694602 0.040236 0.122159
33 0.451423 0.690341 0.043180 0.125000
18 0.501472 0.687500 0.041217 0.125000
40 0.551521 0.681818 0.041217 0.125000
34 0.602552 0.680398 0.043180 0.122159
46 0.699706 0.673295 0.137390 0.125000
49 0.048086 0.886364 0.041217 0.142045
13 0.199706 0.875000 0.040236 0.142045
47 0.351325 0.857955 0.247301 0.147727
14 0.503435 0.848011 0.043180 0.144886
50 0.607458 0.839489 0.047105 0.139205
30 0.499509 0.504261 0.947988 0.934659
