52 0.087582 0.409653 0.060033 0.136139
16 0.286184 0.719059 0.046053 0.136139
10 0.157072 0.563119 0.046053 0.136139
50 0.635691 0.888614 0.039474 0.163366
45 0.090461 0.565594 0.074013 0.131188
13 0.231086 0.889851 0.046053 0.160891
49 0.072368 0.894802 0.047697 0.160891
34 0.652549 0.716584 0.046875 0.136139
38 0.611431 0.403465 0.046875 0.138614
47 0.388980 0.891089 0.256579 0.168317
55 0.338405 0.716584 0.045230 0.136139
27 0.507812 0.403465 0.046875 0.133663
53 0.456414 0.403465 0.046053 0.133663
3 0.225740 0.253713 0.046875 0.136139
59 0.404605 0.405941 0.044408 0.133663
19 0.261102 0.561881 0.045230 0.133663
0 0.585115 0.248762 0.046875 0.141089
5 0.328536 0.252475 0.045230 0.133663
31 0.572780 0.558168 0.046875 0.136139
15 0.389803 0.716584 0.046053 0.136139
54 0.664062 0.402228 0.046875 0.141089
43 0.208470 0.564356 0.046875 0.138614
39 0.715872 0.402228 0.046875 0.141089
4 0.277138 0.253713 0.046053 0.136139
8 0.481908 0.252475 0.044408 0.138614
6 0.379523 0.251238 0.045230 0.141089
21 0.250411 0.408416 0.046875 0.138614
42 0.300987 0.407178 0.047697 0.141089
11 0.689967 0.247525 0.046053 0.138614
2 0.174342 0.256188 0.046053 0.136139
1 0.122533 0.256188 0.046053 0.136139
25 0.416941 0.559406 0.046053 0.133663
14 0.543997 0.887376 0.038651 0.160891
23 0.312500 0.560644 0.046053 0.136139
26 0.733141 0.556931 0.053454 0.138614
17 0.076891 0.257426 0.033717 0.138614
58 0.181332 0.721535 0.045230 0.136139
12 0.677632 0.558168 0.046053 0.136139
51 0.353618 0.405941 0.046053 0.133663
32 0.129112 0.722772 0.044408 0.138614
24 0.364720 0.559406 0.045230 0.133663
20 0.761924 0.242574 0.086349 0.133663
48 0.637336 0.250000 0.046053 0.138614
57 0.232730 0.719059 0.046053 0.136139
29 0.520970 0.558168 0.046875 0.141089
33 0.495477 0.716584 0.045230 0.136139
28 0.468750 0.558168 0.046053 0.136139
36 0.559622 0.403465 0.046875 0.133663
22 0.776727 0.481436 0.061678 0.289604
46 0.745888 0.712871 0.126645 0.133663
7 0.431332 0.252475 0.046875 0.143564
37 0.625000 0.558168 0.046053 0.136139
35 0.442434 0.716584 0.046053 0.136139
40 0.599507 0.715347 0.046053 0.133663
41 0.146382 0.412129 0.046053 0.136139
56 0.197780 0.409653 0.048520 0.141089
44 0.078947 0.725248 0.054276 0.133663
9 0.534128 0.248762 0.045230 0.136139
18 0.546875 0.716584 0.046053 0.136139
30 0.522204 0.523515 0.957237 0.957921
