17 0.059444 0.241228 0.038889 0.137427
1 0.110000 0.244152 0.055556 0.137427
2 0.167778 0.245614 0.053333 0.134503
3 0.226111 0.242690 0.054444 0.134503
4 0.284444 0.242690 0.053333 0.134503
5 0.343333 0.244152 0.055556 0.137427
6 0.402222 0.247076 0.053333 0.137427
7 0.461667 0.247076 0.054444 0.143275
8 0.521111 0.247076 0.053333 0.143275
9 0.581111 0.245614 0.053333 0.140351
0 0.640000 0.244152 0.053333 0.137427
48 0.698333 0.244152 0.052222 0.137427
11 0.758889 0.245614 0.053333 0.140351
20 0.847222 0.247076 0.112222 0.137427
52 0.073889 0.391813 0.067778 0.140351
41 0.139444 0.394737 0.054444 0.140351
56 0.198333 0.388889 0.056667 0.140351
21 0.256111 0.391813 0.054444 0.146199
42 0.315000 0.391813 0.054444 0.134503
51 0.373333 0.390351 0.053333 0.125731
59 0.431667 0.393275 0.054444 0.131579
53 0.492222 0.393275 0.053333 0.131579
27 0.551667 0.393275 0.056667 0.131579
36 0.610556 0.393275 0.054444 0.131579
38 0.669444 0.396199 0.054444 0.137427
54 0.728889 0.396199 0.053333 0.143275
22 0.867222 0.473684 0.072222 0.292398
39 0.788333 0.396199 0.052222 0.131579
45 0.081111 0.540936 0.082222 0.134503
10 0.153889 0.538012 0.052222 0.128655
43 0.212778 0.540936 0.052222 0.134503
19 0.269444 0.542398 0.050000 0.125731
23 0.328333 0.545322 0.050000 0.131579
24 0.388333 0.546784 0.050000 0.128655
28 0.505556 0.548246 0.053333 0.131579
25 0.447222 0.549708 0.052222 0.128655
29 0.565000 0.548246 0.052222 0.131579
31 0.624444 0.546784 0.055556 0.134503
37 0.684444 0.548246 0.053333 0.137427
12 0.744444 0.548246 0.053333 0.137427
26 0.802222 0.546784 0.051111 0.140351
44 0.067222 0.687135 0.052222 0.134503
32 0.125000 0.691520 0.050000 0.137427
58 0.183333 0.691520 0.051111 0.137427
57 0.241667 0.694444 0.052222 0.137427
16 0.300556 0.692982 0.054444 0.134503
55 0.360000 0.694444 0.053333 0.137427
15 0.417778 0.692982 0.053333 0.134503
35 0.475556 0.695906 0.051111 0.134503
33 0.536111 0.697368 0.054444 0.131579
18 0.594444 0.698830 0.051111 0.134503
40 0.653333 0.698830 0.053333 0.128655
34 0.713333 0.698830 0.053333 0.128655
46 0.824444 0.694444 0.157778 0.137427
49 0.066111 0.845029 0.052222 0.157895
13 0.242222 0.853801 0.053333 0.157895
47 0.440000 0.856725 0.331111 0.163743
14 0.640000 0.858187 0.055556 0.154971
50 0.758889 0.861111 0.055556 0.154971
30 0.501667 0.492690 0.927778 0.909357
