22 0.613347 0.433898 0.042373 0.108475
18 0.447564 0.522881 0.034958 0.052542
53 0.380826 0.406780 0.032839 0.050847
45 0.114936 0.461017 0.051907 0.050847
12 0.542903 0.463559 0.034958 0.052542
7 0.362288 0.350000 0.033898 0.049153
8 0.399364 0.350000 0.031780 0.049153
55 0.293432 0.522034 0.033898 0.050847
56 0.192267 0.404237 0.032839 0.049153
21 0.229873 0.405085 0.033898 0.050847
41 0.155191 0.404237 0.032839 0.049153
35 0.369703 0.522881 0.033898 0.052542
26 0.583157 0.463559 0.039195 0.052542
50 0.513242 0.587288 0.030720 0.062712
27 0.418432 0.405932 0.033898 0.052542
15 0.331568 0.522881 0.036017 0.052542
37 0.504767 0.463559 0.034958 0.052542
43 0.198093 0.461864 0.033898 0.052542
2 0.175847 0.350000 0.031780 0.049153
25 0.351165 0.463559 0.034958 0.052542
51 0.304555 0.405085 0.032839 0.050847
58 0.177966 0.521186 0.033898 0.052542
44 0.103814 0.519492 0.038136 0.052542
24 0.312500 0.463559 0.033898 0.052542
36 0.456568 0.406780 0.033898 0.050847
14 0.444915 0.587288 0.029661 0.062712
9 0.436970 0.350000 0.032839 0.049153
29 0.427966 0.464407 0.033898 0.054237
3 0.212924 0.350000 0.031780 0.049153
6 0.324682 0.350000 0.032839 0.049153
16 0.254237 0.521186 0.033898 0.052542
28 0.389301 0.463559 0.034958 0.052542
47 0.329979 0.584746 0.189619 0.061017
11 0.549788 0.350000 0.031780 0.049153
34 0.524364 0.522881 0.036017 0.052542
13 0.213453 0.585593 0.034958 0.059322
30 0.427966 0.451695 0.716102 0.367797
10 0.161017 0.461864 0.033898 0.052542
20 0.600636 0.350000 0.061441 0.049153
32 0.140360 0.520339 0.032839 0.050847
57 0.215572 0.521186 0.034958 0.052542
49 0.098517 0.583051 0.036017 0.061017
1 0.138771 0.349153 0.031780 0.047458
17 0.107521 0.348305 0.024364 0.049153
5 0.287606 0.349153 0.032839 0.047458
31 0.465572 0.463559 0.034958 0.052542
42 0.267479 0.405085 0.032839 0.050847
0 0.474576 0.350000 0.031780 0.049153
54 0.531780 0.406780 0.033898 0.050847
4 0.250000 0.349153 0.031780 0.050847
33 0.408369 0.522881 0.034958 0.052542
48 0.512182 0.350000 0.032839 0.049153
46 0.592691 0.522881 0.094280 0.052542
52 0.112818 0.403390 0.043432 0.050847
19 0.236758 0.461864 0.034958 0.052542
23 0.274364 0.463559 0.033898 0.052542
40 0.486229 0.522881 0.036017 0.052542
38 0.494703 0.406780 0.031780 0.050847
39 0.569915 0.405932 0.033898 0.052542
59 0.342691 0.405932 0.032839 0.052542
