17 0.268229 0.276730 0.078125 0.088050
1 0.335417 0.245283 0.104167 0.094340
2 0.414062 0.207547 0.098958 0.094340
3 0.487500 0.173742 0.097917 0.092767
4 0.557813 0.139151 0.098958 0.092767
5 0.626563 0.102201 0.094792 0.088050
6 0.690625 0.071541 0.093750 0.086478
7 0.757292 0.039308 0.093750 0.075472
8 0.816667 0.022799 0.093750 0.042453
52 0.340625 0.340409 0.127083 0.111635
41 0.429167 0.296384 0.100000 0.099057
56 0.506250 0.262579 0.097917 0.091195
21 0.576562 0.218553 0.101042 0.094340
42 0.645833 0.185535 0.095833 0.088050
51 0.715625 0.150157 0.091667 0.095912
59 0.780208 0.113994 0.091667 0.086478
53 0.842708 0.079403 0.087500 0.086478
27 0.902604 0.047170 0.088542 0.084906
36 0.957292 0.029874 0.077083 0.056604
45 0.406250 0.411950 0.147917 0.132075
10 0.501563 0.362421 0.094792 0.086478
43 0.578646 0.320755 0.101042 0.100629
19 0.650521 0.283019 0.096875 0.094340
23 0.720313 0.241352 0.096875 0.092767
24 0.785937 0.204403 0.096875 0.094340
25 0.852604 0.168239 0.092708 0.091195
28 0.915104 0.132075 0.092708 0.091195
29 0.960938 0.095912 0.069792 0.094340
44 0.446354 0.498428 0.126042 0.110063
32 0.523438 0.458333 0.107292 0.105346
58 0.599479 0.412736 0.105208 0.105346
57 0.673958 0.371855 0.108333 0.105346
16 0.745313 0.330975 0.101042 0.102201
55 0.813542 0.292453 0.100000 0.103774
15 0.880208 0.256289 0.102083 0.103774
35 0.943750 0.213836 0.095833 0.097484
49 0.502604 0.588836 0.130208 0.130503
13 0.736458 0.451258 0.118750 0.122642
30 0.594271 0.327044 0.805208 0.650943
47 0.877083 0.346698 0.239583 0.240566
