17 0.088300 0.225000 0.041943 0.070588
1 0.146247 0.225000 0.058499 0.073529
2 0.211369 0.223529 0.058499 0.073529
3 0.275938 0.225000 0.059603 0.076471
4 0.341611 0.225000 0.058499 0.073529
5 0.407285 0.225000 0.059603 0.073529
6 0.472958 0.224265 0.058499 0.072059
7 0.540287 0.225000 0.058499 0.073529
8 0.605960 0.225000 0.059603 0.073529
9 0.671634 0.225000 0.058499 0.076471
0 0.737859 0.225000 0.058499 0.073529
48 0.802428 0.224265 0.059603 0.075000
11 0.867550 0.223529 0.059603 0.073529
20 0.950331 0.225000 0.092715 0.073529
52 0.103753 0.306618 0.077263 0.075000
41 0.177152 0.306618 0.060706 0.075000
56 0.242826 0.305882 0.059603 0.073529
21 0.308499 0.308088 0.058499 0.075000
42 0.373068 0.306618 0.057395 0.075000
51 0.439845 0.307353 0.058499 0.076471
59 0.504967 0.306618 0.058499 0.075000
53 0.571192 0.307353 0.060706 0.076471
27 0.637969 0.306618 0.059603 0.075000
36 0.703091 0.305882 0.059603 0.076471
38 0.769868 0.306618 0.060706 0.075000
54 0.834437 0.307353 0.061810 0.076471
39 0.901214 0.306618 0.058499 0.075000
22 0.966887 0.349265 0.059603 0.160294
45 0.112031 0.389706 0.093819 0.073529
10 0.193709 0.388971 0.058499 0.075000
43 0.258278 0.388971 0.059603 0.075000
19 0.323951 0.388971 0.060706 0.077941
23 0.389625 0.388971 0.057395 0.075000
24 0.455298 0.388971 0.060706 0.075000
25 0.522627 0.388971 0.060706 0.077941
28 0.587748 0.388971 0.058499 0.075000
29 0.653974 0.388971 0.058499 0.075000
31 0.720199 0.388971 0.058499 0.077941
37 0.785872 0.389706 0.061810 0.076471
12 0.851545 0.388971 0.060706 0.075000
26 0.916115 0.389706 0.057395 0.076471
44 0.099338 0.470588 0.068433 0.076471
32 0.162804 0.470588 0.056291 0.076471
58 0.226821 0.471324 0.058499 0.075000
57 0.292494 0.470588 0.059603 0.076471
16 0.357616 0.471324 0.059603 0.077941
55 0.423841 0.469853 0.059603 0.075000
15 0.488962 0.472059 0.061810 0.076471
35 0.555740 0.472059 0.060706 0.076471
33 0.622517 0.472794 0.061810 0.077941
18 0.688190 0.470588 0.060706 0.073529
40 0.753863 0.471324 0.059603 0.077941
34 0.819536 0.470588 0.060706 0.076471
46 0.926049 0.471324 0.139073 0.077941
49 0.095475 0.557353 0.060706 0.085294
13 0.291391 0.558088 0.061810 0.083824
47 0.490066 0.557353 0.324503 0.085294
14 0.688742 0.557353 0.057395 0.079412
30 0.525386 0.369853 0.951435 0.516176
