47 0.468354 0.535311 0.270042 0.070621
53 0.516878 0.329096 0.046414 0.059322
59 0.464135 0.329096 0.046414 0.059322
27 0.571730 0.330508 0.050633 0.062147
32 0.180380 0.463277 0.048523 0.062147
23 0.370253 0.394068 0.048523 0.059322
56 0.250000 0.327684 0.048523 0.056497
54 0.729958 0.330508 0.046414 0.062147
45 0.141350 0.394068 0.075949 0.059322
10 0.207806 0.394068 0.048523 0.059322
26 0.800633 0.396893 0.052743 0.059322
36 0.623418 0.329096 0.048523 0.059322
25 0.477848 0.394068 0.048523 0.059322
43 0.262658 0.394068 0.048523 0.059322
3 0.278481 0.262712 0.046414 0.056497
19 0.315401 0.394068 0.048523 0.059322
8 0.544304 0.264124 0.046414 0.059322
37 0.693038 0.394068 0.048523 0.059322
13 0.300633 0.535311 0.052743 0.070621
11 0.755274 0.265537 0.046414 0.056497
51 0.410338 0.329096 0.048523 0.059322
7 0.490506 0.262712 0.044304 0.056497
38 0.677215 0.329096 0.046414 0.059322
49 0.127637 0.533898 0.052743 0.067797
8 0.597046 0.264124 0.046414 0.059322
28 0.531646 0.396893 0.046414 0.059322
57 0.287975 0.460452 0.048523 0.062147
39 0.782700 0.330508 0.046414 0.056497
12 0.745781 0.395480 0.048523 0.056497
42 0.356540 0.329096 0.046414 0.059322
44 0.128692 0.461864 0.054852 0.064972
2 0.225738 0.262712 0.046414 0.056497
35 0.505274 0.463277 0.048523 0.062147
52 0.137131 0.326271 0.059072 0.059322
33 0.560127 0.463277 0.048523 0.062147
0 0.648734 0.265537 0.048523 0.056497
48 0.702532 0.265537 0.046414 0.056497
16 0.342827 0.460452 0.048523 0.062147
15 0.452532 0.461864 0.048523 0.059322
40 0.668776 0.464689 0.050633 0.064972
5 0.383966 0.262712 0.046414 0.056497
41 0.196203 0.326271 0.046414 0.059322
20 0.830169 0.265537 0.094937 0.056497
18 0.614979 0.464689 0.048523 0.064972
34 0.722574 0.464689 0.048523 0.064972
14 0.635021 0.536723 0.059072 0.073446
31 0.639241 0.395480 0.046414 0.056497
24 0.424051 0.394068 0.046414 0.059322
55 0.397679 0.460452 0.048523 0.062147
30 0.495781 0.378531 0.827004 0.412429
4 0.331224 0.262712 0.046414 0.056497
21 0.302743 0.327684 0.048523 0.056497
6 0.437764 0.262712 0.044304 0.056497
1 0.172996 0.262712 0.046414 0.056497
17 0.128692 0.262712 0.033755 0.056497
58 0.235232 0.459040 0.048523 0.059322
22 0.848101 0.364407 0.067511 0.118644
29 0.586498 0.396893 0.050633 0.059322
46 0.819620 0.463277 0.137131 0.062147
