22 0.641988 0.410714 0.040568 0.103896
18 0.483266 0.495942 0.033469 0.050325
53 0.419371 0.384740 0.031440 0.048701
45 0.164807 0.436688 0.049696 0.048701
12 0.574544 0.439123 0.033469 0.050325
7 0.401623 0.330357 0.032454 0.047078
8 0.437120 0.330357 0.030426 0.047078
55 0.335700 0.495130 0.032454 0.048701
56 0.238844 0.382305 0.031440 0.047078
21 0.274848 0.383117 0.032454 0.048701
41 0.203347 0.382305 0.031440 0.047078
35 0.408722 0.495942 0.032454 0.050325
26 0.613083 0.439123 0.037525 0.050325
50 0.546146 0.557630 0.029412 0.060065
27 0.455375 0.383929 0.032454 0.050325
15 0.372211 0.495942 0.034483 0.050325
37 0.538032 0.439123 0.033469 0.050325
43 0.244422 0.437500 0.032454 0.050325
2 0.223124 0.330357 0.030426 0.047078
25 0.390974 0.439123 0.033469 0.050325
51 0.346349 0.383117 0.031440 0.048701
58 0.225152 0.494318 0.032454 0.050325
44 0.154158 0.492695 0.036511 0.050325
24 0.353955 0.439123 0.032454 0.050325
36 0.491886 0.384740 0.032454 0.048701
14 0.480730 0.557630 0.028398 0.060065
9 0.473124 0.330357 0.031440 0.047078
29 0.464503 0.439935 0.032454 0.051948
3 0.258621 0.330357 0.030426 0.047078
6 0.365619 0.330357 0.031440 0.047078
16 0.298174 0.494318 0.032454 0.050325
28 0.427485 0.439123 0.033469 0.050325
47 0.370690 0.555195 0.181542 0.058442
11 0.581136 0.330357 0.030426 0.047078
34 0.556795 0.495942 0.034483 0.050325
13 0.259128 0.556006 0.033469 0.056818
30 0.464503 0.427760 0.685598 0.352273
10 0.208925 0.437500 0.032454 0.050325
20 0.629817 0.330357 0.058824 0.047078
32 0.189148 0.493506 0.031440 0.048701
57 0.261156 0.494318 0.033469 0.050325
49 0.149087 0.553571 0.034483 0.058442
1 0.187627 0.329545 0.030426 0.045455
17 0.157708 0.328734 0.023327 0.047078
5 0.330122 0.329545 0.031440 0.045455
31 0.500507 0.439123 0.033469 0.050325
42 0.310852 0.383117 0.031440 0.048701
0 0.509128 0.330357 0.030426 0.047078
54 0.563895 0.384740 0.032454 0.048701
4 0.294118 0.329545 0.030426 0.048701
33 0.445740 0.495942 0.033469 0.050325
48 0.545132 0.330357 0.031440 0.047078
46 0.622211 0.495942 0.090264 0.050325
52 0.162779 0.381494 0.041582 0.048701
19 0.281440 0.437500 0.033469 0.050325
23 0.317444 0.439123 0.032454 0.050325
40 0.520284 0.495942 0.034483 0.050325
38 0.528398 0.384740 0.030426 0.048701
39 0.600406 0.383929 0.032454 0.050325
59 0.382860 0.383929 0.031440 0.050325
