34 0.593956 0.398827 0.045055 0.057185
18 0.491758 0.399927 0.043956 0.060850
25 0.365934 0.333578 0.042857 0.055718
31 0.516758 0.335044 0.043407 0.058651
26 0.667033 0.335777 0.043956 0.060117
4 0.232418 0.211510 0.042857 0.056452
19 0.213736 0.333944 0.043956 0.056452
59 0.354396 0.271261 0.041758 0.055718
42 0.254670 0.270894 0.043407 0.054985
21 0.204945 0.271261 0.043956 0.055718
44 0.026374 0.398460 0.051648 0.056452
37 0.566484 0.335044 0.046154 0.058651
8 0.428297 0.212977 0.043407 0.057918
55 0.287637 0.398094 0.042308 0.057185
22 0.717308 0.303519 0.073077 0.120235
14 0.518407 0.464076 0.046703 0.061584
38 0.551648 0.272727 0.043956 0.057185
6 0.330769 0.211510 0.043956 0.056452
7 0.379670 0.211144 0.042857 0.055718
16 0.235714 0.398460 0.046154 0.057918
57 0.185165 0.397727 0.041758 0.054985
9 0.477198 0.213343 0.044505 0.058651
1 0.085989 0.212977 0.045604 0.059384
29 0.466758 0.334677 0.043407 0.056452
28 0.416484 0.336144 0.042857 0.059384
24 0.314835 0.332845 0.043956 0.055718
17 0.035714 0.211510 0.043956 0.053519
27 0.453022 0.272361 0.041209 0.053519
13 0.200824 0.465909 0.058791 0.062317
30 0.493407 0.346774 0.985714 0.416422
46 0.689286 0.399194 0.136813 0.059384
2 0.135714 0.212243 0.046154 0.056452
52 0.042308 0.271261 0.069231 0.051320
15 0.339286 0.398094 0.045604 0.060117
53 0.403846 0.273094 0.043956 0.056452
32 0.082692 0.398827 0.044505 0.060117
39 0.650549 0.272727 0.045055 0.060117
36 0.502198 0.272727 0.043956 0.055718
33 0.442308 0.400660 0.046154 0.062317
48 0.573901 0.213710 0.043407 0.056452
49 0.032692 0.467375 0.064286 0.062317
43 0.163187 0.334677 0.043956 0.057918
5 0.281593 0.211510 0.043407 0.056452
10 0.113187 0.334311 0.045055 0.057185
3 0.184615 0.211510 0.046154 0.056452
11 0.623352 0.214443 0.043407 0.057918
45 0.045604 0.335411 0.090110 0.060850
58 0.133791 0.398460 0.044505 0.056452
47 0.363462 0.467009 0.253297 0.065982
0 0.526099 0.212977 0.045604 0.056452
12 0.617857 0.335044 0.045604 0.060117
35 0.390385 0.399194 0.044505 0.060850
56 0.155769 0.272361 0.044505 0.056452
54 0.600549 0.273827 0.046154 0.060850
41 0.105495 0.272361 0.047253 0.056452
20 0.695055 0.214076 0.092308 0.055718
50 0.580495 0.468842 0.062088 0.062317
40 0.542308 0.399560 0.043956 0.058651
51 0.304396 0.270161 0.041758 0.053519
23 0.264835 0.333944 0.041758 0.054985
