53 0.572351 0.023256 0.067183 0.042636
54 0.858527 0.023256 0.068475 0.042636
41 0.139535 0.023256 0.069767 0.042636
17 0.036176 0.019380 0.069767 0.034884
43 0.220930 0.072674 0.069767 0.087209
35 0.554264 0.167636 0.069767 0.091085
4 0.322351 0.020349 0.065891 0.036822
22 0.982558 0.062016 0.037468 0.120155
46 0.945090 0.170543 0.112403 0.093023
56 0.211240 0.023256 0.068475 0.042636
20 0.961240 0.023256 0.080103 0.042636
58 0.180879 0.164729 0.069767 0.089147
3 0.250646 0.020349 0.067183 0.036822
47 0.480620 0.263566 0.377261 0.096899
19 0.295220 0.072674 0.068475 0.087209
31 0.735142 0.076550 0.067183 0.087209
25 0.515504 0.073643 0.067183 0.085271
28 0.588501 0.074612 0.068475 0.087209
16 0.329457 0.165698 0.069767 0.091085
45 0.056202 0.069767 0.109819 0.093023
39 0.930233 0.022287 0.067183 0.040698
32 0.105943 0.164729 0.072351 0.089147
37 0.807494 0.077519 0.069767 0.085271
10 0.147933 0.071705 0.068475 0.085271
48 0.815891 0.022287 0.068475 0.040698
50 0.802972 0.266473 0.117571 0.091085
8 0.605943 0.021318 0.067183 0.038760
44 0.033592 0.163760 0.064599 0.091085
9 0.676357 0.022287 0.065891 0.040698
11 0.886951 0.022287 0.065891 0.040698
34 0.850129 0.170543 0.072351 0.089147
29 0.662145 0.075581 0.068475 0.085271
18 0.702196 0.168605 0.071059 0.089147
26 0.952196 0.079457 0.069767 0.085271
38 0.787468 0.022287 0.068475 0.040698
24 0.441860 0.073643 0.067183 0.085271
1 0.111111 0.020349 0.067183 0.036822
12 0.880491 0.077519 0.071059 0.085271
52 0.051034 0.023256 0.099483 0.042636
51 0.428295 0.023256 0.065891 0.042636
30 0.501292 0.197674 1.000000 0.391473
49 0.031654 0.263566 0.060724 0.093023
27 0.644057 0.022287 0.065891 0.040698
42 0.356589 0.023256 0.067183 0.042636
40 0.776486 0.169574 0.072351 0.087209
0 0.746770 0.022287 0.067183 0.040698
6 0.463824 0.021318 0.067183 0.038760
57 0.255168 0.165698 0.071059 0.091085
15 0.478682 0.166667 0.071059 0.089147
5 0.392765 0.021318 0.067183 0.038760
14 0.706072 0.266473 0.073643 0.091085
55 0.405039 0.167636 0.068475 0.091085
36 0.715116 0.023256 0.068475 0.042636
33 0.628553 0.167636 0.071059 0.091085
23 0.368863 0.072674 0.068475 0.087209
21 0.284238 0.023256 0.067183 0.042636
7 0.535530 0.021318 0.065891 0.038760
2 0.180879 0.020349 0.067183 0.036822
59 0.500646 0.023256 0.065891 0.042636
13 0.251938 0.263566 0.072351 0.093023
