7 0.517188 0.250000 0.050625 0.070000
1 0.177500 0.251667 0.050000 0.068333
28 0.556562 0.399583 0.050625 0.069167
52 0.126562 0.327500 0.094375 0.068333
57 0.301875 0.477500 0.050000 0.068333
41 0.205000 0.327083 0.052500 0.069167
11 0.801250 0.247083 0.051250 0.069167
30 0.502188 0.401250 0.863125 0.495833
16 0.358750 0.476667 0.051250 0.068333
8 0.573125 0.249167 0.052500 0.071667
34 0.756563 0.474583 0.053125 0.067500
15 0.471875 0.475833 0.050000 0.068333
38 0.716250 0.323333 0.052500 0.070000
58 0.244375 0.477917 0.050000 0.067500
10 0.215938 0.401667 0.050625 0.068333
48 0.744062 0.248333 0.054375 0.071667
9 0.630313 0.248750 0.053125 0.070833
37 0.727812 0.398750 0.053125 0.070833
26 0.841562 0.397917 0.051875 0.067500
35 0.528438 0.475833 0.050625 0.068333
25 0.499688 0.400833 0.050625 0.068333
36 0.659062 0.323750 0.053125 0.069167
12 0.785312 0.398750 0.051875 0.067500
2 0.234375 0.250833 0.051250 0.070000
42 0.375937 0.325833 0.050625 0.068333
32 0.188438 0.477917 0.050625 0.067500
4 0.346875 0.250417 0.051250 0.069167
49 0.117500 0.555417 0.080000 0.067500
54 0.773750 0.323333 0.052500 0.070000
33 0.585000 0.475417 0.053750 0.070833
3 0.290312 0.250417 0.051875 0.069167
6 0.460938 0.250417 0.051875 0.069167
47 0.473125 0.552917 0.280000 0.067500
31 0.670000 0.398750 0.051250 0.070833
53 0.545625 0.325000 0.051250 0.068333
23 0.387188 0.400833 0.050625 0.066667
5 0.404062 0.250417 0.051875 0.069167
51 0.432500 0.325000 0.050000 0.068333
56 0.262188 0.327083 0.050625 0.069167
40 0.698750 0.473750 0.052500 0.069167
13 0.301875 0.552917 0.051250 0.069167
20 0.879687 0.246250 0.093125 0.067500
14 0.641563 0.551250 0.053125 0.069167
0 0.687187 0.248333 0.053125 0.070000
55 0.415312 0.475833 0.049375 0.068333
39 0.830937 0.322083 0.051875 0.067500
43 0.273125 0.402083 0.051250 0.069167
46 0.859375 0.473750 0.143750 0.067500
50 0.715625 0.550417 0.086250 0.067500
19 0.330313 0.401667 0.050625 0.068333
27 0.602187 0.323750 0.051875 0.069167
24 0.443125 0.401250 0.051250 0.067500
45 0.131875 0.402917 0.103750 0.067500
18 0.641875 0.474167 0.052500 0.070000
21 0.318750 0.327500 0.051250 0.070000
59 0.489063 0.325417 0.049375 0.067500
17 0.112812 0.252917 0.065625 0.065833
44 0.117500 0.478750 0.077500 0.067500
29 0.612812 0.399167 0.050625 0.070000
22 0.895625 0.361250 0.067500 0.147500
