34 0.638184 0.445964 0.040039 0.050781
18 0.547363 0.446940 0.039062 0.054036
25 0.435547 0.388021 0.038086 0.049479
31 0.569580 0.389323 0.038574 0.052083
26 0.703125 0.389974 0.039062 0.053385
4 0.316895 0.279622 0.038086 0.050130
19 0.300293 0.388346 0.039062 0.050130
59 0.425293 0.332682 0.037109 0.049479
42 0.336670 0.332357 0.038574 0.048828
21 0.292480 0.332682 0.039062 0.049479
44 0.131104 0.446289 0.052246 0.050130
37 0.613770 0.389323 0.041016 0.052083
8 0.490967 0.280924 0.038574 0.051432
55 0.365967 0.445312 0.037598 0.050781
22 0.747803 0.361328 0.064941 0.106771
14 0.571045 0.503906 0.041504 0.054688
38 0.600586 0.333984 0.039062 0.050781
6 0.404297 0.279622 0.039062 0.050130
7 0.447754 0.279297 0.038086 0.049479
16 0.319824 0.445638 0.041016 0.051432
57 0.274902 0.444987 0.037109 0.048828
9 0.534424 0.281250 0.039551 0.052083
1 0.186768 0.280924 0.040527 0.052734
29 0.525146 0.388997 0.038574 0.050130
28 0.480469 0.390299 0.038086 0.052734
24 0.390137 0.387370 0.039062 0.049479
17 0.142090 0.279622 0.039062 0.047526
27 0.512939 0.333659 0.036621 0.047526
13 0.288818 0.505534 0.052246 0.055339
30 0.511963 0.399740 0.950684 0.369792
46 0.722900 0.446289 0.121582 0.052734
2 0.230957 0.280273 0.041016 0.050130
52 0.147949 0.332682 0.061523 0.045573
15 0.411865 0.445312 0.040527 0.053385
53 0.469238 0.334310 0.039062 0.050130
32 0.183838 0.445964 0.039551 0.053385
39 0.688477 0.333984 0.040039 0.053385
36 0.556641 0.333984 0.039062 0.049479
33 0.503418 0.447591 0.041016 0.055339
48 0.620361 0.281576 0.038574 0.050130
49 0.132324 0.507487 0.071289 0.055339
43 0.255371 0.388997 0.039062 0.051432
5 0.360596 0.279622 0.038574 0.050130
10 0.210938 0.388672 0.040039 0.050781
3 0.274414 0.279622 0.041016 0.050130
11 0.664307 0.282227 0.038574 0.051432
45 0.150635 0.390299 0.081543 0.054036
58 0.229248 0.445638 0.039551 0.050130
47 0.433350 0.506510 0.225098 0.058594
0 0.577881 0.280924 0.040527 0.050130
12 0.659424 0.389323 0.040527 0.053385
35 0.457275 0.446289 0.039551 0.054036
56 0.248779 0.333659 0.039551 0.050130
54 0.644043 0.334961 0.041016 0.054036
41 0.204102 0.333659 0.041992 0.050130
20 0.728027 0.281901 0.082031 0.049479
50 0.626221 0.508138 0.055176 0.055339
40 0.592285 0.446615 0.039062 0.052083
51 0.380859 0.331706 0.037109 0.047526
23 0.345703 0.388346 0.037109 0.048828
