46 0.904930 0.663534 0.184507 0.075188
38 0.711268 0.484023 0.047887 0.065789
7 0.478169 0.402256 0.049296 0.067669
12 0.802113 0.571429 0.049296 0.071429
25 0.457042 0.572368 0.052113 0.073308
58 0.139437 0.662594 0.050704 0.073308
54 0.779577 0.484962 0.049296 0.067669
56 0.172535 0.484023 0.049296 0.065789
49 0.014789 0.760338 0.026761 0.073308
1 0.083099 0.401316 0.047887 0.065789
23 0.319014 0.570489 0.049296 0.073308
20 0.909155 0.399436 0.114085 0.062030
17 0.022535 0.401316 0.042254 0.065789
36 0.642958 0.484023 0.049296 0.065789
57 0.209155 0.661654 0.049296 0.075188
51 0.375352 0.483083 0.049296 0.067669
9 0.608451 0.401316 0.050704 0.065789
22 0.936620 0.531955 0.104225 0.165414
8 0.542254 0.402256 0.050704 0.067669
55 0.350000 0.662594 0.052113 0.077068
53 0.509859 0.484023 0.050704 0.069549
48 0.741549 0.401316 0.049296 0.065789
43 0.181690 0.570489 0.047887 0.069549
15 0.420423 0.662594 0.054930 0.080827
39 0.848592 0.484023 0.049296 0.069549
59 0.442958 0.484962 0.049296 0.071429
32 0.071127 0.662594 0.052113 0.077068
21 0.240141 0.484023 0.049296 0.069549
16 0.278873 0.661654 0.050704 0.075188
44 0.016901 0.666353 0.030986 0.077068
5 0.345775 0.402256 0.046479 0.063910
34 0.771831 0.663534 0.053521 0.075188
26 0.871831 0.572368 0.050704 0.069549
18 0.630282 0.662594 0.054930 0.077068
14 0.641549 0.759398 0.077465 0.082707
42 0.307746 0.484023 0.049296 0.065789
52 0.033803 0.484962 0.064789 0.067669
0 0.675352 0.402256 0.052113 0.067669
27 0.576761 0.484023 0.046479 0.065789
40 0.701408 0.663534 0.053521 0.075188
3 0.213380 0.401316 0.049296 0.065789
41 0.106338 0.483083 0.049296 0.067669
35 0.490845 0.663534 0.054930 0.078947
19 0.250704 0.570489 0.047887 0.069549
29 0.594366 0.572368 0.050704 0.073308
2 0.147887 0.402256 0.050704 0.067669
6 0.411972 0.401316 0.049296 0.065789
47 0.419718 0.760338 0.346479 0.080827
37 0.733099 0.571429 0.052113 0.071429
10 0.114085 0.570489 0.047887 0.069549
50 0.822535 0.761278 0.076056 0.082707
4 0.279577 0.400376 0.046479 0.063910
33 0.560563 0.663534 0.053521 0.082707
30 0.501408 0.580827 1.000000 0.563910
11 0.808451 0.399436 0.047887 0.062030
24 0.390845 0.572368 0.049296 0.073308
45 0.038028 0.571429 0.073239 0.067669
28 0.525352 0.571429 0.050704 0.075188
13 0.202113 0.757519 0.052113 0.075188
31 0.663380 0.572368 0.050704 0.073308
