20 0.629607 0.209607 0.079853 0.065502
50 0.524570 0.513100 0.049140 0.074236
48 0.525799 0.208515 0.036855 0.072052
47 0.348894 0.509825 0.208845 0.067686
54 0.547912 0.283843 0.039312 0.069869
23 0.260442 0.356987 0.039312 0.072052
14 0.477273 0.512009 0.038084 0.072052
27 0.420147 0.281659 0.039312 0.069869
26 0.601351 0.359170 0.038084 0.072052
17 0.052826 0.205240 0.039312 0.069869
5 0.271499 0.206332 0.039312 0.072052
11 0.566953 0.210699 0.038084 0.072052
53 0.378378 0.282751 0.039312 0.072052
37 0.517813 0.359170 0.038084 0.072052
16 0.238329 0.435590 0.041769 0.072052
43 0.172604 0.358079 0.040541 0.074236
39 0.589681 0.283843 0.039312 0.069869
41 0.118550 0.281659 0.042998 0.074236
35 0.369165 0.435590 0.038084 0.072052
8 0.399877 0.205240 0.038084 0.069869
57 0.194717 0.435590 0.038084 0.072052
38 0.505528 0.284934 0.040541 0.072052
15 0.324939 0.434498 0.040541 0.074236
12 0.560811 0.360262 0.038084 0.069869
28 0.389435 0.356987 0.039312 0.072052
40 0.496929 0.435590 0.038084 0.072052
55 0.281941 0.434498 0.038084 0.069869
29 0.433661 0.356987 0.039312 0.072052
46 0.617936 0.434498 0.110565 0.065502
36 0.462531 0.282751 0.040541 0.072052
34 0.539312 0.434498 0.039312 0.069869
9 0.442260 0.207424 0.039312 0.069869
10 0.129607 0.358079 0.040541 0.074236
6 0.314496 0.206332 0.039312 0.072052
49 0.063268 0.516376 0.067568 0.072052
7 0.356880 0.205240 0.038084 0.069869
18 0.455160 0.434498 0.038084 0.069869
59 0.335381 0.281659 0.039312 0.069869
4 0.227887 0.204148 0.040541 0.072052
58 0.150491 0.437773 0.038084 0.072052
22 0.643120 0.322052 0.057740 0.146288
1 0.098280 0.206332 0.044226 0.076419
32 0.106880 0.435590 0.041769 0.072052
19 0.217445 0.356987 0.039312 0.072052
25 0.347052 0.358079 0.040541 0.069869
24 0.303440 0.356987 0.039312 0.072052
31 0.475430 0.359170 0.039312 0.072052
51 0.292383 0.281659 0.039312 0.069869
3 0.185504 0.204148 0.041769 0.072052
21 0.205774 0.281659 0.042998 0.078603
2 0.141278 0.205240 0.041769 0.074236
30 0.428133 0.352620 0.853808 0.517467
33 0.413391 0.435590 0.038084 0.072052
52 0.062654 0.281659 0.058968 0.074236
42 0.250000 0.281659 0.040541 0.074236
0 0.485258 0.207424 0.039312 0.069869
45 0.068182 0.360262 0.072482 0.074236
56 0.162162 0.281659 0.039312 0.074236
13 0.212531 0.513100 0.054054 0.074236
44 0.055897 0.436681 0.052826 0.074236
