47 0.443327 0.882134 0.776965 0.188586
8 0.610146 0.166873 0.125229 0.165012
19 0.055302 0.521092 0.108775 0.158809
29 0.705667 0.522333 0.120658 0.158809
56 0.023309 0.339330 0.044790 0.160050
38 0.939214 0.345533 0.123400 0.162531
36 0.806216 0.346774 0.124314 0.162531
23 0.180073 0.522333 0.122486 0.158809
21 0.039305 0.344293 0.076782 0.160050
25 0.444241 0.522333 0.122486 0.158809
53 0.541133 0.342432 0.122486 0.163772
18 0.770110 0.694169 0.121572 0.157568
37 0.954753 0.521092 0.092322 0.158809
33 0.638940 0.694169 0.120658 0.160050
5 0.211609 0.166873 0.125229 0.165012
27 0.675503 0.345533 0.124314 0.162531
24 0.313528 0.521092 0.122486 0.158809
35 0.508227 0.694169 0.120658 0.160050
55 0.244973 0.694789 0.122486 0.158809
6 0.345978 0.171836 0.125229 0.165012
16 0.116088 0.693548 0.122486 0.158809
40 0.902194 0.695409 0.120658 0.157568
7 0.476691 0.166873 0.125229 0.165012
59 0.409963 0.343052 0.121572 0.162531
15 0.375686 0.694789 0.122486 0.158809
31 0.837294 0.521092 0.120658 0.158809
9 0.740402 0.165633 0.124314 0.162531
43 0.031536 0.519851 0.061243 0.158809
51 0.279250 0.345533 0.123400 0.160050
42 0.147166 0.345533 0.120658 0.160050
48 0.973492 0.163772 0.054845 0.158809
0 0.874771 0.164392 0.124314 0.162531
28 0.572212 0.519851 0.120658 0.158809
57 0.031536 0.693548 0.061243 0.158809
4 0.079982 0.168114 0.125229 0.165012
3 0.031993 0.168114 0.062157 0.165012
