42 0.362500 0.460417 0.056250 0.070833
55 0.410000 0.617500 0.057500 0.073333
46 0.866563 0.600000 0.126875 0.073333
25 0.500000 0.534583 0.056250 0.070833
20 0.876250 0.371250 0.081250 0.069167
22 0.896875 0.482917 0.058750 0.147500
54 0.780000 0.449167 0.055000 0.070000
7 0.511563 0.379167 0.054375 0.068333
39 0.837187 0.446667 0.053125 0.070000
36 0.661563 0.451667 0.055625 0.070000
32 0.156250 0.626667 0.058750 0.073333
34 0.771875 0.604583 0.055000 0.069167
38 0.720938 0.450833 0.054375 0.068333
29 0.619687 0.530417 0.055625 0.070833
10 0.189062 0.545417 0.058125 0.074167
13 0.204687 0.709583 0.060625 0.077500
0 0.688750 0.375000 0.055000 0.070000
51 0.423750 0.457917 0.055000 0.070833
14 0.730938 0.685417 0.056875 0.074167
53 0.543125 0.455833 0.055000 0.070000
48 0.747500 0.374167 0.053750 0.066667
30 0.489687 0.513750 0.910625 0.525833
24 0.439375 0.537083 0.056250 0.070833
43 0.252500 0.543333 0.058750 0.073333
56 0.237187 0.462083 0.058125 0.074167
52 0.094375 0.465833 0.090000 0.073333
45 0.100625 0.546250 0.107500 0.074167
41 0.174375 0.465000 0.060000 0.073333
6 0.451875 0.380833 0.056250 0.070000
37 0.739375 0.527917 0.055000 0.070833
27 0.602187 0.453333 0.054375 0.070000
44 0.082812 0.629583 0.078125 0.075833
9 0.630000 0.377083 0.055000 0.069167
16 0.347500 0.620417 0.058750 0.074167
23 0.378437 0.538333 0.056875 0.071667
33 0.592187 0.609583 0.056875 0.072500
31 0.680000 0.529167 0.056250 0.073333
17 0.079687 0.387083 0.058125 0.070833
4 0.330937 0.382083 0.055625 0.069167
18 0.652500 0.607917 0.056250 0.070833
1 0.143750 0.386250 0.058750 0.070833
15 0.471250 0.614583 0.057500 0.070833
59 0.483750 0.456667 0.055000 0.070000
12 0.798438 0.525833 0.054375 0.070000
28 0.559375 0.532083 0.055000 0.070833
35 0.532188 0.612500 0.056875 0.071667
40 0.713125 0.606667 0.056250 0.070000
47 0.472187 0.701250 0.304375 0.085833
57 0.284687 0.622500 0.058125 0.073333
49 0.139375 0.711667 0.061250 0.080000
21 0.300312 0.461667 0.058125 0.073333
19 0.315937 0.541250 0.059375 0.072500
3 0.268750 0.383750 0.057500 0.070833
2 0.206250 0.384583 0.057500 0.070833
58 0.220938 0.625833 0.059375 0.073333
26 0.855625 0.523750 0.053750 0.069167
8 0.570937 0.378333 0.055625 0.070000
5 0.391875 0.382083 0.056250 0.070833
11 0.804688 0.372500 0.053125 0.066667
