34 0.536667 0.812000 0.040000 0.091200
28 0.379667 0.706400 0.039333 0.094400
56 0.144333 0.600000 0.040667 0.096000
33 0.402000 0.812000 0.041333 0.097600
37 0.514333 0.706400 0.040667 0.094400
8 0.391000 0.496000 0.040667 0.092800
53 0.368667 0.600800 0.040000 0.094400
39 0.593000 0.600800 0.039333 0.094400
1 0.077333 0.496000 0.040000 0.092800
48 0.526000 0.496800 0.040000 0.091200
58 0.133000 0.812800 0.040667 0.096000
51 0.279000 0.600800 0.039333 0.094400
3 0.166667 0.496000 0.040000 0.092800
50 0.616333 0.917600 0.088667 0.097600
17 0.031667 0.497600 0.039333 0.089600
49 0.099333 0.919200 0.041333 0.097600
31 0.469000 0.705600 0.039333 0.096000
20 0.626667 0.496000 0.062667 0.092800
41 0.099333 0.600800 0.041333 0.094400
29 0.425000 0.706400 0.040667 0.097600
11 0.570333 0.496000 0.039333 0.092800
0 0.481000 0.496000 0.040667 0.092800
35 0.357667 0.812000 0.042000 0.094400
36 0.458333 0.601600 0.040667 0.096000
42 0.234333 0.600800 0.039333 0.094400
22 0.637333 0.654400 0.040000 0.198400
43 0.155333 0.707200 0.040000 0.096000
26 0.604000 0.706400 0.040000 0.094400
55 0.267667 0.812800 0.040667 0.096000
40 0.492000 0.812800 0.040000 0.092800
18 0.446667 0.812000 0.040000 0.094400
9 0.436000 0.495200 0.041333 0.094400
2 0.121667 0.498400 0.040667 0.088000
16 0.223000 0.812000 0.040667 0.094400
7 0.346333 0.496000 0.040667 0.089600
23 0.245333 0.707200 0.040000 0.096000
47 0.323333 0.920800 0.220000 0.094400
15 0.312333 0.812000 0.040667 0.094400
27 0.413333 0.600000 0.040000 0.096000
30 0.499667 0.672800 0.998000 0.654400
52 0.042333 0.600800 0.062000 0.094400
13 0.144667 0.918400 0.041333 0.099200
57 0.178000 0.812000 0.040000 0.094400
25 0.335333 0.707200 0.040000 0.096000
24 0.290000 0.706400 0.040000 0.094400
44 0.038000 0.813600 0.049333 0.094400
14 0.502667 0.918400 0.041333 0.099200
21 0.189333 0.601600 0.040000 0.096000
10 0.110333 0.706400 0.039333 0.094400
19 0.200333 0.707200 0.039333 0.096000
46 0.609000 0.814400 0.095333 0.096000
38 0.503333 0.600800 0.040000 0.094400
12 0.559333 0.706400 0.040000 0.094400
54 0.548000 0.601600 0.040000 0.092800
5 0.256333 0.496000 0.040667 0.092800
32 0.087667 0.812800 0.040667 0.096000
4 0.211667 0.496000 0.039333 0.089600
6 0.301333 0.496000 0.040000 0.092800
45 0.048667 0.705600 0.074667 0.099200
59 0.324000 0.600800 0.040000 0.094400
