11 0.852941 0.260814 0.060924 0.145038
52 0.061450 0.414758 0.095588 0.147583
3 0.246324 0.259542 0.061975 0.147583
35 0.532038 0.735369 0.064076 0.147583
32 0.128676 0.734097 0.061975 0.139949
6 0.448529 0.260814 0.063025 0.145038
12 0.835084 0.578880 0.060924 0.145038
49 0.112920 0.893130 0.064076 0.147583
0 0.717962 0.259542 0.061975 0.147583
33 0.598739 0.735369 0.063025 0.147583
43 0.229517 0.576336 0.061975 0.145038
39 0.886029 0.418575 0.061975 0.145038
5 0.380777 0.259542 0.061975 0.147583
14 0.749475 0.895674 0.064076 0.147583
37 0.767332 0.580153 0.061975 0.142494
38 0.750525 0.418575 0.061975 0.145038
21 0.279937 0.418575 0.061975 0.145038
48 0.784664 0.259542 0.063025 0.142494
41 0.145483 0.418575 0.064076 0.145038
7 0.515231 0.263359 0.064076 0.145038
10 0.162815 0.576336 0.063025 0.145038
58 0.196429 0.735369 0.063025 0.142494
19 0.297269 0.576336 0.063025 0.145038
27 0.617122 0.423664 0.061975 0.145038
26 0.902311 0.577608 0.060924 0.142494
31 0.700630 0.578880 0.063025 0.145038
13 0.180672 0.893130 0.063025 0.147583
1 0.111870 0.258270 0.061975 0.145038
17 0.044118 0.258270 0.060924 0.145038
25 0.497899 0.577608 0.060924 0.147583
36 0.683298 0.418575 0.061975 0.145038
47 0.464811 0.895674 0.330882 0.142494
51 0.414391 0.417303 0.059874 0.142494
2 0.179097 0.258270 0.061975 0.145038
29 0.632878 0.577608 0.061975 0.147583
28 0.565126 0.577608 0.060924 0.147583
23 0.363971 0.576336 0.061975 0.145038
4 0.313550 0.258270 0.061975 0.145038
18 0.666492 0.734097 0.061975 0.145038
22 0.952731 0.496183 0.060924 0.305344
42 0.347164 0.418575 0.061975 0.145038
53 0.548845 0.418575 0.061975 0.145038
57 0.263130 0.735369 0.061975 0.142494
16 0.330357 0.734097 0.061975 0.145038
54 0.818277 0.417303 0.063025 0.147583
45 0.070378 0.572519 0.111345 0.147583
30 0.501050 0.498728 0.991597 0.992366
20 0.936975 0.259542 0.094538 0.147583
55 0.398109 0.734097 0.063025 0.145038
40 0.733718 0.735369 0.061975 0.142494
24 0.431197 0.576336 0.061975 0.145038
34 0.800420 0.735369 0.063025 0.142494
46 0.909139 0.734097 0.146008 0.150127
8 0.582983 0.258270 0.063025 0.145038
15 0.464811 0.734097 0.064076 0.145038
44 0.052521 0.732824 0.079832 0.147583
9 0.650210 0.258270 0.063025 0.145038
59 0.481092 0.418575 0.063025 0.145038
56 0.212710 0.417303 0.061975 0.147583
