24 0.340313 0.548476 0.044375 0.096953
0 0.545625 0.333795 0.043750 0.094183
57 0.218125 0.658587 0.045000 0.098338
20 0.703125 0.330332 0.068750 0.095568
55 0.315000 0.655125 0.045000 0.099723
59 0.377500 0.441828 0.043750 0.096953
41 0.137500 0.448061 0.045000 0.095568
6 0.354375 0.338643 0.043750 0.095568
18 0.510000 0.650970 0.045000 0.099723
10 0.147500 0.552632 0.043750 0.096953
14 0.572500 0.762465 0.046250 0.101108
44 0.066562 0.659972 0.055625 0.098338
38 0.570000 0.438366 0.043750 0.095568
46 0.690000 0.650277 0.108750 0.101108
13 0.155938 0.769391 0.045625 0.103878
37 0.583438 0.543629 0.044375 0.098338
49 0.107500 0.769391 0.045000 0.103878
29 0.485938 0.544321 0.044375 0.099723
26 0.681875 0.542936 0.045000 0.096953
51 0.329375 0.443213 0.042500 0.096953
30 0.395313 0.500693 0.735625 0.680055
58 0.169687 0.658587 0.044375 0.095568
21 0.233437 0.445291 0.044375 0.098338
22 0.718125 0.487535 0.047500 0.207756
25 0.389062 0.547091 0.044375 0.096953
16 0.266562 0.656510 0.045625 0.099723
32 0.121563 0.658587 0.044375 0.095568
17 0.068125 0.346260 0.042500 0.091413
43 0.195000 0.552632 0.043750 0.096953
5 0.306563 0.340028 0.043125 0.092798
36 0.521563 0.438366 0.044375 0.098338
3 0.210938 0.342105 0.043125 0.091413
31 0.534062 0.544321 0.044375 0.099723
19 0.243750 0.551939 0.043750 0.098338
2 0.163438 0.344183 0.043125 0.092798
7 0.402187 0.337258 0.043125 0.095568
9 0.497188 0.335180 0.044375 0.094183
39 0.667813 0.436288 0.044375 0.096953
27 0.473750 0.438366 0.043750 0.095568
48 0.593125 0.333102 0.043750 0.092798
42 0.281250 0.444598 0.043750 0.096953
52 0.078125 0.448061 0.066250 0.095568
40 0.559063 0.651662 0.045625 0.098338
15 0.364063 0.654432 0.045625 0.098338
12 0.632500 0.544321 0.045000 0.099723
35 0.412813 0.653740 0.045625 0.099723
23 0.291875 0.550554 0.042500 0.098338
4 0.258750 0.340028 0.042500 0.092798
33 0.461562 0.651662 0.045625 0.101108
56 0.185312 0.445983 0.044375 0.096953
11 0.641875 0.332410 0.045000 0.094183
47 0.362812 0.764543 0.239375 0.105263
53 0.425938 0.440443 0.044375 0.096953
34 0.608437 0.651662 0.045625 0.095568
54 0.618750 0.437673 0.045000 0.096953
1 0.115937 0.345568 0.043125 0.092798
28 0.437188 0.545014 0.043125 0.098338
45 0.081250 0.553324 0.078750 0.095568
8 0.450000 0.336565 0.043750 0.094183
