15 0.415385 0.642229 0.063736 0.082111
55 0.345055 0.642962 0.063736 0.080645
39 0.848352 0.459677 0.061538 0.080645
21 0.223626 0.461877 0.064835 0.082111
51 0.364286 0.461877 0.060440 0.079179
1 0.051648 0.373900 0.063736 0.079179
2 0.120879 0.375367 0.063736 0.079179
45 0.031868 0.555718 0.061538 0.082111
32 0.062637 0.644428 0.063736 0.080645
40 0.695055 0.642229 0.064835 0.079179
10 0.099451 0.553519 0.062637 0.080645
47 0.414286 0.744135 0.345055 0.095308
3 0.192308 0.376100 0.063736 0.080645
23 0.310440 0.552053 0.062637 0.080645
26 0.867582 0.550587 0.062637 0.080645
59 0.432418 0.461144 0.062637 0.080645
9 0.606593 0.373900 0.063736 0.079179
25 0.450000 0.550587 0.062637 0.080645
41 0.081868 0.461144 0.067033 0.080645
49 0.045055 0.744868 0.063736 0.096774
0 0.674725 0.373900 0.063736 0.079179
48 0.745604 0.373167 0.062637 0.080645
58 0.131868 0.644428 0.063736 0.080645
38 0.710440 0.461144 0.064835 0.080645
36 0.640110 0.460411 0.064835 0.082111
44 0.020879 0.643695 0.039560 0.082111
17 0.016484 0.374633 0.030769 0.077713
56 0.152198 0.461877 0.062637 0.082111
37 0.729121 0.552053 0.064835 0.080645
33 0.554396 0.641496 0.064835 0.083578
34 0.764835 0.642962 0.063736 0.077713
5 0.330769 0.376833 0.063736 0.079179
16 0.274176 0.643695 0.064835 0.082111
54 0.780220 0.460411 0.063736 0.082111
18 0.624176 0.641496 0.063736 0.080645
13 0.115385 0.745601 0.061538 0.095308
24 0.381319 0.551320 0.063736 0.082111
4 0.260989 0.376100 0.062637 0.077713
42 0.293956 0.461877 0.062637 0.079179
14 0.714286 0.741935 0.065934 0.096774
6 0.399451 0.376100 0.062637 0.080645
35 0.485714 0.642229 0.063736 0.082111
11 0.814286 0.372434 0.061538 0.079179
27 0.570879 0.460411 0.062637 0.079179
30 0.487912 0.499267 0.973626 0.646628
53 0.502198 0.461144 0.061538 0.080645
12 0.798901 0.550587 0.063736 0.080645
52 0.024725 0.461877 0.047253 0.079179
29 0.589011 0.549853 0.063736 0.082111
20 0.899451 0.370968 0.097802 0.079179
8 0.536813 0.375367 0.062637 0.079179
31 0.658242 0.551320 0.063736 0.082111
28 0.519231 0.550587 0.060440 0.080645
19 0.240110 0.552786 0.064835 0.082111
46 0.878571 0.642229 0.152747 0.079179
7 0.469231 0.374633 0.061538 0.077713
57 0.203846 0.643695 0.064835 0.082111
22 0.919780 0.508798 0.068132 0.175953
43 0.168681 0.553519 0.064835 0.080645
