16 0.254395 0.683857 0.028320 0.043348
7 0.335938 0.526158 0.029297 0.041854
1 0.140625 0.549327 0.027344 0.040359
29 0.398926 0.618834 0.028320 0.041854
56 0.190918 0.591928 0.028320 0.041854
43 0.202637 0.641256 0.028320 0.041854
18 0.418457 0.667414 0.028320 0.043348
39 0.520996 0.556801 0.028320 0.043348
34 0.484375 0.660688 0.029297 0.041854
36 0.421387 0.566517 0.028320 0.041854
59 0.321777 0.576981 0.028320 0.041854
55 0.286621 0.680867 0.028320 0.043348
15 0.319824 0.677130 0.030273 0.041854
10 0.170410 0.642750 0.028320 0.041854
19 0.235352 0.636024 0.027344 0.043348
11 0.501953 0.508969 0.029297 0.043348
42 0.256348 0.585202 0.028320 0.043348
44 0.124512 0.697309 0.038086 0.043348
28 0.366211 0.621824 0.027344 0.041854
17 0.109375 0.551570 0.027344 0.041854
23 0.267090 0.633782 0.028320 0.041854
6 0.303223 0.531390 0.028320 0.043348
57 0.222168 0.687593 0.028320 0.041854
58 0.190430 0.691330 0.027344 0.043348
27 0.388184 0.570254 0.028320 0.043348
0 0.434570 0.514948 0.029297 0.043348
31 0.432129 0.615845 0.028320 0.044843
32 0.158691 0.693572 0.028320 0.041854
38 0.454590 0.563528 0.028320 0.041854
3 0.204102 0.542601 0.029297 0.041854
30 0.473633 0.594170 0.773438 0.378176
4 0.236816 0.538117 0.028320 0.041854
35 0.352051 0.674888 0.030273 0.043348
9 0.401855 0.519432 0.028320 0.043348
40 0.451172 0.663677 0.029297 0.041854
21 0.224121 0.588191 0.028320 0.043348
24 0.300293 0.629297 0.028320 0.041854
37 0.465332 0.612108 0.028320 0.043348
48 0.468262 0.511958 0.028320 0.043348
5 0.270020 0.534380 0.028320 0.040359
25 0.333496 0.625561 0.028320 0.043348
54 0.487793 0.559791 0.028320 0.043348
45 0.127441 0.649477 0.051758 0.046338
33 0.385254 0.670404 0.028320 0.043348
46 0.539551 0.657698 0.073242 0.047833
41 0.159668 0.594918 0.028320 0.041854
20 0.543945 0.504484 0.046875 0.043348
22 0.556152 0.578475 0.032227 0.098655
51 0.289551 0.581465 0.028320 0.041854
2 0.172363 0.545590 0.028320 0.041854
47 0.339355 0.730194 0.194336 0.064275
8 0.370117 0.523169 0.029297 0.044843
52 0.120605 0.600149 0.047852 0.046338
12 0.499023 0.609865 0.031250 0.044843
13 0.174316 0.744395 0.038086 0.050822
53 0.355957 0.573991 0.030273 0.041854
14 0.509766 0.713004 0.039062 0.053812
26 0.532227 0.606876 0.031250 0.044843
50 0.556152 0.710762 0.049805 0.055306
49 0.131348 0.748132 0.045898 0.052317
