43 0.141906 0.759852 0.044057 0.105911
51 0.279201 0.641626 0.044057 0.105911
28 0.390881 0.758621 0.044057 0.103448
53 0.377561 0.641626 0.044057 0.105911
35 0.366291 0.875616 0.046107 0.105911
30 0.501025 0.682266 1.000000 0.640394
58 0.117316 0.876847 0.044057 0.103448
39 0.626537 0.641626 0.044057 0.105911
37 0.539447 0.758621 0.044057 0.108374
31 0.489242 0.758621 0.044057 0.108374
32 0.067623 0.875616 0.045082 0.105911
48 0.551742 0.524631 0.044057 0.103448
16 0.216701 0.875616 0.044057 0.105911
13 0.130123 0.972906 0.045082 0.059113
55 0.266393 0.875616 0.045082 0.105911
59 0.328381 0.641626 0.044057 0.105911
15 0.316086 0.875616 0.046107 0.105911
0 0.502561 0.525862 0.044057 0.105911
8 0.403176 0.525862 0.044057 0.105911
24 0.290984 0.759852 0.045082 0.105911
22 0.676230 0.700739 0.045082 0.229064
52 0.026639 0.641626 0.051230 0.105911
11 0.601947 0.524631 0.044057 0.103448
57 0.167008 0.875616 0.045082 0.105911
27 0.427766 0.641626 0.044057 0.105911
42 0.228996 0.641626 0.044057 0.105911
21 0.179303 0.641626 0.045082 0.105911
3 0.154713 0.525862 0.045082 0.105911
6 0.303791 0.525862 0.044057 0.100985
47 0.327869 0.970443 0.247951 0.064039
1 0.055328 0.524631 0.045082 0.103448
56 0.130123 0.641626 0.045082 0.105911
33 0.415471 0.875616 0.046107 0.105911
34 0.564549 0.875616 0.045082 0.100985
49 0.080943 0.974138 0.045082 0.056650
46 0.644467 0.874384 0.106557 0.108374
10 0.092725 0.758621 0.044057 0.103448
7 0.353484 0.524631 0.045082 0.103448
20 0.663422 0.525862 0.070697 0.105911
12 0.589139 0.758621 0.045082 0.108374
45 0.033299 0.758621 0.064549 0.108374
5 0.254098 0.524631 0.045082 0.103448
41 0.080430 0.641626 0.046107 0.105911
19 0.192111 0.759852 0.044057 0.105911
26 0.638832 0.759852 0.044057 0.105911
29 0.439549 0.758621 0.045082 0.108374
23 0.241291 0.759852 0.044057 0.105911
18 0.465164 0.876847 0.045082 0.103448
40 0.514344 0.876847 0.045082 0.103448
4 0.204406 0.524631 0.044057 0.103448
36 0.476947 0.642857 0.044057 0.103448
54 0.576332 0.641626 0.044057 0.105911
2 0.105533 0.525862 0.045082 0.105911
9 0.452869 0.525862 0.045082 0.105911
25 0.340164 0.758621 0.045082 0.108374
38 0.527152 0.642857 0.044057 0.103448
44 0.020492 0.875616 0.038934 0.105911
14 0.528689 0.971675 0.045082 0.061576
17 0.013832 0.524631 0.025615 0.103448
50 0.651639 0.971675 0.098361 0.061576
