26 0.709071 0.455446 0.050885 0.103960
39 0.690265 0.347772 0.048673 0.096535
38 0.584071 0.351485 0.046460 0.094059
1 0.084071 0.257426 0.048673 0.089109
37 0.599558 0.456683 0.048673 0.101485
31 0.545907 0.459158 0.047566 0.101485
9 0.503872 0.251238 0.045354 0.091584
23 0.273783 0.465347 0.049779 0.099010
59 0.372235 0.355198 0.047566 0.096535
57 0.184181 0.579208 0.051991 0.103960
28 0.438053 0.460396 0.046460 0.099010
47 0.349558 0.702970 0.283186 0.133663
48 0.607854 0.247525 0.045354 0.089109
10 0.107854 0.467822 0.051991 0.103960
12 0.654867 0.456683 0.050885 0.101485
53 0.425332 0.353960 0.047566 0.094059
8 0.452434 0.252475 0.046460 0.089109
51 0.318584 0.353960 0.048673 0.094059
36 0.530973 0.352723 0.046460 0.096535
20 0.725111 0.245050 0.074115 0.089109
27 0.478429 0.353960 0.045354 0.094059
7 0.400442 0.252475 0.046460 0.089109
6 0.347898 0.253713 0.047566 0.091584
56 0.155973 0.357673 0.048673 0.096535
0 0.555863 0.248762 0.045354 0.091584
29 0.491704 0.460396 0.047566 0.099010
17 0.032080 0.261139 0.053097 0.096535
41 0.102876 0.357673 0.050885 0.096535
52 0.037611 0.360149 0.073009 0.096535
46 0.719580 0.565594 0.118363 0.106436
22 0.747788 0.402228 0.057522 0.210396
44 0.023230 0.584158 0.044248 0.108911
55 0.298119 0.575495 0.051991 0.106436
45 0.039823 0.469059 0.077434 0.101485
5 0.294801 0.253713 0.047566 0.091584
43 0.163164 0.466584 0.049779 0.101485
11 0.659292 0.246287 0.046460 0.091584
33 0.464602 0.571782 0.050885 0.103960
58 0.128872 0.579208 0.051991 0.103960
49 0.050332 0.716584 0.056416 0.131188
35 0.409845 0.571782 0.049779 0.103960
42 0.264381 0.355198 0.048673 0.096535
3 0.189159 0.254950 0.048673 0.089109
40 0.575221 0.568069 0.048673 0.101485
16 0.241704 0.577970 0.051991 0.106436
30 0.402655 0.430693 0.803097 0.772277
15 0.354535 0.574257 0.049779 0.103960
32 0.073009 0.581683 0.053097 0.103960
21 0.209624 0.357673 0.049779 0.096535
34 0.629425 0.569307 0.050885 0.099010
13 0.109513 0.714109 0.055310 0.131188
14 0.591814 0.698020 0.055310 0.128713
2 0.136062 0.254950 0.048673 0.089109
24 0.329093 0.464109 0.049779 0.101485
25 0.383850 0.461634 0.048673 0.096535
19 0.218473 0.466584 0.049779 0.101485
4 0.241704 0.253713 0.047566 0.091584
54 0.637168 0.350248 0.046460 0.096535
18 0.519912 0.570545 0.048673 0.101485
