56 0.225098 0.465540 0.057617 0.072822
19 0.306152 0.542913 0.057617 0.074122
5 0.381836 0.382315 0.056641 0.070221
6 0.442383 0.379714 0.054688 0.070221
1 0.127930 0.389467 0.058594 0.071521
15 0.464844 0.615085 0.056641 0.072822
54 0.767090 0.446684 0.051758 0.068921
57 0.276855 0.628739 0.057617 0.074122
21 0.289551 0.463589 0.057617 0.074122
53 0.534180 0.455137 0.052734 0.070221
27 0.592773 0.451235 0.052734 0.070221
14 0.720215 0.685306 0.055664 0.085826
42 0.352051 0.461638 0.055664 0.070221
13 0.172852 0.722367 0.078125 0.089727
39 0.821777 0.441482 0.049805 0.068921
35 0.525391 0.612484 0.056641 0.072822
55 0.402832 0.617035 0.057617 0.074122
38 0.709961 0.447984 0.052734 0.068921
22 0.877930 0.477893 0.054688 0.144343
49 0.078125 0.732770 0.103516 0.100130
45 0.086426 0.553966 0.110352 0.075423
31 0.669434 0.525358 0.053711 0.070221
9 0.619629 0.373862 0.053711 0.068921
28 0.551270 0.530559 0.051758 0.070221
25 0.491699 0.532510 0.055664 0.071521
26 0.839844 0.516255 0.050781 0.070221
40 0.701172 0.600130 0.052734 0.068921
11 0.791504 0.367360 0.049805 0.066320
59 0.474121 0.456437 0.053711 0.070221
29 0.610352 0.526658 0.052734 0.070221
17 0.060547 0.390767 0.060547 0.068921
48 0.734863 0.369311 0.051758 0.067620
34 0.758789 0.597529 0.052734 0.068921
2 0.191895 0.386866 0.057617 0.071521
4 0.319824 0.382315 0.055664 0.070221
51 0.414551 0.458388 0.053711 0.071521
41 0.160645 0.468140 0.059570 0.075423
47 0.463379 0.702211 0.303711 0.098830
33 0.584473 0.609233 0.055664 0.074122
32 0.146973 0.633940 0.059570 0.074122
8 0.562012 0.377763 0.053711 0.068921
20 0.859863 0.366710 0.077148 0.067620
58 0.212402 0.632640 0.057617 0.074122
24 0.431641 0.536411 0.054688 0.071521
44 0.070801 0.638492 0.079102 0.075423
18 0.643066 0.604031 0.053711 0.071521
37 0.727539 0.522757 0.052734 0.070221
12 0.784180 0.518856 0.050781 0.070221
52 0.077637 0.472042 0.094727 0.072822
36 0.650879 0.449285 0.053711 0.068921
10 0.177246 0.549415 0.059570 0.074122
43 0.242188 0.546164 0.058594 0.072822
30 0.473145 0.534460 0.911133 0.538362
46 0.848145 0.592328 0.118164 0.074122
7 0.502930 0.377763 0.052734 0.068921
16 0.340332 0.622237 0.057617 0.074122
3 0.256348 0.384915 0.057617 0.072822
23 0.370117 0.539012 0.056641 0.071521
0 0.677734 0.371261 0.052734 0.068921
