5 0.233244 0.459750 0.036193 0.044723
40 0.445040 0.613148 0.036193 0.045617
52 0.039879 0.512522 0.056971 0.044723
7 0.314678 0.458855 0.035523 0.044723
38 0.454088 0.508945 0.035523 0.044723
2 0.111930 0.461538 0.036193 0.048301
11 0.513405 0.457961 0.034853 0.044723
9 0.395107 0.458408 0.035523 0.045617
19 0.180630 0.563953 0.036863 0.047406
41 0.090483 0.511628 0.037534 0.046512
46 0.548928 0.613148 0.087131 0.047406
22 0.574062 0.534436 0.035523 0.101073
42 0.212131 0.511181 0.036863 0.047406
10 0.098861 0.564401 0.036863 0.046512
25 0.303284 0.561717 0.036863 0.046512
39 0.533177 0.508497 0.035523 0.045617
29 0.384718 0.560823 0.036193 0.046512
26 0.543231 0.560823 0.035523 0.046512
6 0.274129 0.459302 0.036193 0.045617
24 0.262399 0.562612 0.036863 0.046512
14 0.509718 0.670841 0.047587 0.057245
0 0.434651 0.458408 0.035523 0.045617
57 0.159517 0.617174 0.036193 0.046512
16 0.200067 0.616726 0.036863 0.047406
48 0.473861 0.457961 0.034853 0.044723
45 0.042895 0.566190 0.068365 0.048301
1 0.071381 0.461538 0.036863 0.048301
59 0.293566 0.510286 0.036193 0.045617
3 0.152480 0.461538 0.036863 0.048301
8 0.354893 0.458855 0.035523 0.044723
4 0.192694 0.459302 0.035523 0.045617
43 0.139745 0.564401 0.036863 0.046512
20 0.562668 0.457513 0.055630 0.045617
35 0.324062 0.615385 0.036863 0.046512
17 0.030496 0.462433 0.036863 0.050089
15 0.282507 0.615832 0.036863 0.047406
31 0.424598 0.561270 0.035523 0.047406
13 0.092158 0.676208 0.050268 0.055456
21 0.171582 0.511628 0.037534 0.046512
36 0.414544 0.509392 0.035523 0.045617
32 0.077748 0.618068 0.037534 0.046512
55 0.241287 0.615832 0.036193 0.047406
33 0.364276 0.614043 0.036863 0.047406
58 0.118633 0.617621 0.036193 0.047406
23 0.221515 0.562612 0.036863 0.046512
30 0.460456 0.552326 0.919571 0.337209
12 0.504357 0.560823 0.035523 0.046512
18 0.404491 0.614043 0.035523 0.047406
56 0.130697 0.511181 0.036193 0.045617
53 0.334450 0.509839 0.036193 0.046512
27 0.374665 0.509392 0.034853 0.045617
37 0.464477 0.560823 0.034853 0.046512
54 0.493633 0.508945 0.034182 0.044723
34 0.484249 0.613148 0.035523 0.045617
51 0.253351 0.510286 0.036193 0.045617
28 0.344504 0.561717 0.036193 0.046512
50 0.566354 0.669946 0.061662 0.055456
44 0.029826 0.618962 0.050268 0.046512
47 0.300938 0.673077 0.245308 0.058140
49 0.032172 0.676208 0.063003 0.057245
