26 0.701844 0.506881 0.047131 0.096330
39 0.684426 0.407110 0.045082 0.089450
38 0.586066 0.410550 0.043033 0.087156
1 0.122951 0.323394 0.045082 0.082569
37 0.600410 0.508028 0.045082 0.094037
31 0.550717 0.510321 0.044057 0.094037
9 0.511783 0.317661 0.042008 0.084862
23 0.298668 0.516055 0.046107 0.091743
59 0.389857 0.413991 0.044057 0.089450
57 0.215676 0.621560 0.048156 0.096330
28 0.450820 0.511468 0.043033 0.091743
47 0.368852 0.736239 0.262295 0.123853
48 0.608094 0.314220 0.042008 0.082569
10 0.144980 0.518349 0.048156 0.096330
12 0.651639 0.508028 0.047131 0.094037
53 0.439037 0.412844 0.044057 0.087156
8 0.464139 0.318807 0.043033 0.082569
51 0.340164 0.412844 0.045082 0.087156
36 0.536885 0.411697 0.043033 0.089450
20 0.716701 0.311927 0.068648 0.082569
27 0.488217 0.412844 0.042008 0.087156
7 0.415984 0.318807 0.043033 0.082569
6 0.367316 0.319954 0.044057 0.084862
56 0.189549 0.416284 0.045082 0.089450
0 0.559939 0.315367 0.042008 0.084862
29 0.500512 0.511468 0.044057 0.091743
17 0.074795 0.326835 0.049180 0.089450
41 0.140369 0.416284 0.047131 0.089450
52 0.077869 0.418578 0.071721 0.089450
46 0.711578 0.608945 0.109631 0.098624
22 0.737705 0.457569 0.053279 0.194954
44 0.053791 0.626147 0.066598 0.100917
55 0.321209 0.618119 0.048156 0.098624
45 0.074795 0.519495 0.086066 0.094037
5 0.318135 0.319954 0.044057 0.084862
43 0.196209 0.517202 0.046107 0.094037
11 0.655738 0.313073 0.043033 0.084862
33 0.475410 0.614679 0.047131 0.096330
58 0.164447 0.621560 0.048156 0.096330
49 0.091701 0.748853 0.052254 0.121560
35 0.424693 0.614679 0.046107 0.096330
42 0.289959 0.413991 0.045082 0.089450
3 0.220287 0.321101 0.045082 0.082569
40 0.577869 0.611239 0.045082 0.094037
16 0.268955 0.620413 0.048156 0.098624
30 0.395492 0.483945 0.788934 0.715596
15 0.373463 0.616972 0.046107 0.096330
32 0.112705 0.623853 0.049180 0.096330
21 0.239242 0.416284 0.046107 0.089450
34 0.628074 0.612385 0.047131 0.091743
13 0.146516 0.746560 0.051230 0.121560
14 0.593238 0.731651 0.051230 0.119266
2 0.171107 0.321101 0.045082 0.082569
24 0.349898 0.514908 0.046107 0.094037
25 0.400615 0.512615 0.045082 0.089450
19 0.247439 0.517202 0.046107 0.094037
4 0.268955 0.319954 0.044057 0.084862
54 0.635246 0.409404 0.043033 0.089450
18 0.526639 0.613532 0.045082 0.094037
