42 0.346000 0.417609 0.061333 0.147011
49 0.109333 0.901454 0.064000 0.148627
30 0.499333 0.499192 0.997333 0.995153
6 0.448667 0.258481 0.062667 0.148627
5 0.380333 0.257674 0.063333 0.150242
19 0.295000 0.577544 0.063333 0.147011
48 0.789333 0.260905 0.064000 0.150242
8 0.584000 0.260097 0.062667 0.148627
14 0.753667 0.899031 0.063333 0.147011
52 0.057000 0.415994 0.095333 0.147011
0 0.720000 0.256866 0.062667 0.148627
9 0.652333 0.260905 0.066000 0.147011
7 0.517000 0.260905 0.064667 0.150242
45 0.065333 0.577544 0.114667 0.147011
43 0.227000 0.578352 0.063333 0.145396
57 0.261333 0.737480 0.062667 0.147011
40 0.737000 0.736672 0.063333 0.145396
2 0.176000 0.256866 0.062667 0.148627
12 0.838667 0.577544 0.062667 0.147011
3 0.244000 0.257674 0.062667 0.150242
13 0.176667 0.899838 0.064000 0.148627
56 0.210000 0.415186 0.062667 0.148627
26 0.906667 0.576737 0.062667 0.148627
59 0.481667 0.416801 0.063333 0.148627
17 0.040000 0.255250 0.061333 0.145396
20 0.941333 0.262520 0.094667 0.147011
54 0.821667 0.416801 0.063333 0.148627
22 0.956000 0.495961 0.062667 0.310178
46 0.916333 0.739095 0.147333 0.150242
32 0.125000 0.736672 0.063333 0.145396
29 0.634667 0.576737 0.062667 0.148627
58 0.193333 0.737480 0.062667 0.147011
33 0.601000 0.736672 0.063333 0.148627
21 0.277667 0.416801 0.063333 0.148627
53 0.550000 0.417609 0.064000 0.147011
31 0.703000 0.577544 0.063333 0.147011
39 0.889667 0.415994 0.062000 0.143780
4 0.312333 0.256058 0.062000 0.147011
51 0.414000 0.416801 0.060000 0.145396
28 0.567333 0.577544 0.061333 0.147011
23 0.363333 0.577544 0.061333 0.147011
27 0.617333 0.415186 0.062667 0.145396
24 0.431000 0.577544 0.063333 0.147011
36 0.685667 0.416801 0.063333 0.148627
1 0.108333 0.256866 0.060667 0.145396
25 0.499000 0.578352 0.062000 0.145396
35 0.532667 0.738288 0.062667 0.148627
15 0.465000 0.737480 0.063333 0.147011
10 0.159667 0.577544 0.062000 0.147011
16 0.329000 0.737480 0.063333 0.147011
38 0.753667 0.416801 0.062000 0.145396
41 0.141667 0.417609 0.063333 0.147011
11 0.856333 0.256058 0.060667 0.143780
37 0.771000 0.578352 0.063333 0.148627
34 0.804667 0.737480 0.062667 0.143780
18 0.668667 0.736672 0.064000 0.145396
44 0.047667 0.735864 0.079333 0.150242
55 0.397667 0.737480 0.063333 0.147011
47 0.465333 0.899031 0.337333 0.150242
