43 0.126976 0.745261 0.042490 0.101896
51 0.259387 0.631517 0.042490 0.101896
28 0.367095 0.744076 0.042490 0.099526
53 0.354249 0.631517 0.042490 0.101896
35 0.343379 0.856635 0.044466 0.101896
30 0.500988 0.682464 1.000000 0.639810
58 0.103261 0.857820 0.042490 0.099526
39 0.594368 0.631517 0.042490 0.101896
37 0.510375 0.744076 0.042490 0.104265
31 0.461957 0.744076 0.042490 0.104265
32 0.055336 0.856635 0.043478 0.101896
48 0.522233 0.518957 0.042490 0.099526
16 0.199111 0.856635 0.042490 0.101896
13 0.115613 0.962085 0.043478 0.080569
55 0.247036 0.856635 0.043478 0.101896
59 0.306818 0.631517 0.042490 0.101896
15 0.294960 0.856635 0.044466 0.101896
0 0.474802 0.520142 0.042490 0.101896
8 0.378953 0.520142 0.042490 0.101896
24 0.270751 0.745261 0.043478 0.101896
22 0.642292 0.688389 0.043478 0.220379
52 0.020751 0.631517 0.039526 0.101896
11 0.570652 0.518957 0.042490 0.099526
57 0.151186 0.856635 0.043478 0.101896
27 0.402668 0.631517 0.042490 0.101896
42 0.210968 0.631517 0.042490 0.101896
21 0.163043 0.631517 0.043478 0.101896
3 0.139328 0.520142 0.043478 0.101896
6 0.283103 0.520142 0.042490 0.097156
47 0.306324 0.959716 0.239130 0.085308
1 0.043478 0.518957 0.043478 0.099526
56 0.115613 0.631517 0.043478 0.101896
33 0.390810 0.856635 0.044466 0.101896
34 0.534585 0.856635 0.043478 0.097156
49 0.068182 0.963270 0.043478 0.078199
46 0.611660 0.855450 0.102767 0.104265
10 0.079545 0.744076 0.042490 0.099526
7 0.331028 0.518957 0.043478 0.099526
20 0.629941 0.520142 0.068182 0.101896
12 0.558300 0.744076 0.043478 0.104265
45 0.027174 0.744076 0.052372 0.104265
5 0.235178 0.518957 0.043478 0.099526
41 0.067688 0.631517 0.044466 0.101896
19 0.175395 0.745261 0.042490 0.101896
26 0.606225 0.745261 0.042490 0.101896
29 0.414032 0.744076 0.043478 0.104265
23 0.222826 0.745261 0.042490 0.101896
18 0.438735 0.857820 0.043478 0.099526
40 0.486166 0.857820 0.043478 0.099526
4 0.187253 0.518957 0.042490 0.099526
36 0.450099 0.632701 0.042490 0.099526
54 0.545949 0.631517 0.042490 0.101896
2 0.091897 0.520142 0.043478 0.101896
9 0.426877 0.520142 0.043478 0.101896
25 0.318182 0.744076 0.043478 0.104265
38 0.498518 0.632701 0.042490 0.099526
44 0.014822 0.856635 0.027668 0.101896
14 0.500000 0.960900 0.043478 0.082938
17 0.011364 0.518957 0.020751 0.099526
50 0.618577 0.960900 0.094862 0.082938
