16 0.214205 0.655923 0.032955 0.050523
7 0.309091 0.472125 0.034091 0.048780
1 0.081818 0.499129 0.031818 0.047038
29 0.382386 0.580139 0.032955 0.048780
56 0.140341 0.548780 0.032955 0.048780
43 0.153977 0.606272 0.032955 0.048780
18 0.405114 0.636760 0.032955 0.050523
39 0.524432 0.507840 0.032955 0.050523
34 0.481818 0.628920 0.034091 0.048780
36 0.408523 0.519164 0.032955 0.048780
59 0.292614 0.531359 0.032955 0.048780
55 0.251705 0.652439 0.032955 0.050523
15 0.290341 0.648084 0.035227 0.048780
10 0.116477 0.608014 0.032955 0.048780
19 0.192045 0.600174 0.031818 0.050523
11 0.502273 0.452091 0.034091 0.050523
42 0.216477 0.540941 0.032955 0.050523
44 0.063068 0.671603 0.044318 0.050523
28 0.344318 0.583624 0.031818 0.048780
17 0.045455 0.501742 0.031818 0.048780
23 0.228977 0.597561 0.032955 0.048780
6 0.271023 0.478223 0.032955 0.050523
57 0.176705 0.660279 0.032955 0.048780
58 0.139773 0.664634 0.031818 0.050523
27 0.369886 0.523519 0.032955 0.050523
0 0.423864 0.459059 0.034091 0.050523
31 0.421023 0.576655 0.032955 0.052265
32 0.102841 0.667247 0.032955 0.048780
38 0.447159 0.515679 0.032955 0.048780
3 0.155682 0.491289 0.034091 0.048780
30 0.469318 0.551394 0.900000 0.440767
4 0.193750 0.486063 0.032955 0.048780
35 0.327841 0.645470 0.035227 0.050523
9 0.385795 0.464286 0.032955 0.050523
40 0.443182 0.632404 0.034091 0.048780
21 0.178977 0.544425 0.032955 0.050523
24 0.267614 0.592334 0.032955 0.048780
37 0.459659 0.572300 0.032955 0.050523
48 0.463068 0.455575 0.032955 0.050523
5 0.232386 0.481707 0.032955 0.047038
25 0.306250 0.587979 0.032955 0.050523
54 0.485795 0.511324 0.032955 0.050523
45 0.066477 0.615854 0.060227 0.054007
33 0.366477 0.640244 0.032955 0.050523
46 0.546023 0.625436 0.085227 0.055749
41 0.103977 0.552265 0.032955 0.048780
20 0.551136 0.446864 0.054545 0.050523
22 0.565341 0.533101 0.037500 0.114983
51 0.255114 0.536585 0.032955 0.048780
2 0.118750 0.494774 0.032955 0.048780
47 0.313068 0.709930 0.226136 0.074913
8 0.348864 0.468641 0.034091 0.052265
52 0.058523 0.558362 0.055682 0.054007
12 0.498864 0.569686 0.036364 0.052265
13 0.121023 0.726481 0.044318 0.059233
53 0.332386 0.527875 0.035227 0.048780
14 0.511364 0.689895 0.045455 0.062718
26 0.537500 0.566202 0.036364 0.052265
50 0.565341 0.687282 0.057955 0.064460
49 0.071023 0.730836 0.053409 0.060976
