48 0.786127 0.310417 0.061657 0.129167
8 0.582852 0.312500 0.059730 0.125000
12 0.840077 0.602083 0.061657 0.129167
4 0.311175 0.312500 0.059730 0.125000
59 0.481696 0.454167 0.061657 0.125000
10 0.161850 0.602083 0.061657 0.129167
42 0.345857 0.456250 0.059730 0.129167
35 0.533719 0.739583 0.061657 0.129167
13 0.179191 0.900000 0.061657 0.150000
15 0.464355 0.739583 0.061657 0.129167
16 0.329480 0.739583 0.061657 0.129167
52 0.056840 0.456250 0.094412 0.129167
57 0.263969 0.743750 0.061657 0.129167
55 0.396917 0.739583 0.061657 0.129167
11 0.854528 0.312500 0.059730 0.125000
43 0.227360 0.600000 0.061657 0.125000
1 0.107900 0.312500 0.061657 0.125000
7 0.515414 0.312500 0.059730 0.125000
30 0.499037 0.560417 0.994220 0.879167
24 0.430636 0.597917 0.059730 0.129167
27 0.616570 0.454167 0.061657 0.125000
9 0.651252 0.312500 0.061657 0.125000
32 0.125241 0.743750 0.061657 0.129167
34 0.803468 0.739583 0.061657 0.129167
56 0.210019 0.454167 0.061657 0.133333
31 0.702312 0.597917 0.059730 0.129167
26 0.904624 0.595833 0.059730 0.125000
3 0.243738 0.312500 0.059730 0.125000
21 0.278420 0.456250 0.059730 0.129167
45 0.065511 0.597917 0.111753 0.129167
41 0.144509 0.458333 0.061657 0.133333
28 0.566474 0.597917 0.061657 0.129167
58 0.194605 0.743750 0.061657 0.129167
29 0.637765 0.597917 0.061657 0.129167
51 0.413295 0.456250 0.059730 0.129167
38 0.752408 0.454167 0.059730 0.125000
46 0.912331 0.739583 0.148362 0.129167
17 0.040462 0.312500 0.061657 0.125000
23 0.363198 0.600000 0.059730 0.125000
18 0.667630 0.739583 0.059730 0.129167
37 0.768786 0.597917 0.061657 0.129167
33 0.600193 0.739583 0.063584 0.129167
22 0.957611 0.525000 0.061657 0.275000
49 0.112717 0.895833 0.063584 0.150000
19 0.294798 0.597917 0.061657 0.129167
40 0.737958 0.743750 0.061657 0.129167
20 0.939306 0.310417 0.094412 0.129167
5 0.378613 0.312500 0.059730 0.125000
54 0.820809 0.454167 0.061657 0.125000
0 0.718690 0.310417 0.061657 0.129167
25 0.500000 0.597917 0.059730 0.129167
6 0.447013 0.312500 0.061657 0.125000
44 0.048170 0.739583 0.080925 0.129167
2 0.176301 0.312500 0.059730 0.125000
36 0.684008 0.456250 0.061657 0.129167
47 0.466281 0.893750 0.339114 0.154167
14 0.753372 0.891667 0.061657 0.150000
39 0.888247 0.454167 0.061657 0.125000
53 0.549133 0.456250 0.061657 0.129167
