56 0.219742 0.468254 0.058532 0.074074
19 0.302083 0.546958 0.058532 0.075397
5 0.378968 0.383598 0.057540 0.071429
6 0.440476 0.380952 0.055556 0.071429
1 0.121032 0.390873 0.059524 0.072751
15 0.463294 0.620370 0.057540 0.074074
54 0.770337 0.449074 0.052579 0.070106
57 0.272321 0.634259 0.058532 0.075397
21 0.285218 0.466270 0.058532 0.075397
53 0.533730 0.457672 0.053571 0.071429
27 0.593254 0.453704 0.053571 0.071429
14 0.722718 0.691799 0.056548 0.087302
42 0.348710 0.464286 0.056548 0.071429
13 0.166667 0.729497 0.079365 0.091270
39 0.825893 0.443783 0.050595 0.070106
35 0.524802 0.617725 0.057540 0.074074
55 0.400298 0.622354 0.058532 0.075397
38 0.712302 0.450397 0.053571 0.070106
22 0.882937 0.480820 0.055556 0.146825
49 0.070437 0.740079 0.105159 0.101852
45 0.078869 0.558201 0.112103 0.076720
31 0.671131 0.529101 0.054563 0.071429
9 0.620536 0.375000 0.054563 0.070106
28 0.551091 0.534392 0.052579 0.071429
25 0.490575 0.536376 0.056548 0.072751
26 0.844246 0.519841 0.051587 0.071429
40 0.703373 0.605159 0.053571 0.070106
11 0.795139 0.368386 0.050595 0.067460
59 0.472718 0.458995 0.054563 0.071429
29 0.611111 0.530423 0.053571 0.071429
17 0.052579 0.392196 0.061508 0.070106
48 0.737599 0.370370 0.052579 0.068783
34 0.761905 0.602513 0.053571 0.070106
2 0.186012 0.388228 0.058532 0.072751
4 0.315972 0.383598 0.056548 0.071429
51 0.412202 0.460979 0.054563 0.072751
41 0.154266 0.470899 0.060516 0.076720
47 0.461806 0.708995 0.308532 0.100529
33 0.584821 0.614418 0.056548 0.075397
32 0.140377 0.639550 0.060516 0.075397
8 0.562004 0.378968 0.054563 0.070106
20 0.864583 0.367725 0.078373 0.068783
58 0.206845 0.638228 0.058532 0.075397
24 0.429563 0.540344 0.055556 0.072751
44 0.062996 0.644180 0.080357 0.076720
18 0.644345 0.609127 0.054563 0.072751
37 0.730159 0.526455 0.053571 0.071429
12 0.787698 0.522487 0.051587 0.071429
52 0.069940 0.474868 0.096230 0.074074
36 0.652282 0.451720 0.054563 0.070106
10 0.171131 0.553571 0.060516 0.075397
43 0.237103 0.550265 0.059524 0.074074
30 0.471726 0.538360 0.925595 0.547619
46 0.852679 0.597222 0.120040 0.075397
7 0.501984 0.378968 0.053571 0.070106
16 0.336806 0.627646 0.058532 0.075397
3 0.251488 0.386243 0.058532 0.074074
23 0.367063 0.542989 0.057540 0.072751
0 0.679563 0.372354 0.053571 0.070106
