11 0.850333 0.224462 0.064302 0.153226
52 0.033259 0.387097 0.064302 0.155914
3 0.210089 0.223118 0.065410 0.155914
35 0.511641 0.725806 0.067627 0.155914
32 0.085920 0.724462 0.065410 0.147849
6 0.423503 0.224462 0.066519 0.153226
12 0.831486 0.560484 0.064302 0.153226
49 0.069290 0.892473 0.067627 0.155914
0 0.707871 0.223118 0.065410 0.155914
33 0.582040 0.725806 0.066519 0.155914
43 0.192350 0.557796 0.065410 0.153226
39 0.885255 0.391129 0.065410 0.153226
5 0.351996 0.223118 0.065410 0.155914
14 0.741131 0.895161 0.067627 0.155914
37 0.759978 0.561828 0.065410 0.150538
38 0.742239 0.391129 0.065410 0.153226
21 0.245565 0.391129 0.065410 0.153226
48 0.778271 0.223118 0.066519 0.150538
41 0.103659 0.391129 0.067627 0.153226
7 0.493902 0.227151 0.067627 0.153226
10 0.121951 0.557796 0.066519 0.153226
58 0.157428 0.725806 0.066519 0.150538
19 0.263858 0.557796 0.066519 0.153226
27 0.601441 0.396505 0.065410 0.153226
26 0.902439 0.559140 0.064302 0.150538
31 0.689579 0.560484 0.066519 0.153226
13 0.140798 0.892473 0.066519 0.155914
1 0.068182 0.221774 0.065410 0.153226
17 0.017184 0.221774 0.032151 0.153226
25 0.475610 0.559140 0.064302 0.155914
36 0.671286 0.391129 0.065410 0.153226
47 0.440687 0.895161 0.349224 0.150538
51 0.387472 0.389785 0.063193 0.150538
2 0.139135 0.221774 0.065410 0.153226
29 0.618071 0.559140 0.065410 0.155914
28 0.546563 0.559140 0.064302 0.155914
23 0.334257 0.557796 0.065410 0.153226
4 0.281042 0.221774 0.065410 0.153226
18 0.653548 0.724462 0.065410 0.153226
22 0.955654 0.473118 0.064302 0.322581
42 0.316519 0.391129 0.065410 0.153226
53 0.529379 0.391129 0.065410 0.153226
57 0.227827 0.725806 0.065410 0.150538
16 0.298780 0.724462 0.065410 0.153226
54 0.813747 0.389785 0.066519 0.155914
45 0.042129 0.553763 0.082040 0.155914
30 0.501109 0.501344 1.000000 0.997312
20 0.939024 0.223118 0.099778 0.155914
55 0.370288 0.724462 0.066519 0.153226
40 0.724501 0.725806 0.065410 0.150538
24 0.405211 0.557796 0.065410 0.153226
34 0.794900 0.725806 0.066519 0.150538
46 0.909645 0.724462 0.154102 0.158602
8 0.565410 0.221774 0.066519 0.153226
15 0.440687 0.724462 0.067627 0.153226
44 0.024390 0.723118 0.046563 0.155914
9 0.636364 0.221774 0.066519 0.153226
59 0.457871 0.391129 0.066519 0.153226
56 0.174612 0.389785 0.065410 0.155914
