37 0.729228 0.571429 0.069733 0.087302
33 0.545994 0.672619 0.068249 0.087302
21 0.192878 0.492063 0.068249 0.087302
15 0.399110 0.680556 0.068249 0.087302
54 0.782641 0.474206 0.069733 0.087302
5 0.302671 0.392857 0.065282 0.083333
48 0.742582 0.378968 0.066766 0.083333
47 0.399110 0.783730 0.367953 0.111111
52 0.026706 0.498016 0.050445 0.087302
25 0.433234 0.579365 0.065282 0.087302
41 0.045994 0.500000 0.068249 0.087302
55 0.326409 0.682540 0.068249 0.087302
51 0.339763 0.487103 0.065282 0.085317
12 0.803412 0.569444 0.069733 0.087302
40 0.696588 0.669643 0.069733 0.085317
14 0.721068 0.774802 0.074184 0.105159
2 0.082344 0.399802 0.066766 0.085317
53 0.489614 0.485119 0.065282 0.085317
42 0.267062 0.489087 0.065282 0.085317
13 0.054154 0.799603 0.084570 0.103175
23 0.285608 0.583333 0.066766 0.087302
46 0.890950 0.661706 0.164688 0.089286
10 0.062315 0.593254 0.068249 0.087302
19 0.213650 0.589286 0.068249 0.087302
0 0.668398 0.382937 0.066766 0.083333
29 0.580119 0.575397 0.068249 0.087302
59 0.413947 0.483135 0.065282 0.085317
39 0.853858 0.470238 0.066766 0.087302
24 0.359792 0.581349 0.066766 0.087302
11 0.813798 0.376984 0.066766 0.083333
38 0.708457 0.476190 0.069733 0.087302
26 0.876855 0.566468 0.068249 0.085317
16 0.249258 0.683532 0.068249 0.089286
57 0.175074 0.688492 0.068249 0.087302
28 0.508902 0.578373 0.065282 0.085317
8 0.520030 0.386905 0.066766 0.083333
31 0.656528 0.575397 0.069733 0.087302
6 0.375371 0.390873 0.065282 0.083333
34 0.770772 0.667659 0.069733 0.085317
20 0.905045 0.374008 0.103858 0.085317
22 0.931751 0.514881 0.077151 0.184524
44 0.022997 0.692460 0.043027 0.091270
49 0.028932 0.803571 0.054896 0.103175
36 0.635757 0.482143 0.069733 0.087302
17 0.017062 0.403770 0.031157 0.085317
27 0.559347 0.479167 0.065282 0.085317
35 0.476261 0.678571 0.068249 0.087302
4 0.229970 0.395833 0.068249 0.081349
58 0.100890 0.692460 0.068249 0.087302
45 0.030415 0.594246 0.057864 0.085317
9 0.594214 0.386905 0.066766 0.083333
7 0.448071 0.388889 0.065282 0.083333
1 0.023739 0.401786 0.044510 0.085317
3 0.155786 0.397817 0.068249 0.081349
32 0.029674 0.690476 0.056380 0.087302
30 0.496291 0.561508 0.989614 0.630952
43 0.137240 0.591270 0.066766 0.087302
56 0.118694 0.496032 0.068249 0.087302
18 0.620920 0.671627 0.066766 0.089286
