48 0.547465 0.308153 0.043150 0.091127
8 0.407228 0.308753 0.043150 0.092326
4 0.220065 0.308753 0.043150 0.092326
59 0.336839 0.410072 0.042611 0.091127
10 0.114347 0.512590 0.042071 0.092326
38 0.524272 0.410671 0.042071 0.092326
3 0.172600 0.309353 0.043150 0.093525
24 0.302050 0.511990 0.042071 0.091127
36 0.477346 0.410072 0.043150 0.093525
22 0.665049 0.457434 0.042071 0.195444
9 0.454153 0.309353 0.043150 0.093525
57 0.184736 0.612710 0.042611 0.091127
54 0.571197 0.410072 0.042071 0.093525
34 0.559331 0.613309 0.043150 0.089928
43 0.161543 0.512590 0.042611 0.092326
50 0.653722 0.713429 0.067961 0.093525
25 0.348975 0.511990 0.043150 0.091127
42 0.243258 0.410671 0.042071 0.092326
11 0.594391 0.308153 0.042071 0.091127
30 0.501618 0.466427 0.997843 0.649880
44 0.037487 0.612710 0.055556 0.093525
27 0.430421 0.410072 0.042071 0.091127
15 0.325243 0.612710 0.043150 0.091127
35 0.372168 0.613309 0.044229 0.092326
45 0.049622 0.511990 0.077670 0.088729
0 0.501079 0.309353 0.043150 0.093525
23 0.255124 0.511990 0.042071 0.091127
40 0.512406 0.612710 0.043150 0.088729
2 0.125944 0.308753 0.043689 0.092326
31 0.488943 0.511990 0.042611 0.093525
17 0.032093 0.307554 0.042611 0.092326
16 0.231661 0.612710 0.043689 0.091127
51 0.290183 0.409472 0.042071 0.092326
13 0.108684 0.714628 0.055556 0.095923
39 0.617853 0.410671 0.042611 0.092326
52 0.043959 0.410671 0.066343 0.087530
41 0.102751 0.409472 0.043689 0.092326
14 0.587918 0.714029 0.057174 0.094724
28 0.395361 0.511990 0.042071 0.093525
53 0.383765 0.410072 0.042611 0.093525
46 0.635383 0.611511 0.100324 0.091127
18 0.465750 0.612710 0.042611 0.091127
47 0.347627 0.714628 0.276699 0.093525
33 0.418824 0.612710 0.043689 0.093525
1 0.079288 0.308753 0.042071 0.092326
37 0.536138 0.511391 0.042071 0.092326
20 0.652913 0.306954 0.065264 0.093525
58 0.137540 0.612710 0.043150 0.091127
6 0.313646 0.309353 0.043689 0.091127
32 0.091154 0.612110 0.043150 0.089928
26 0.629450 0.511391 0.042071 0.092326
12 0.583064 0.511990 0.043150 0.093525
7 0.360302 0.308753 0.042071 0.092326
49 0.044229 0.715228 0.066882 0.094724
5 0.266721 0.308753 0.042611 0.092326
56 0.149407 0.408873 0.042071 0.093525
29 0.442287 0.511990 0.043150 0.093525
21 0.196602 0.410072 0.042611 0.093525
19 0.208198 0.512590 0.042071 0.092326
55 0.278587 0.613309 0.043689 0.092326
