2 0.192871 0.382812 0.032227 0.041667
3 0.229004 0.382812 0.032227 0.041667
11 0.545898 0.384115 0.031250 0.041667
6 0.341797 0.692057 0.033203 0.045573
49 0.123047 0.895833 0.054688 0.054688
13 0.178711 0.572266 0.044922 0.050781
46 0.577148 0.518880 0.074219 0.040365
41 0.174805 0.427734 0.033203 0.040365
9 0.441406 0.387370 0.031250 0.040365
53 0.397461 0.738281 0.033203 0.044271
10 0.183105 0.474609 0.032227 0.042969
0 0.489746 0.692057 0.032227 0.042969
58 0.200195 0.840495 0.035156 0.042969
15 0.344727 0.519531 0.033203 0.041667
45 0.129883 0.792969 0.060547 0.044271
43 0.219727 0.791016 0.033203 0.045573
5 0.304688 0.694010 0.033203 0.044271
17 0.118652 0.695964 0.032227 0.042969
1 0.155762 0.695312 0.034180 0.044271
56 0.209961 0.428385 0.033203 0.041667
26 0.589355 0.784505 0.032227 0.042969
38 0.506836 0.736328 0.031250 0.042969
28 0.398926 0.476562 0.032227 0.041667
55 0.308594 0.519531 0.033203 0.041667
50 0.610352 0.886719 0.054688 0.052083
20 0.606934 0.688151 0.049805 0.042969
42 0.286133 0.740885 0.033203 0.044271
47 0.367188 0.889323 0.218750 0.054688
52 0.128906 0.428385 0.050781 0.041667
5 0.300293 0.382812 0.032227 0.041667
54 0.529785 0.430990 0.032227 0.041667
35 0.379883 0.519531 0.033203 0.041667
35 0.387695 0.835938 0.033203 0.044271
41 0.172852 0.742188 0.035156 0.044271
33 0.415039 0.519531 0.033203 0.041667
10 0.181641 0.791667 0.035156 0.044271
34 0.534668 0.834635 0.032227 0.041667
16 0.276367 0.838542 0.033203 0.044271
47 0.360840 0.570964 0.211914 0.050781
30 0.510254 0.776693 0.844727 0.316406
4 0.265137 0.385417 0.032227 0.041667
21 0.246582 0.428385 0.032227 0.041667
59 0.353027 0.428385 0.032227 0.041667
23 0.291016 0.473958 0.031250 0.041667
57 0.238281 0.839844 0.033203 0.044271
20 0.589355 0.383464 0.047852 0.040365
50 0.590820 0.569010 0.050781 0.049479
26 0.571777 0.473958 0.032227 0.041667
3 0.229980 0.695312 0.034180 0.044271
39 0.563965 0.432292 0.032227 0.041667
0 0.477539 0.386068 0.031250 0.040365
1 0.157715 0.384115 0.032227 0.041667
58 0.201172 0.520833 0.033203 0.041667
2 0.193359 0.694010 0.033203 0.041667
6 0.335938 0.384766 0.033203 0.042969
54 0.543457 0.736328 0.032227 0.042969
53 0.388672 0.428385 0.033203 0.041667
37 0.516602 0.785156 0.031250 0.044271
48 0.525879 0.692057 0.032227 0.040365
36 0.470703 0.736979 0.031250 0.044271
31 0.479980 0.785156 0.032227 0.044271
32 0.163086 0.841146 0.035156 0.044271
52 0.125488 0.744792 0.051758 0.044271
8 0.407227 0.387370 0.031250 0.040365
45 0.132812 0.473958 0.058594 0.041667
18 0.461426 0.835286 0.032227 0.042969
22 0.598145 0.450521 0.032227 0.085938
59 0.360352 0.739583 0.033203 0.044271
29 0.433105 0.476562 0.032227 0.041667
14 0.559082 0.886719 0.045898 0.052083
11 0.561035 0.688802 0.032227 0.041667
51 0.322754 0.739583 0.032227 0.044271
9 0.452637 0.690755 0.032227 0.042969
14 0.542480 0.570964 0.041992 0.048177
51 0.317383 0.428385 0.031250 0.041667
46 0.595215 0.832682 0.079102 0.042969
18 0.450195 0.519531 0.031250 0.041667
27 0.434082 0.736979 0.032227 0.044271
12 0.536621 0.473958 0.032227 0.041667
36 0.460449 0.430990 0.032227 0.041667
23 0.294922 0.790365 0.033203 0.044271
25 0.361816 0.473958 0.032227 0.041667
31 0.468262 0.476562 0.032227 0.041667
8 0.416016 0.690104 0.033203 0.041667
33 0.424316 0.834635 0.032227 0.044271
13 0.175781 0.893880 0.044922 0.053385
30 0.497070 0.464844 0.806641 0.291667
55 0.313477 0.837240 0.033203 0.044271
40 0.484863 0.519531 0.032227 0.041667
40 0.498047 0.834635 0.031250 0.041667
7 0.378906 0.690755 0.033203 0.042969
4 0.267578 0.694010 0.033203 0.044271
16 0.272949 0.519531 0.032227 0.041667
42 0.282227 0.428385 0.031250 0.041667
19 0.254883 0.474609 0.031250 0.042969
44 0.123535 0.521484 0.041992 0.042969
17 0.120117 0.382161 0.031250 0.040365
39 0.580078 0.735677 0.031250 0.041667
25 0.369629 0.788411 0.032227 0.042969
32 0.165039 0.520833 0.033203 0.041667
21 0.248535 0.740885 0.034180 0.044271
19 0.257812 0.790365 0.033203 0.044271
24 0.326660 0.473958 0.032227 0.041667
12 0.553223 0.785156 0.032227 0.044271
29 0.442871 0.786458 0.032227 0.044271
48 0.511719 0.386068 0.031250 0.040365
24 0.332520 0.788411 0.032227 0.042969
22 0.616699 0.758464 0.032227 0.092448
27 0.425293 0.432292 0.032227 0.041667
56 0.210938 0.742188 0.035156 0.044271
49 0.127441 0.571615 0.051758 0.052083
43 0.218750 0.474609 0.031250 0.042969
44 0.119141 0.842448 0.042969 0.041667
15 0.350586 0.836589 0.033203 0.042969
7 0.372070 0.386068 0.031250 0.040365
28 0.406738 0.786458 0.032227 0.044271
57 0.236816 0.520833 0.032227 0.041667
