32 0.338748 0.539406 0.141838 0.125323
46 0.613312 0.664083 0.229794 0.235142
54 0.682647 0.414083 0.122821 0.102067
36 0.555468 0.299742 0.109350 0.082687
55 0.206418 0.200904 0.091125 0.068475
47 0.164422 0.308140 0.255943 0.277778
14 0.282488 0.467700 0.141838 0.134367
11 0.810618 0.390827 0.126783 0.096899
2 0.297147 0.012920 0.071315 0.023256
48 0.736926 0.333979 0.118859 0.086563
18 0.378764 0.398579 0.112520 0.094315
58 0.108954 0.089793 0.076862 0.058140
13 0.053090 0.164083 0.099842 0.074935
29 0.438193 0.317183 0.107765 0.081395
3 0.333994 0.020026 0.076862 0.037468
31 0.492472 0.369509 0.110143 0.093023
35 0.284865 0.290698 0.095880 0.077519
28 0.386688 0.266150 0.098257 0.074935
57 0.138273 0.124031 0.080032 0.059432
15 0.241284 0.242248 0.091125 0.071059
26 0.841521 0.556848 0.136292 0.118863
34 0.496434 0.529070 0.119651 0.107235
44 0.065372 0.043928 0.103803 0.085271
49 0.022187 0.062016 0.042789 0.059432
10 0.161252 0.040052 0.072108 0.051680
1 0.267036 0.013566 0.068146 0.024548
17 0.236133 0.011628 0.068146 0.020672
16 0.171157 0.162145 0.085578 0.060724
8 0.552298 0.186693 0.101426 0.071059
41 0.217116 0.012920 0.071315 0.023256
30 0.500792 0.501292 1.000000 1.000000
9 0.608558 0.229974 0.106181 0.074935
37 0.553090 0.430879 0.120444 0.099483
23 0.258716 0.138243 0.080032 0.059432
7 0.501585 0.145995 0.095087 0.064599
42 0.320127 0.089793 0.080824 0.058140
43 0.192948 0.070413 0.076862 0.052972
19 0.225436 0.104005 0.076862 0.055556
33 0.329635 0.343669 0.104596 0.087855
0 0.669176 0.278424 0.111727 0.078811
22 0.727813 0.612403 0.203645 0.204134
53 0.448494 0.204780 0.096672 0.068475
56 0.249604 0.027132 0.076070 0.051680
45 0.123613 0.018734 0.090333 0.034884
6 0.454834 0.107881 0.088748 0.058140
52 0.182647 0.014212 0.081616 0.025840
59 0.401743 0.162145 0.091918 0.068475
4 0.370840 0.041990 0.080824 0.055556
40 0.434231 0.460594 0.112520 0.096899
38 0.616086 0.353359 0.116482 0.089147
5 0.409667 0.072351 0.082409 0.056848
21 0.282488 0.057494 0.078447 0.052972
20 0.911252 0.481912 0.171157 0.155039
39 0.758320 0.482558 0.133122 0.112403
24 0.299128 0.177649 0.087956 0.063307
12 0.621236 0.498708 0.129952 0.108527
27 0.499604 0.250000 0.102219 0.076227
25 0.341125 0.219638 0.094295 0.072351
51 0.358558 0.125969 0.087956 0.063307
