11 0.744666 0.385928 0.052632 0.085288
13 0.186700 0.764925 0.050498 0.107676
37 0.666430 0.579424 0.052632 0.086354
5 0.336060 0.385928 0.049075 0.083156
2 0.172119 0.385928 0.046942 0.081023
21 0.246799 0.478145 0.049787 0.084222
16 0.291963 0.663646 0.050498 0.082090
54 0.707326 0.482409 0.053343 0.088486
29 0.548009 0.575693 0.050498 0.087420
12 0.727240 0.579957 0.053343 0.087420
52 0.083926 0.476013 0.054054 0.082090
47 0.408250 0.776652 0.277383 0.118337
23 0.318990 0.572495 0.047653 0.083156
42 0.302276 0.479211 0.048364 0.082090
38 0.647226 0.481876 0.052632 0.087420
44 0.105263 0.656716 0.093883 0.083156
4 0.280939 0.386461 0.048364 0.082090
51 0.358108 0.478678 0.049075 0.083156
6 0.392603 0.386461 0.049787 0.084222
8 0.507112 0.386994 0.051209 0.085288
41 0.138336 0.477612 0.049075 0.081023
10 0.155050 0.568230 0.046942 0.083156
43 0.209104 0.569829 0.046942 0.082090
59 0.414296 0.479211 0.050498 0.084222
9 0.565434 0.385928 0.051209 0.085288
57 0.236486 0.661514 0.047653 0.082090
3 0.226174 0.385928 0.048364 0.081023
40 0.636913 0.673774 0.053343 0.085288
27 0.529161 0.479744 0.051209 0.085288
18 0.577881 0.672175 0.051920 0.086354
15 0.403627 0.666311 0.050498 0.083156
34 0.697013 0.676439 0.055477 0.086354
33 0.519203 0.670576 0.052632 0.085288
35 0.460882 0.668443 0.051209 0.085288
14 0.639403 0.785714 0.054054 0.115139
45 0.091038 0.566631 0.066856 0.082090
26 0.821835 0.485075 0.037696 0.087420
0 0.624467 0.386994 0.052632 0.085288
55 0.347440 0.665245 0.049075 0.083156
22 0.801920 0.581023 0.077525 0.089552
20 0.810100 0.389659 0.061166 0.090618
58 0.182788 0.659382 0.048364 0.082090
25 0.431721 0.574627 0.048364 0.083156
49 0.081437 0.757996 0.047653 0.106610
17 0.074324 0.385928 0.033428 0.078891
56 0.192745 0.477079 0.048364 0.082090
1 0.118421 0.386461 0.046230 0.082090
53 0.471195 0.480277 0.050498 0.086354
31 0.606330 0.577292 0.051920 0.086354
30 0.450925 0.568763 0.803698 0.621535
28 0.489687 0.574627 0.049075 0.085288
19 0.263514 0.570896 0.047653 0.084222
24 0.375178 0.573028 0.049075 0.084222
36 0.587482 0.480810 0.052632 0.087420
46 0.787340 0.678571 0.109531 0.090618
48 0.683855 0.386461 0.053343 0.086354
7 0.450213 0.386994 0.049787 0.085288
39 0.768137 0.483475 0.054054 0.090618
