30 0.439799 0.491038 0.877926 0.455660
27 0.534699 0.434434 0.056020 0.065094
21 0.216973 0.434906 0.057692 0.066038
25 0.426839 0.506604 0.057692 0.064151
5 0.320234 0.364151 0.056856 0.064151
7 0.447742 0.364151 0.056020 0.066038
47 0.398411 0.659434 0.311873 0.086792
43 0.173077 0.506604 0.056856 0.064151
20 0.832776 0.367453 0.065217 0.066981
39 0.791388 0.437736 0.056020 0.066038
56 0.153846 0.433962 0.058528 0.066038
13 0.147157 0.659434 0.056856 0.086792
0 0.637960 0.364623 0.056856 0.065094
6 0.383779 0.364623 0.056856 0.065094
10 0.109532 0.507075 0.056856 0.065094
18 0.585702 0.577830 0.056020 0.063208
59 0.408027 0.434906 0.056856 0.066038
12 0.745401 0.507075 0.057692 0.065094
1 0.066054 0.364151 0.056856 0.064151
15 0.395485 0.577830 0.058528 0.063208
36 0.598244 0.434906 0.057692 0.066038
58 0.141722 0.578302 0.057692 0.064151
40 0.649247 0.577830 0.057692 0.063208
29 0.554766 0.506132 0.056020 0.065094
48 0.702759 0.366509 0.057692 0.065094
28 0.490385 0.506604 0.056020 0.064151
26 0.844064 0.437264 0.042642 0.066981
11 0.765050 0.363679 0.055184 0.063208
22 0.823161 0.506132 0.081104 0.065094
19 0.236622 0.506604 0.056856 0.064151
51 0.344064 0.434434 0.056020 0.065094
46 0.807274 0.577830 0.112876 0.065094
14 0.650920 0.660377 0.057692 0.084906
37 0.681856 0.506604 0.056020 0.064151
17 0.016304 0.364623 0.030936 0.063208
23 0.300167 0.507075 0.056856 0.065094
49 0.025502 0.659906 0.049331 0.083962
55 0.331940 0.577830 0.056856 0.063208
53 0.471154 0.434906 0.057692 0.066038
4 0.256689 0.364151 0.056856 0.064151
8 0.510870 0.364623 0.056856 0.065094
33 0.522575 0.577830 0.058528 0.065094
9 0.574833 0.364151 0.057692 0.066038
3 0.194816 0.365566 0.056856 0.065094
52 0.028010 0.434906 0.054348 0.066038
45 0.038043 0.506604 0.074415 0.066038
57 0.205268 0.578302 0.057692 0.064151
42 0.280518 0.434906 0.057692 0.066038
44 0.053930 0.578302 0.106187 0.067925
38 0.661371 0.434434 0.056856 0.065094
41 0.089883 0.435377 0.057692 0.065094
16 0.268813 0.578302 0.057692 0.064151
54 0.725334 0.435377 0.057692 0.065094
34 0.713211 0.578774 0.058528 0.063208
35 0.459030 0.578302 0.056856 0.064151
2 0.130017 0.363679 0.057692 0.063208
31 0.617893 0.506132 0.055184 0.065094
24 0.363294 0.506604 0.056020 0.064151
