39 0.769658 0.462678 0.048718 0.067536
0 0.636752 0.389810 0.049573 0.063981
54 0.714103 0.463270 0.050427 0.068720
16 0.313675 0.619076 0.052991 0.069905
5 0.363675 0.389218 0.050427 0.065166
37 0.678632 0.539100 0.051282 0.068720
45 0.103846 0.541469 0.074359 0.068720
31 0.622650 0.539100 0.048718 0.068720
36 0.603846 0.463270 0.050427 0.066351
28 0.511538 0.539692 0.048718 0.067536
46 0.791453 0.616114 0.097436 0.071090
53 0.494444 0.464455 0.050427 0.066351
26 0.815812 0.466232 0.035043 0.067536
15 0.427778 0.617299 0.052137 0.068720
25 0.456410 0.539692 0.049573 0.067536
51 0.383761 0.464455 0.049573 0.066351
23 0.343590 0.540877 0.051282 0.067536
48 0.691880 0.388626 0.048718 0.063981
13 0.200000 0.712678 0.052991 0.095972
33 0.540171 0.616114 0.051282 0.071090
44 0.114957 0.619076 0.101709 0.072275
19 0.286325 0.541469 0.051282 0.068720
20 0.803846 0.388033 0.052137 0.065166
14 0.654701 0.708531 0.051282 0.094787
38 0.658974 0.463270 0.049573 0.066351
55 0.371368 0.617891 0.052137 0.069905
4 0.308120 0.388626 0.050427 0.066351
11 0.747009 0.388626 0.047863 0.063981
12 0.735043 0.539100 0.051282 0.068720
29 0.567521 0.539100 0.049573 0.068720
3 0.251709 0.388626 0.050427 0.066351
17 0.093590 0.389218 0.033333 0.062796
43 0.228632 0.541469 0.052137 0.068720
40 0.652137 0.616114 0.051282 0.068720
59 0.439316 0.464455 0.049573 0.066351
42 0.327350 0.464455 0.051282 0.068720
49 0.085470 0.711493 0.056410 0.095972
58 0.198291 0.619668 0.051282 0.071090
52 0.098718 0.464455 0.055556 0.066351
57 0.255983 0.619668 0.052137 0.071090
41 0.157692 0.463863 0.052137 0.067536
24 0.400427 0.540877 0.050427 0.067536
30 0.450427 0.536137 0.810256 0.489336
1 0.140598 0.388626 0.050427 0.066351
27 0.549145 0.463270 0.048718 0.066351
8 0.528205 0.390403 0.047863 0.062796
9 0.582051 0.389810 0.049573 0.063981
47 0.426068 0.707938 0.279487 0.098341
21 0.270513 0.463863 0.052137 0.067536
56 0.214530 0.463270 0.051282 0.068720
6 0.419231 0.389810 0.048718 0.063981
34 0.708547 0.616706 0.052991 0.067536
22 0.802137 0.537915 0.069231 0.068720
2 0.196154 0.388626 0.050427 0.066351
18 0.596154 0.616114 0.050427 0.068720
35 0.484188 0.616706 0.050427 0.069905
7 0.473932 0.390403 0.047009 0.062796
10 0.172222 0.541469 0.050427 0.068720
