23 0.186537 0.329250 0.028801 0.085758
34 0.381112 0.502297 0.044206 0.101072
9 0.360013 0.156202 0.039518 0.091884
46 0.446752 0.527565 0.095111 0.124043
28 0.281313 0.353752 0.038848 0.088821
49 0.025787 0.485452 0.035499 0.091884
18 0.309109 0.482389 0.042197 0.098009
14 0.289015 0.597243 0.052914 0.119449
47 0.193905 0.556662 0.152043 0.157734
25 0.246484 0.344564 0.034829 0.088821
12 0.419290 0.395865 0.042867 0.099541
42 0.198259 0.228943 0.032150 0.084227
13 0.102813 0.520674 0.044876 0.101072
11 0.468855 0.167688 0.040188 0.096478
21 0.170127 0.227412 0.032150 0.084227
51 0.228064 0.234303 0.034159 0.082695
3 0.176155 0.130934 0.032150 0.081164
0 0.394173 0.156202 0.039518 0.091884
6 0.261889 0.139357 0.034829 0.085758
5 0.231413 0.134763 0.031480 0.082695
56 0.144005 0.216692 0.029471 0.081164
55 0.182853 0.432619 0.034829 0.090352
44 0.047220 0.386677 0.035499 0.078101
7 0.291695 0.143185 0.032820 0.084227
58 0.100469 0.405054 0.030810 0.084227
43 0.132284 0.313170 0.030141 0.084227
19 0.158741 0.320827 0.029471 0.084227
2 0.149364 0.126340 0.032150 0.081164
30 0.500000 0.496937 0.997321 0.990812
45 0.072003 0.300919 0.051574 0.084227
40 0.343938 0.490046 0.042197 0.098009
26 0.454119 0.406585 0.036169 0.099541
36 0.356664 0.260337 0.038178 0.098009
41 0.118218 0.212098 0.031480 0.081164
39 0.463496 0.284074 0.033490 0.099541
37 0.383121 0.383614 0.042867 0.099541
57 0.126926 0.414242 0.031480 0.084227
20 0.521433 0.175345 0.064970 0.105666
54 0.429337 0.277948 0.040188 0.099541
16 0.155392 0.423430 0.036169 0.087289
22 0.503684 0.351455 0.073677 0.228178
38 0.392498 0.269525 0.037508 0.098009
29 0.311788 0.363706 0.039518 0.093415
52 0.084729 0.206738 0.038178 0.079632
10 0.106832 0.305513 0.031480 0.081164
53 0.290355 0.245789 0.036839 0.090352
27 0.322170 0.252680 0.036169 0.094946
50 0.427997 0.657734 0.100469 0.145482
31 0.346952 0.373660 0.041527 0.098009
1 0.123912 0.121746 0.032150 0.081164
8 0.324514 0.147779 0.035499 0.090352
24 0.217013 0.336141 0.034829 0.090352
33 0.276289 0.464778 0.040857 0.099541
4 0.202947 0.129403 0.033490 0.081164
17 0.098125 0.114855 0.027461 0.073507
15 0.212659 0.442573 0.038178 0.091884
32 0.075687 0.398928 0.030810 0.084227
59 0.257535 0.240429 0.034159 0.088821
35 0.243804 0.453292 0.038848 0.094946
48 0.432016 0.163093 0.044206 0.096478
