23 0.138972 0.257679 0.032042 0.095563
34 0.355440 0.450512 0.049180 0.112628
9 0.331967 0.064846 0.043964 0.102389
46 0.428465 0.478669 0.105812 0.138225
28 0.244411 0.284983 0.043219 0.098976
49 0.010432 0.431741 0.019374 0.102389
18 0.275335 0.428328 0.046945 0.109215
14 0.252981 0.556314 0.058867 0.133106
47 0.147168 0.511092 0.169151 0.175768
25 0.205663 0.274744 0.038748 0.098976
12 0.397914 0.331911 0.047690 0.110922
42 0.152012 0.145904 0.035768 0.093857
13 0.045827 0.470990 0.049925 0.112628
11 0.453055 0.077645 0.044709 0.107509
21 0.120715 0.144198 0.035768 0.093857
51 0.185171 0.151877 0.038003 0.092150
3 0.127422 0.041809 0.035768 0.080205
0 0.369970 0.064846 0.043964 0.102389
6 0.222802 0.047782 0.038748 0.092150
5 0.188897 0.044369 0.035022 0.085324
56 0.091654 0.132253 0.032787 0.090444
55 0.134873 0.372867 0.038748 0.100683
44 0.010432 0.321672 0.019374 0.087031
7 0.255961 0.050341 0.036513 0.093857
58 0.043219 0.342150 0.034277 0.093857
43 0.078614 0.239761 0.033532 0.093857
19 0.108048 0.248294 0.032787 0.093857
2 0.097615 0.039249 0.035768 0.075085
30 0.500745 0.499147 1.000000 0.994881
45 0.020492 0.226109 0.039493 0.093857
40 0.314083 0.436860 0.046945 0.109215
26 0.436662 0.343857 0.040238 0.110922
36 0.328241 0.180887 0.042474 0.109215
41 0.062966 0.127133 0.035022 0.090444
39 0.447094 0.207338 0.037258 0.110922
37 0.357675 0.318259 0.047690 0.110922
57 0.072653 0.352389 0.035022 0.093857
20 0.511550 0.086177 0.072280 0.117747
54 0.409091 0.200512 0.044709 0.110922
16 0.104322 0.362628 0.040238 0.097270
22 0.491803 0.282423 0.081967 0.254266
38 0.368107 0.191126 0.041729 0.109215
29 0.278316 0.296075 0.043964 0.104096
52 0.025708 0.121160 0.042474 0.088737
10 0.050298 0.231229 0.035022 0.090444
53 0.254471 0.164676 0.040984 0.100683
27 0.289866 0.172355 0.040238 0.105802
50 0.407601 0.623720 0.111773 0.162116
31 0.317437 0.307167 0.046200 0.109215
1 0.069300 0.036689 0.035768 0.069966
8 0.292474 0.055461 0.039493 0.100683
24 0.172876 0.265358 0.038748 0.100683
33 0.238823 0.408703 0.045455 0.110922
4 0.157228 0.040956 0.037258 0.078498
17 0.040611 0.030717 0.030551 0.058020
15 0.168033 0.383959 0.042474 0.102389
32 0.016766 0.335324 0.032042 0.093857
59 0.217958 0.158703 0.038003 0.098976
35 0.202683 0.395904 0.043219 0.105802
48 0.412072 0.072526 0.049180 0.107509
