55 0.253879 0.697183 0.039492 0.126761
25 0.320169 0.561033 0.039492 0.126761
15 0.298307 0.697183 0.040903 0.126761
56 0.133992 0.422535 0.039492 0.131455
19 0.188999 0.561033 0.039492 0.126761
57 0.166432 0.697183 0.039492 0.126761
3 0.165726 0.286385 0.040903 0.131455
35 0.342031 0.699531 0.040903 0.131455
59 0.308886 0.422535 0.039492 0.131455
42 0.221439 0.424883 0.039492 0.126761
48 0.517630 0.288732 0.039492 0.126761
58 0.123413 0.697183 0.040903 0.126761
17 0.034556 0.288732 0.038082 0.126761
27 0.398449 0.429577 0.040903 0.126761
8 0.385755 0.288732 0.040903 0.126761
2 0.122003 0.286385 0.040903 0.131455
13 0.136812 0.838028 0.039492 0.126761
23 0.232722 0.561033 0.039492 0.126761
46 0.598731 0.701878 0.111425 0.136150
50 0.546544 0.842723 0.040903 0.136150
0 0.473907 0.288732 0.039492 0.126761
33 0.385755 0.699531 0.040903 0.131455
37 0.495769 0.563380 0.040903 0.131455
51 0.265162 0.424883 0.039492 0.126761
52 0.040197 0.422535 0.049365 0.131455
12 0.539492 0.563380 0.040903 0.131455
11 0.562059 0.288732 0.040903 0.126761
43 0.143865 0.561033 0.039492 0.126761
41 0.089563 0.422535 0.040903 0.131455
9 0.432299 0.298122 0.040903 0.126761
29 0.407616 0.561033 0.039492 0.126761
5 0.253879 0.288732 0.039492 0.126761
6 0.297602 0.288732 0.039492 0.126761
7 0.342031 0.288732 0.038082 0.126761
31 0.451340 0.563380 0.039492 0.131455
22 0.610014 0.563380 0.091678 0.131455
1 0.078279 0.288732 0.040903 0.126761
30 0.501410 0.507042 0.997179 0.967136
38 0.485190 0.424883 0.039492 0.126761
26 0.626939 0.427230 0.057828 0.131455
20 0.620592 0.288732 0.070522 0.126761
40 0.473907 0.697183 0.039492 0.126761
36 0.442172 0.434272 0.040903 0.126761
4 0.210155 0.288732 0.039492 0.126761
39 0.573343 0.424883 0.040903 0.126761
18 0.430183 0.697183 0.039492 0.126761
45 0.047250 0.563380 0.063470 0.131455
28 0.363893 0.561033 0.039492 0.126761
44 0.055712 0.697183 0.083216 0.126761
21 0.177715 0.422535 0.039492 0.131455
53 0.353315 0.424883 0.040903 0.126761
14 0.501410 0.838028 0.040903 0.136150
47 0.318054 0.835681 0.232722 0.131455
49 0.091678 0.840376 0.042313 0.131455
34 0.517630 0.699531 0.039492 0.122066
54 0.529619 0.427230 0.040903 0.131455
10 0.100846 0.563380 0.038082 0.131455
16 0.210155 0.697183 0.039492 0.126761
24 0.276446 0.561033 0.039492 0.126761
