58 0.207463 0.660377 0.053731 0.139623
9 0.509328 0.176415 0.044030 0.130189
48 0.597761 0.165094 0.043284 0.130189
14 0.577239 0.729245 0.047015 0.133962
59 0.395149 0.332075 0.047015 0.135849
28 0.461567 0.466038 0.045522 0.135849
55 0.354851 0.631132 0.050000 0.137736
17 0.075000 0.227358 0.052985 0.141509
10 0.172015 0.516981 0.051493 0.143396
15 0.401866 0.620755 0.050000 0.135849
29 0.506716 0.457547 0.046269 0.133962
8 0.464925 0.182075 0.044776 0.133962
30 0.500746 0.494340 1.000000 0.984906
16 0.307090 0.640566 0.051493 0.141509
21 0.251493 0.351887 0.049254 0.137736
7 0.419776 0.186792 0.047015 0.135849
46 0.702985 0.562264 0.113433 0.135849
1 0.127612 0.221698 0.052239 0.141509
23 0.320522 0.490566 0.048507 0.139623
47 0.428731 0.771698 0.247015 0.184906
24 0.368657 0.482075 0.049254 0.137736
25 0.415672 0.474528 0.047761 0.133962
3 0.227985 0.207547 0.051493 0.139623
57 0.257090 0.650943 0.051493 0.139623
27 0.486940 0.317925 0.044030 0.130189
18 0.537687 0.595283 0.047015 0.133962
26 0.710075 0.288679 0.057463 0.124528
44 0.127612 0.676415 0.105970 0.152830
19 0.272761 0.500000 0.050000 0.139623
6 0.373134 0.192453 0.046269 0.135849
2 0.177985 0.214151 0.051493 0.137736
36 0.531343 0.313208 0.044776 0.132075
31 0.550746 0.450943 0.044776 0.135849
40 0.581343 0.585849 0.044776 0.126415
56 0.201119 0.359434 0.050000 0.141509
49 0.120896 0.836792 0.071642 0.152830
11 0.640299 0.160377 0.041791 0.124528
34 0.625000 0.577358 0.044030 0.128302
42 0.300373 0.346226 0.048507 0.137736
51 0.348134 0.340566 0.047015 0.137736
33 0.494403 0.603774 0.047015 0.135849
4 0.277985 0.202830 0.048507 0.137736
22 0.704478 0.426415 0.089552 0.132075
43 0.222388 0.508491 0.050746 0.141509
38 0.575373 0.307547 0.043284 0.128302
0 0.554478 0.170755 0.044776 0.130189
53 0.441791 0.326415 0.046269 0.135849
52 0.089179 0.376415 0.067910 0.145283
35 0.448507 0.613208 0.049254 0.135849
5 0.325373 0.196226 0.047761 0.135849
54 0.618284 0.302830 0.042537 0.130189
41 0.150746 0.367925 0.055224 0.143396
37 0.595522 0.443396 0.044776 0.132075
45 0.105224 0.528302 0.080597 0.150943
12 0.638433 0.436792 0.044030 0.133962
39 0.659328 0.294340 0.042537 0.128302
50 0.727985 0.694340 0.090299 0.135849
20 0.696269 0.155660 0.067164 0.126415
13 0.281716 0.797170 0.052985 0.145283
