55 0.223301 0.660326 0.045307 0.146739
25 0.299353 0.502717 0.045307 0.146739
15 0.274272 0.660326 0.046926 0.146739
56 0.085761 0.342391 0.045307 0.152174
19 0.148867 0.502717 0.045307 0.146739
57 0.122977 0.660326 0.045307 0.146739
3 0.122168 0.184783 0.046926 0.152174
35 0.324434 0.663043 0.046926 0.152174
59 0.286408 0.342391 0.045307 0.152174
42 0.186084 0.345109 0.045307 0.146739
48 0.525890 0.187500 0.045307 0.146739
58 0.073625 0.660326 0.046926 0.146739
17 0.012136 0.187500 0.021036 0.146739
27 0.389159 0.350543 0.046926 0.146739
8 0.374595 0.187500 0.046926 0.146739
2 0.072006 0.184783 0.046926 0.152174
13 0.088997 0.823370 0.045307 0.146739
23 0.199029 0.502717 0.045307 0.146739
46 0.618932 0.665761 0.127832 0.157609
50 0.559061 0.828804 0.046926 0.157609
0 0.475728 0.187500 0.045307 0.146739
33 0.374595 0.663043 0.046926 0.152174
37 0.500809 0.505435 0.046926 0.152174
51 0.236246 0.345109 0.045307 0.146739
52 0.015372 0.342391 0.027508 0.152174
12 0.550971 0.505435 0.046926 0.152174
11 0.576861 0.187500 0.046926 0.146739
43 0.097087 0.502717 0.045307 0.146739
41 0.034790 0.342391 0.046926 0.152174
9 0.427994 0.198370 0.046926 0.146739
29 0.399676 0.502717 0.045307 0.146739
5 0.223301 0.187500 0.045307 0.146739
6 0.273463 0.187500 0.045307 0.146739
7 0.324434 0.187500 0.043689 0.146739
31 0.449838 0.505435 0.045307 0.152174
22 0.631877 0.505435 0.105178 0.152174
1 0.023463 0.187500 0.043689 0.146739
30 0.501618 0.502717 1.000000 0.994565
38 0.488673 0.345109 0.045307 0.146739
26 0.651294 0.347826 0.066343 0.152174
20 0.644013 0.187500 0.080906 0.146739
40 0.475728 0.660326 0.045307 0.146739
36 0.439320 0.355978 0.046926 0.146739
4 0.173139 0.187500 0.045307 0.146739
39 0.589806 0.345109 0.046926 0.146739
18 0.425566 0.660326 0.045307 0.146739
45 0.019417 0.505435 0.035599 0.152174
28 0.349515 0.502717 0.045307 0.146739
44 0.025081 0.660326 0.046926 0.146739
21 0.135922 0.342391 0.045307 0.152174
53 0.337379 0.345109 0.046926 0.146739
14 0.507282 0.823370 0.046926 0.157609
47 0.296926 0.820652 0.266990 0.152174
49 0.037217 0.826087 0.048544 0.152174
34 0.525890 0.663043 0.045307 0.141304
54 0.539644 0.347826 0.046926 0.152174
10 0.047735 0.505435 0.043689 0.152174
16 0.173139 0.660326 0.045307 0.146739
24 0.249191 0.502717 0.045307 0.146739
