13 0.163366 0.805556 0.052805 0.126263
44 0.047855 0.656566 0.049505 0.121212
53 0.384488 0.398990 0.042904 0.131313
15 0.324257 0.659091 0.041254 0.116162
41 0.112211 0.388889 0.039604 0.121212
49 0.051155 0.795455 0.052805 0.126263
40 0.504125 0.664141 0.037954 0.116162
34 0.549505 0.666667 0.039604 0.111111
17 0.043729 0.255051 0.037954 0.116162
12 0.575908 0.530303 0.039604 0.121212
14 0.500000 0.808081 0.052805 0.121212
16 0.234323 0.659091 0.039604 0.116162
37 0.532178 0.530303 0.041254 0.121212
27 0.428218 0.396465 0.037954 0.116162
32 0.099010 0.656566 0.039604 0.121212
8 0.405941 0.260101 0.039604 0.116162
43 0.169142 0.525253 0.037954 0.121212
36 0.471947 0.393939 0.039604 0.121212
50 0.670792 0.808081 0.057756 0.131313
20 0.654290 0.265152 0.084158 0.126263
11 0.584983 0.265152 0.037954 0.116162
46 0.635314 0.669192 0.122112 0.126263
23 0.259901 0.525253 0.037954 0.121212
0 0.495050 0.262626 0.039604 0.121212
59 0.338284 0.401515 0.039604 0.116162
18 0.459571 0.664141 0.037954 0.116162
28 0.396040 0.527778 0.039604 0.116162
19 0.215347 0.525253 0.037954 0.121212
24 0.305281 0.525253 0.039604 0.121212
21 0.202145 0.391414 0.037954 0.116162
1 0.089109 0.255051 0.039604 0.116162
56 0.157591 0.388889 0.037954 0.111111
38 0.518152 0.396465 0.039604 0.116162
55 0.278878 0.659091 0.039604 0.116162
6 0.314356 0.260101 0.037954 0.116162
9 0.450495 0.262626 0.039604 0.121212
7 0.359736 0.260101 0.039604 0.116162
35 0.369637 0.661616 0.039604 0.121212
33 0.414191 0.661616 0.039604 0.121212
10 0.126238 0.525253 0.041254 0.121212
31 0.486799 0.535354 0.039604 0.121212
29 0.440594 0.530303 0.039604 0.121212
47 0.331683 0.800505 0.280528 0.136364
45 0.061881 0.522727 0.077558 0.126263
30 0.501650 0.492424 1.000000 0.974747
25 0.350660 0.527778 0.037954 0.116162
54 0.563531 0.396465 0.037954 0.116162
3 0.179043 0.255051 0.041254 0.116162
48 0.540429 0.262626 0.041254 0.121212
22 0.650165 0.532828 0.095710 0.126263
4 0.223597 0.257576 0.037954 0.111111
57 0.189769 0.659091 0.039604 0.116162
52 0.055281 0.393939 0.064356 0.121212
26 0.664191 0.398990 0.061056 0.121212
39 0.608086 0.396465 0.041254 0.116162
51 0.292904 0.391414 0.037954 0.116162
2 0.134488 0.255051 0.041254 0.116162
5 0.268977 0.257576 0.039604 0.111111
58 0.144389 0.659091 0.037954 0.116162
42 0.246700 0.391414 0.037954 0.116162
