25 0.312860 0.354497 0.046065 0.142857
52 0.021593 0.211640 0.041267 0.137566
29 0.410269 0.351852 0.047025 0.142857
39 0.594530 0.202381 0.037428 0.145503
16 0.190499 0.498677 0.047025 0.140212
19 0.168906 0.354497 0.044146 0.142857
47 0.284549 0.653439 0.238964 0.148148
3 0.136276 0.068783 0.046065 0.132275
32 0.048464 0.500000 0.045106 0.137566
0 0.474568 0.063492 0.047025 0.121693
6 0.279271 0.067460 0.047985 0.129630
45 0.024952 0.354497 0.047985 0.137566
42 0.207774 0.208995 0.045106 0.137566
28 0.361324 0.351852 0.045106 0.142857
57 0.142514 0.500000 0.045106 0.137566
14 0.493282 0.649471 0.049904 0.150794
13 0.080614 0.646825 0.047985 0.145503
30 0.500960 0.395503 1.000000 0.785714
37 0.509117 0.350529 0.047025 0.145503
7 0.328215 0.066138 0.044146 0.126984
27 0.401631 0.203704 0.047025 0.137566
44 0.015835 0.498677 0.029750 0.134921
35 0.334933 0.498677 0.047985 0.140212
12 0.559021 0.350529 0.048944 0.145503
34 0.531670 0.498677 0.047985 0.140212
53 0.353167 0.205026 0.047985 0.145503
36 0.451056 0.202381 0.047985 0.140212
4 0.184261 0.067460 0.044146 0.129630
26 0.603647 0.349206 0.036468 0.142857
48 0.523512 0.063492 0.047025 0.121693
24 0.264875 0.353175 0.046065 0.140212
38 0.500000 0.202381 0.046065 0.140212
5 0.231286 0.067460 0.046065 0.129630
10 0.074376 0.355820 0.045106 0.140212
59 0.303743 0.206349 0.047025 0.142857
33 0.383877 0.498677 0.047985 0.140212
46 0.613724 0.498677 0.112284 0.140212
11 0.573896 0.062169 0.046065 0.119048
54 0.549904 0.202381 0.047985 0.145503
41 0.066219 0.210317 0.046065 0.140212
58 0.095489 0.500000 0.045106 0.137566
20 0.638676 0.062169 0.077735 0.119048
18 0.431862 0.498677 0.046065 0.140212
21 0.160749 0.210317 0.047025 0.140212
43 0.120921 0.355820 0.044146 0.140212
23 0.216411 0.355820 0.045106 0.140212
2 0.088772 0.068783 0.045106 0.132275
50 0.620921 0.653439 0.107486 0.148148
8 0.375720 0.066138 0.045106 0.126984
51 0.255758 0.207672 0.045106 0.140212
31 0.459213 0.350529 0.047025 0.145503
17 0.011996 0.070106 0.022073 0.134921
22 0.644914 0.272487 0.057582 0.296296
40 0.481286 0.498677 0.048944 0.140212
55 0.238964 0.498677 0.046065 0.140212
9 0.424664 0.064815 0.047025 0.124339
1 0.042226 0.070106 0.044146 0.134921
49 0.033109 0.646825 0.047025 0.145503
15 0.286468 0.498677 0.047025 0.140212
56 0.112764 0.210317 0.045106 0.140212
