13 0.165635 0.795775 0.049536 0.117371
44 0.057276 0.657277 0.046440 0.112676
53 0.373065 0.417840 0.040248 0.122066
15 0.316563 0.659624 0.038700 0.107981
41 0.117647 0.408451 0.037152 0.112676
49 0.060372 0.786385 0.049536 0.117371
40 0.485294 0.664319 0.035604 0.107981
34 0.527864 0.666667 0.037152 0.103286
17 0.053406 0.284038 0.035604 0.107981
12 0.552632 0.539906 0.037152 0.112676
14 0.481424 0.798122 0.049536 0.112676
16 0.232198 0.659624 0.037152 0.107981
37 0.511610 0.539906 0.038700 0.112676
27 0.414087 0.415493 0.035604 0.107981
32 0.105263 0.657277 0.037152 0.112676
8 0.393189 0.288732 0.037152 0.107981
43 0.171053 0.535211 0.035604 0.112676
36 0.455108 0.413146 0.037152 0.112676
50 0.641641 0.798122 0.054180 0.122066
20 0.626161 0.293427 0.078947 0.117371
11 0.561146 0.293427 0.035604 0.107981
46 0.608359 0.669014 0.114551 0.117371
23 0.256192 0.535211 0.035604 0.112676
0 0.476780 0.291080 0.037152 0.112676
59 0.329721 0.420188 0.037152 0.107981
18 0.443498 0.664319 0.035604 0.107981
28 0.383901 0.537559 0.037152 0.107981
19 0.214396 0.535211 0.035604 0.112676
24 0.298762 0.535211 0.037152 0.112676
21 0.202012 0.410798 0.035604 0.107981
1 0.095975 0.284038 0.037152 0.107981
56 0.160217 0.408451 0.035604 0.103286
38 0.498452 0.415493 0.037152 0.107981
55 0.273994 0.659624 0.037152 0.107981
6 0.307276 0.288732 0.035604 0.107981
9 0.434985 0.291080 0.037152 0.112676
7 0.349845 0.288732 0.037152 0.107981
35 0.359133 0.661972 0.037152 0.112676
33 0.400929 0.661972 0.037152 0.112676
10 0.130805 0.535211 0.038700 0.112676
31 0.469040 0.544601 0.037152 0.112676
29 0.425697 0.539906 0.037152 0.112676
47 0.323529 0.791080 0.263158 0.126761
45 0.070433 0.532864 0.072755 0.117371
30 0.499226 0.497653 0.989164 0.920188
25 0.341331 0.537559 0.035604 0.107981
54 0.541022 0.415493 0.035604 0.107981
3 0.180341 0.284038 0.038700 0.107981
48 0.519350 0.291080 0.038700 0.112676
22 0.622291 0.542254 0.089783 0.117371
4 0.222136 0.286385 0.035604 0.103286
57 0.190402 0.659624 0.037152 0.107981
52 0.064241 0.413146 0.060372 0.112676
26 0.635449 0.417840 0.057276 0.112676
39 0.582817 0.415493 0.038700 0.107981
51 0.287152 0.410798 0.035604 0.107981
2 0.138545 0.284038 0.038700 0.107981
5 0.264706 0.286385 0.037152 0.103286
58 0.147833 0.659624 0.035604 0.107981
42 0.243808 0.410798 0.035604 0.107981
