4 0.320937 0.282917 0.036875 0.040833
28 0.478438 0.380417 0.038125 0.045833
46 0.704375 0.431667 0.098750 0.046667
44 0.153438 0.431667 0.043125 0.045000
6 0.405000 0.282917 0.037500 0.040833
35 0.456875 0.431667 0.040000 0.045000
38 0.595938 0.330833 0.036875 0.041667
25 0.435312 0.380833 0.038125 0.045000
57 0.281875 0.431250 0.038750 0.045833
27 0.510938 0.330833 0.036875 0.041667
15 0.413438 0.431667 0.039375 0.045000
30 0.500000 0.368750 0.766250 0.324167
7 0.447188 0.282500 0.036875 0.040000
12 0.650625 0.380833 0.038750 0.045000
22 0.713437 0.381250 0.076875 0.045833
59 0.425312 0.331250 0.038125 0.042500
45 0.166250 0.380833 0.060000 0.045000
21 0.297500 0.331250 0.037500 0.042500
20 0.712812 0.282917 0.064375 0.042500
11 0.657500 0.282917 0.036250 0.040833
3 0.278750 0.283333 0.037500 0.041667
41 0.212188 0.331250 0.039375 0.044167
2 0.236250 0.282917 0.037500 0.040833
42 0.340000 0.330833 0.037500 0.041667
33 0.500313 0.431667 0.039375 0.046667
39 0.680625 0.331667 0.037500 0.043333
55 0.369063 0.431667 0.039375 0.046667
16 0.325625 0.431667 0.040000 0.045000
53 0.468438 0.330833 0.038125 0.043333
56 0.254688 0.330833 0.038125 0.043333
24 0.392188 0.380833 0.038125 0.045000
29 0.521563 0.380000 0.038125 0.045000
14 0.544687 0.487083 0.039375 0.052500
52 0.165000 0.331667 0.047500 0.043333
47 0.412500 0.487083 0.216250 0.054167
0 0.573438 0.282083 0.036875 0.040833
19 0.305937 0.380833 0.038125 0.045000
26 0.726562 0.331250 0.044375 0.044167
18 0.543438 0.431250 0.038125 0.044167
31 0.564375 0.380000 0.037500 0.045000
13 0.279375 0.487917 0.040000 0.052500
32 0.195312 0.431667 0.038125 0.045000
43 0.262500 0.381250 0.038750 0.044167
10 0.219375 0.380833 0.038750 0.043333
50 0.589063 0.487917 0.040625 0.052500
17 0.158125 0.282500 0.025000 0.041667
23 0.348750 0.380833 0.037500 0.045000
40 0.587500 0.431667 0.038750 0.043333
36 0.553125 0.331250 0.037500 0.042500
37 0.608125 0.380417 0.037500 0.044167
34 0.630938 0.432083 0.039375 0.044167
9 0.531563 0.282500 0.036875 0.041667
5 0.362812 0.282917 0.036875 0.040833
51 0.382812 0.330833 0.036875 0.043333
1 0.194062 0.282500 0.038125 0.041667
49 0.146875 0.486667 0.040000 0.051667
58 0.238125 0.432083 0.038750 0.045833
8 0.489375 0.282500 0.037500 0.041667
48 0.615625 0.282083 0.036250 0.040833
54 0.638437 0.331250 0.036875 0.042500
