25 0.484000 0.643701 0.060000 0.122047
34 0.773000 0.771654 0.058000 0.118110
14 0.701000 0.901575 0.078000 0.125984
58 0.194000 0.775591 0.060000 0.118110
1 0.108000 0.387795 0.056000 0.122047
11 0.824000 0.387795 0.056000 0.122047
26 0.871000 0.641732 0.058000 0.118110
4 0.304000 0.387795 0.056000 0.122047
28 0.547000 0.643701 0.058000 0.122047
20 0.923000 0.385827 0.126000 0.118110
50 0.945000 0.905512 0.078000 0.125984
27 0.595000 0.513780 0.062000 0.122047
44 0.059000 0.775591 0.078000 0.118110
22 0.935000 0.578740 0.090000 0.251969
51 0.402000 0.513780 0.060000 0.122047
7 0.499000 0.385827 0.054000 0.125984
57 0.258000 0.771654 0.060000 0.118110
38 0.725000 0.511811 0.058000 0.118110
36 0.660000 0.513780 0.060000 0.122047
39 0.857000 0.519685 0.058000 0.118110
12 0.805000 0.641732 0.058000 0.118110
8 0.563000 0.385827 0.058000 0.125984
23 0.354000 0.643701 0.060000 0.122047
33 0.579000 0.771654 0.062000 0.118110
37 0.741000 0.641732 0.058000 0.118110
30 0.500000 0.641732 0.984000 0.685039
49 0.057000 0.905512 0.078000 0.125984
21 0.272000 0.513780 0.060000 0.122047
16 0.322000 0.771654 0.060000 0.118110
13 0.217000 0.899606 0.074000 0.122047
42 0.337000 0.513780 0.062000 0.122047
52 0.061000 0.515748 0.090000 0.125984
48 0.759000 0.389764 0.058000 0.125984
9 0.629000 0.385827 0.058000 0.125984
18 0.643000 0.771654 0.062000 0.118110
24 0.418000 0.643701 0.060000 0.122047
54 0.789000 0.513780 0.058000 0.114173
10 0.159000 0.643701 0.058000 0.122047
43 0.225000 0.643701 0.058000 0.122047
15 0.451000 0.771654 0.062000 0.118110
3 0.239000 0.385827 0.058000 0.125984
5 0.370000 0.385827 0.056000 0.125984
2 0.174000 0.391732 0.056000 0.114173
31 0.676000 0.643701 0.060000 0.122047
35 0.515000 0.771654 0.062000 0.118110
19 0.290000 0.643701 0.060000 0.122047
17 0.043000 0.387795 0.058000 0.122047
55 0.386000 0.771654 0.060000 0.118110
56 0.208000 0.513780 0.060000 0.122047
41 0.142000 0.515748 0.060000 0.125984
47 0.458000 0.897638 0.404000 0.118110
45 0.070000 0.645669 0.104000 0.118110
59 0.466000 0.513780 0.060000 0.122047
40 0.708000 0.769685 0.060000 0.114173
6 0.434000 0.385827 0.056000 0.125984
29 0.612000 0.643701 0.060000 0.122047
32 0.130000 0.775591 0.060000 0.118110
53 0.531000 0.513780 0.062000 0.122047
46 0.893000 0.771654 0.170000 0.118110
0 0.693000 0.385827 0.058000 0.125984
