5 0.480690 0.328462 0.031724 0.060000
41 0.356552 0.396923 0.033103 0.064615
15 0.525172 0.540000 0.032414 0.064615
10 0.365172 0.469231 0.031034 0.064615
12 0.721724 0.472308 0.031034 0.064615
39 0.746897 0.400769 0.031724 0.063077
50 0.705517 0.621538 0.033103 0.080000
49 0.309655 0.620000 0.033103 0.080000
3 0.409310 0.327692 0.032414 0.064615
56 0.391724 0.396923 0.031724 0.064615
53 0.570000 0.398462 0.032414 0.064615
45 0.321034 0.469231 0.048966 0.061538
25 0.543448 0.469231 0.031724 0.064615
11 0.728621 0.330000 0.029655 0.060000
48 0.694138 0.329231 0.031034 0.061538
30 0.552069 0.460000 0.530345 0.455385
27 0.605862 0.398462 0.031034 0.061538
6 0.516207 0.327692 0.032414 0.061538
17 0.309655 0.327692 0.022069 0.064615
18 0.633103 0.541538 0.031724 0.064615
34 0.704483 0.542308 0.031034 0.060000
55 0.488621 0.539231 0.032414 0.066154
43 0.399655 0.469231 0.031034 0.064615
31 0.650690 0.470000 0.031034 0.063077
7 0.551724 0.327692 0.031724 0.061538
20 0.776552 0.331538 0.056552 0.060000
4 0.444483 0.328462 0.031034 0.063077
46 0.765862 0.541538 0.083448 0.061538
33 0.597586 0.541538 0.032414 0.064615
14 0.634138 0.621538 0.032414 0.080000
51 0.498276 0.396923 0.031034 0.064615
23 0.471379 0.468462 0.031034 0.063077
19 0.435517 0.468462 0.031034 0.066154
40 0.668966 0.541538 0.031724 0.061538
0 0.658966 0.329231 0.031034 0.061538
29 0.615172 0.469231 0.031724 0.064615
2 0.374483 0.327692 0.031724 0.061538
42 0.462759 0.397692 0.031724 0.063077
22 0.787586 0.439231 0.038621 0.133846
54 0.712069 0.400000 0.031034 0.061538
26 0.756897 0.471538 0.031034 0.063077
28 0.578966 0.469231 0.031034 0.064615
13 0.416552 0.620769 0.031724 0.081538
9 0.623103 0.329231 0.031034 0.061538
44 0.310345 0.540000 0.030345 0.061538
37 0.686552 0.470000 0.031034 0.063077
8 0.587931 0.327692 0.032414 0.061538
21 0.427241 0.396923 0.031034 0.064615
47 0.525172 0.621538 0.175862 0.080000
57 0.416897 0.539231 0.031034 0.063077
35 0.561379 0.540769 0.033103 0.066154
58 0.381724 0.539231 0.031034 0.063077
32 0.346207 0.540000 0.031724 0.061538
36 0.641724 0.397692 0.031034 0.063077
24 0.506897 0.467692 0.031724 0.064615
16 0.453103 0.539231 0.033103 0.066154
38 0.677241 0.399231 0.030345 0.060000
1 0.340000 0.326923 0.030345 0.063077
52 0.317241 0.398462 0.040000 0.061538
59 0.534483 0.397692 0.031724 0.063077
