50 0.895892 0.853970 0.059490 0.067108
58 0.192989 0.775047 0.047450 0.066163
28 0.528683 0.692344 0.046034 0.070888
8 0.544618 0.536389 0.049575 0.068998
17 0.048867 0.532136 0.043909 0.064272
46 0.850921 0.773157 0.148017 0.068053
11 0.786827 0.537335 0.049575 0.068998
35 0.498229 0.773157 0.050283 0.071834
44 0.058782 0.774575 0.065156 0.068998
2 0.177762 0.535444 0.049575 0.068998
0 0.663598 0.536389 0.049575 0.068998
23 0.347025 0.693289 0.046742 0.068998
34 0.739023 0.773629 0.044618 0.067108
40 0.678824 0.773157 0.044618 0.069943
30 0.507436 0.661626 0.986544 0.584121
14 0.671388 0.852552 0.063739 0.071834
42 0.333569 0.616730 0.050992 0.067108
24 0.408640 0.694707 0.048159 0.068053
56 0.211756 0.616730 0.050992 0.067108
51 0.392705 0.614367 0.046034 0.066163
12 0.768059 0.691871 0.043201 0.069943
41 0.148725 0.617675 0.050992 0.067108
53 0.513810 0.613894 0.046034 0.068998
29 0.588173 0.692817 0.047450 0.071834
37 0.708569 0.693289 0.043201 0.068998
13 0.260977 0.854915 0.061615 0.070888
18 0.620042 0.773629 0.044618 0.070888
6 0.422096 0.535444 0.049575 0.068998
59 0.453258 0.614367 0.046742 0.068053
36 0.633144 0.613422 0.045326 0.068053
26 0.826841 0.692344 0.043201 0.068998
21 0.272663 0.614839 0.050992 0.067108
15 0.438385 0.773629 0.052408 0.072779
49 0.092422 0.858696 0.135269 0.070888
32 0.130666 0.775520 0.050283 0.068998
57 0.256020 0.774575 0.050283 0.068998
4 0.301700 0.536389 0.049575 0.068998
10 0.162890 0.696597 0.048159 0.068053
45 0.077550 0.694707 0.094193 0.069943
52 0.068697 0.613894 0.075071 0.068998
3 0.238669 0.533554 0.049575 0.068998
31 0.648371 0.693762 0.043201 0.068053
27 0.572592 0.613422 0.046034 0.068053
9 0.605524 0.535444 0.049575 0.068998
5 0.361898 0.537335 0.049575 0.068998
22 0.885977 0.654537 0.072238 0.152174
38 0.695113 0.615784 0.047450 0.068998
33 0.558428 0.774102 0.048867 0.071834
25 0.469193 0.693289 0.048867 0.068998
16 0.317280 0.774575 0.049575 0.070888
19 0.286827 0.694707 0.048159 0.068053
20 0.874292 0.533554 0.099858 0.065217
48 0.724504 0.536389 0.049575 0.068998
7 0.483711 0.534499 0.049575 0.068998
43 0.228045 0.694234 0.050992 0.067108
55 0.377125 0.773157 0.047450 0.069943
54 0.756728 0.613894 0.047450 0.068998
47 0.467776 0.856333 0.326487 0.077505
39 0.813739 0.614839 0.042493 0.068998
1 0.114023 0.534499 0.049575 0.068998
