46 0.734584 0.636852 0.124665 0.057245
33 0.507708 0.645796 0.042225 0.059034
52 0.131367 0.538462 0.056300 0.059034
7 0.446381 0.462433 0.042895 0.059034
28 0.483579 0.584079 0.043566 0.059034
2 0.208445 0.471377 0.044236 0.055456
30 0.544236 0.566637 0.902145 0.433810
42 0.329759 0.529070 0.044236 0.058140
26 0.716153 0.574687 0.044906 0.059928
3 0.256367 0.470036 0.044906 0.058140
12 0.668231 0.576923 0.044236 0.059034
54 0.655161 0.516100 0.042225 0.057245
43 0.247319 0.594812 0.044236 0.057245
5 0.352547 0.465564 0.042895 0.056351
35 0.461461 0.648032 0.040885 0.058140
6 0.399464 0.463775 0.042895 0.058140
51 0.377011 0.525939 0.043566 0.059034
18 0.554290 0.643560 0.042895 0.058140
39 0.701408 0.513864 0.043566 0.058140
34 0.647453 0.639535 0.044236 0.057245
25 0.437332 0.586315 0.042225 0.058140
31 0.575737 0.579606 0.041555 0.057245
15 0.414879 0.649821 0.044236 0.059928
19 0.295576 0.593470 0.042895 0.059928
50 0.638070 0.707066 0.045576 0.067084
14 0.545241 0.711091 0.043566 0.066190
9 0.537534 0.458408 0.041555 0.058140
1 0.160858 0.473614 0.042895 0.058140
11 0.677279 0.452594 0.043566 0.057245
41 0.185992 0.536225 0.044906 0.056351
17 0.117962 0.475850 0.032172 0.057245
58 0.223525 0.660555 0.044906 0.061717
55 0.368298 0.652504 0.043566 0.059928
0 0.583780 0.456172 0.041555 0.059034
56 0.234920 0.533989 0.043566 0.057245
45 0.139075 0.601073 0.067694 0.055456
36 0.562332 0.518784 0.041555 0.057245
59 0.423928 0.525045 0.042225 0.059034
22 0.762399 0.542487 0.066354 0.120751
8 0.491622 0.460644 0.040885 0.057245
23 0.343164 0.590787 0.044236 0.059928
37 0.622319 0.579159 0.042225 0.058140
24 0.390080 0.588551 0.042895 0.059034
10 0.198727 0.597496 0.044906 0.059034
16 0.320710 0.655188 0.043566 0.059928
47 0.410188 0.716905 0.218499 0.074240
53 0.470845 0.522361 0.042225 0.059034
27 0.516421 0.520125 0.040885 0.056351
48 0.630027 0.454830 0.041555 0.058140
29 0.529826 0.581843 0.042225 0.058140
13 0.271783 0.726744 0.043566 0.070662
32 0.175268 0.663238 0.042225 0.061717
40 0.600871 0.641324 0.043566 0.057245
44 0.126340 0.665921 0.043566 0.058140
49 0.126005 0.735242 0.045576 0.069767
4 0.304625 0.467800 0.043566 0.057245
21 0.282507 0.531306 0.043566 0.059034
20 0.747319 0.450805 0.088472 0.057245
57 0.272788 0.657424 0.044236 0.062612
38 0.608579 0.516995 0.042895 0.057245
