0 0.715558 0.269874 0.067696 0.104603
15 0.437648 0.610879 0.067696 0.108787
38 0.752969 0.379707 0.068884 0.106695
3 0.226841 0.280335 0.064133 0.104603
53 0.532660 0.385983 0.067696 0.106695
39 0.905582 0.377615 0.072447 0.110879
36 0.677553 0.382845 0.070071 0.108787
54 0.828979 0.380753 0.073634 0.112971
30 0.501188 0.490586 1.000000 0.717573
51 0.393112 0.387029 0.064133 0.104603
46 0.926960 0.614017 0.148456 0.115063
18 0.657363 0.610879 0.070071 0.108787
5 0.362233 0.278243 0.064133 0.100418
43 0.197150 0.500000 0.066508 0.104603
45 0.045724 0.500000 0.089074 0.104603
6 0.431116 0.277197 0.064133 0.102510
23 0.336698 0.497908 0.062945 0.104603
34 0.812352 0.614017 0.073634 0.115063
20 0.952494 0.263598 0.097387 0.108787
56 0.185273 0.387029 0.064133 0.104603
47 0.418646 0.739540 0.324228 0.140167
2 0.159145 0.282427 0.064133 0.104603
12 0.848575 0.494770 0.072447 0.106695
24 0.406176 0.496862 0.066508 0.106695
16 0.296318 0.609833 0.067696 0.106695
26 0.927553 0.493724 0.076010 0.112971
49 0.019596 0.737448 0.036817 0.135983
9 0.644299 0.271967 0.065321 0.104603
22 0.972090 0.436192 0.058195 0.228033
33 0.583729 0.612971 0.070071 0.112971
37 0.771378 0.495816 0.070071 0.108787
55 0.367577 0.610879 0.067696 0.104603
29 0.621734 0.496862 0.067696 0.106695
27 0.604513 0.384937 0.066508 0.104603
19 0.266627 0.497908 0.067696 0.108787
11 0.864608 0.263598 0.068884 0.104603
21 0.255344 0.388075 0.066508 0.102510
17 0.032660 0.286611 0.043943 0.096234
32 0.086105 0.609833 0.065321 0.110879
42 0.323634 0.388075 0.067696 0.102510
14 0.619359 0.741632 0.070071 0.135983
8 0.571259 0.276151 0.066508 0.104603
28 0.549287 0.497908 0.065321 0.104603
57 0.225059 0.608787 0.067696 0.108787
41 0.118171 0.388075 0.067696 0.102510
44 0.026128 0.608787 0.049881 0.112971
35 0.510689 0.610879 0.066508 0.108787
13 0.216746 0.736402 0.070071 0.138075
48 0.788599 0.265690 0.066508 0.104603
10 0.127672 0.498954 0.065321 0.102510
59 0.461995 0.387029 0.066508 0.104603
31 0.695368 0.496862 0.070071 0.106695
52 0.041568 0.392259 0.078385 0.106695
58 0.154394 0.609833 0.066508 0.106695
4 0.294537 0.278243 0.061758 0.100418
7 0.501781 0.277197 0.065321 0.098326
25 0.477435 0.497908 0.066508 0.104603
1 0.091449 0.284519 0.061758 0.104603
50 0.773159 0.742678 0.076010 0.138075
40 0.733967 0.610879 0.071259 0.108787
