35 0.500598 0.738994 0.053828 0.132075
50 0.768541 0.883648 0.101675 0.138365
39 0.813995 0.410377 0.053828 0.141509
47 0.436603 0.902516 0.301435 0.157233
23 0.343900 0.584906 0.053828 0.138365
33 0.561005 0.737421 0.052632 0.141509
26 0.829545 0.566038 0.051435 0.138365
45 0.066388 0.597484 0.101675 0.144654
2 0.169258 0.273585 0.056220 0.138365
20 0.864833 0.253145 0.095694 0.141509
42 0.327153 0.426101 0.056220 0.141509
34 0.741627 0.727987 0.052632 0.128931
32 0.123206 0.762579 0.055024 0.147799
38 0.693182 0.415094 0.053828 0.138365
52 0.057416 0.438679 0.086124 0.141509
59 0.452751 0.422956 0.053828 0.141509
46 0.822368 0.721698 0.089713 0.135220
31 0.650120 0.573899 0.051435 0.141509
9 0.603469 0.262579 0.053828 0.141509
30 0.502392 0.522013 0.997608 0.962264
16 0.312201 0.750000 0.057416 0.141509
14 0.622010 0.888365 0.052632 0.135220
3 0.230861 0.268868 0.057416 0.141509
40 0.681818 0.729560 0.050239 0.132075
25 0.468900 0.580189 0.055024 0.141509
44 0.049641 0.764151 0.072967 0.138365
21 0.264354 0.430818 0.057416 0.144654
56 0.200359 0.430818 0.056220 0.138365
19 0.280502 0.589623 0.056220 0.141509
54 0.753589 0.413522 0.055024 0.141509
22 0.881579 0.482704 0.066986 0.292453
17 0.041866 0.279874 0.052632 0.132075
7 0.483254 0.265723 0.055024 0.141509
27 0.574163 0.421384 0.052632 0.138365
4 0.294856 0.267296 0.056220 0.138365
37 0.709928 0.572327 0.051435 0.138365
12 0.770335 0.567610 0.052632 0.135220
18 0.620813 0.734277 0.050239 0.135220
15 0.438995 0.743711 0.055024 0.135220
41 0.136364 0.435535 0.059809 0.141509
58 0.184809 0.757862 0.053828 0.132075
11 0.783493 0.254717 0.052632 0.138365
57 0.248804 0.751572 0.055024 0.138365
5 0.358254 0.265723 0.056220 0.141509
24 0.406699 0.583333 0.055024 0.141509
28 0.529306 0.577044 0.051435 0.135220
13 0.248206 0.915094 0.056220 0.150943
1 0.105263 0.276730 0.057416 0.138365
36 0.633373 0.418239 0.053828 0.138365
53 0.512560 0.422956 0.053828 0.141509
6 0.420455 0.265723 0.056220 0.141509
43 0.215909 0.594340 0.056220 0.144654
10 0.152512 0.594340 0.056220 0.138365
49 0.048445 0.930818 0.072967 0.144654
0 0.663278 0.261006 0.053828 0.138365
51 0.390550 0.424528 0.056220 0.138365
55 0.376794 0.746855 0.055024 0.135220
8 0.543062 0.265723 0.055024 0.141509
48 0.723086 0.259434 0.053828 0.141509
29 0.590909 0.577044 0.052632 0.135220
