46 0.688382 0.437027 0.074919 0.065341
37 0.600434 0.365530 0.041260 0.062500
10 0.190011 0.373580 0.043431 0.065341
48 0.607220 0.229167 0.039631 0.058712
7 0.432139 0.233428 0.039088 0.057765
3 0.256786 0.235795 0.041260 0.058712
55 0.347177 0.443182 0.042888 0.066288
41 0.185396 0.303504 0.043974 0.061553
36 0.542345 0.297822 0.040174 0.059659
12 0.646308 0.365057 0.041802 0.063447
32 0.160966 0.445549 0.045060 0.067235
40 0.578719 0.438920 0.042345 0.063447
49 0.098534 0.522727 0.058089 0.071970
35 0.440554 0.440341 0.042888 0.066288
25 0.418567 0.369318 0.041260 0.064394
39 0.676710 0.295455 0.040717 0.060606
22 0.729099 0.325758 0.056460 0.130682
42 0.319490 0.302083 0.040717 0.060606
1 0.169110 0.237216 0.040717 0.059659
28 0.463626 0.367898 0.041260 0.065341
11 0.651194 0.228220 0.038545 0.056818
13 0.248643 0.520833 0.045603 0.070076
18 0.532845 0.438447 0.041802 0.066288
19 0.281216 0.372633 0.042345 0.065341
14 0.533116 0.515625 0.044517 0.069129
43 0.235885 0.372633 0.042888 0.065341
47 0.390337 0.519413 0.232356 0.069129
31 0.554289 0.366477 0.040174 0.062500
2 0.212812 0.237216 0.041260 0.057765
15 0.393865 0.442708 0.043974 0.065341
17 0.124864 0.237689 0.040174 0.058712
26 0.692182 0.364110 0.043431 0.063447
30 0.506515 0.349905 0.890337 0.461174
44 0.107220 0.446496 0.055917 0.067235
51 0.364549 0.301136 0.040717 0.060606
34 0.625679 0.438920 0.042888 0.063447
5 0.344734 0.235322 0.040174 0.057765
57 0.254343 0.444602 0.043974 0.067235
54 0.632193 0.295928 0.040717 0.059659
8 0.476384 0.233428 0.039631 0.057765
6 0.388436 0.233902 0.039631 0.058712
56 0.229642 0.302557 0.042345 0.061553
21 0.275244 0.302083 0.041260 0.060606
20 0.711726 0.225379 0.073833 0.058712
53 0.453583 0.299716 0.040717 0.061553
38 0.587134 0.296875 0.039631 0.059659
58 0.207655 0.445076 0.043974 0.066288
27 0.498100 0.298769 0.039631 0.059659
50 0.650651 0.513731 0.085233 0.069129
45 0.127036 0.373580 0.077090 0.063447
4 0.301031 0.235795 0.039631 0.058712
52 0.129207 0.303030 0.064061 0.062500
24 0.372964 0.369318 0.041260 0.064394
9 0.519815 0.231534 0.039631 0.057765
23 0.327633 0.370739 0.041802 0.065341
29 0.509229 0.367898 0.041260 0.063447
16 0.301031 0.443655 0.043974 0.065341
0 0.563246 0.230587 0.039631 0.057765
59 0.408795 0.300663 0.040174 0.061553
33 0.486699 0.439867 0.043974 0.067235
