9 0.587419 0.256885 0.041935 0.050775
14 0.602903 0.497418 0.043226 0.065404
56 0.285161 0.313683 0.042581 0.050775
55 0.412581 0.431153 0.043226 0.053356
6 0.448065 0.256454 0.041935 0.049914
33 0.554839 0.431583 0.043871 0.054217
24 0.436129 0.372203 0.042581 0.052496
2 0.263548 0.258176 0.041935 0.049914
23 0.389355 0.372203 0.041935 0.052496
18 0.601290 0.431153 0.042581 0.053356
40 0.648710 0.431153 0.041935 0.051635
48 0.679032 0.257315 0.040645 0.049914
11 0.724516 0.259036 0.041290 0.049914
54 0.704194 0.314974 0.040645 0.049914
4 0.355484 0.256454 0.041290 0.049914
22 0.808065 0.345525 0.066452 0.111015
20 0.792581 0.259036 0.087097 0.049914
50 0.656452 0.497418 0.057419 0.067126
52 0.181935 0.316695 0.065806 0.051635
3 0.309032 0.257315 0.042581 0.051635
46 0.781935 0.432444 0.123871 0.052496
7 0.494839 0.256024 0.041290 0.050775
10 0.249355 0.372203 0.041935 0.052496
36 0.611935 0.313683 0.041935 0.050775
28 0.530645 0.371773 0.041935 0.053356
44 0.170645 0.432014 0.054839 0.053356
16 0.365161 0.431153 0.043871 0.053356
41 0.239355 0.314974 0.043871 0.051635
27 0.565484 0.313253 0.041935 0.049914
26 0.763226 0.373494 0.042581 0.053356
1 0.218387 0.258176 0.040645 0.049914
35 0.507419 0.431153 0.044516 0.053356
43 0.295484 0.373064 0.042581 0.052496
45 0.185806 0.373494 0.078710 0.051635
32 0.224516 0.431583 0.042581 0.052496
25 0.483226 0.371773 0.042581 0.053356
8 0.541290 0.256885 0.042581 0.050775
59 0.471613 0.313253 0.042581 0.051635
0 0.632903 0.256885 0.041290 0.050775
29 0.577419 0.371343 0.042581 0.052496
47 0.459355 0.497849 0.232258 0.067986
39 0.749032 0.314974 0.041290 0.051635
5 0.401613 0.256024 0.041935 0.050775
17 0.172581 0.259466 0.040645 0.049053
12 0.717097 0.373064 0.041935 0.054217
13 0.317097 0.496988 0.043226 0.066265
38 0.658065 0.314114 0.041290 0.049914
51 0.424839 0.312823 0.041935 0.050775
31 0.624516 0.372203 0.041290 0.052496
53 0.519032 0.313683 0.043226 0.052496
49 0.169032 0.496558 0.056774 0.065404
34 0.695161 0.432014 0.043226 0.051635
37 0.671290 0.373064 0.041935 0.052496
15 0.459677 0.431583 0.044516 0.052496
58 0.271290 0.431583 0.041935 0.052496
21 0.332258 0.314114 0.042581 0.051635
57 0.318065 0.430723 0.042581 0.052496
42 0.378387 0.313683 0.041935 0.050775
30 0.502903 0.362737 0.743871 0.372633
19 0.342581 0.372633 0.042581 0.053356
