19 0.334862 0.375874 0.045872 0.052448
45 0.165793 0.373689 0.083879 0.051573
38 0.666776 0.319056 0.043906 0.048951
39 0.763106 0.317745 0.043906 0.049825
32 0.669397 0.498252 0.062254 0.068182
48 0.687746 0.264860 0.042595 0.047203
3 0.301442 0.264860 0.044561 0.048951
42 0.373853 0.320367 0.043906 0.049825
13 0.305374 0.499563 0.047182 0.067308
14 0.612058 0.498689 0.047182 0.067308
8 0.543250 0.265734 0.044561 0.048951
36 0.617955 0.319493 0.044561 0.049825
35 0.509502 0.433566 0.046527 0.052448
15 0.459043 0.434003 0.046527 0.051573
44 0.174312 0.430944 0.110092 0.054196
0 0.639253 0.264860 0.043906 0.047203
9 0.592726 0.266608 0.043906 0.047203
11 0.735583 0.264423 0.042595 0.046329
23 0.384666 0.376311 0.044561 0.051573
6 0.446592 0.265297 0.043906 0.048077
43 0.285059 0.375874 0.044561 0.052448
2 0.253277 0.263986 0.045216 0.048951
53 0.520642 0.319930 0.045216 0.050699
26 0.825688 0.318619 0.069463 0.049825
51 0.422346 0.320367 0.043906 0.049825
7 0.495085 0.265297 0.042595 0.048077
47 0.458060 0.500000 0.250328 0.068182
12 0.731324 0.374563 0.044561 0.051573
28 0.533421 0.375437 0.044561 0.051573
58 0.257208 0.433129 0.046527 0.051573
22 0.811927 0.373252 0.107471 0.052448
20 0.807995 0.263986 0.091743 0.047203
33 0.559633 0.432692 0.047182 0.052448
54 0.715269 0.318619 0.043906 0.048077
40 0.658912 0.432692 0.045216 0.050699
37 0.681848 0.374563 0.045216 0.051573
49 0.143185 0.497378 0.064875 0.069930
56 0.275229 0.318619 0.044561 0.049825
55 0.408912 0.433566 0.045872 0.052448
10 0.235256 0.375000 0.045872 0.052448
5 0.398427 0.265297 0.044561 0.048077
4 0.349607 0.265297 0.043906 0.048077
16 0.358453 0.433129 0.045872 0.051573
18 0.609109 0.432692 0.045216 0.050699
30 0.495085 0.373252 0.796199 0.368881
1 0.204128 0.263112 0.043906 0.048951
46 0.803735 0.430507 0.134338 0.051573
41 0.226409 0.318182 0.046527 0.050699
21 0.324377 0.319493 0.044561 0.049825
27 0.569135 0.319930 0.043906 0.048951
31 0.632045 0.375000 0.043906 0.050699
17 0.155308 0.262675 0.044561 0.048077
29 0.582896 0.375437 0.045216 0.051573
34 0.708716 0.431818 0.046527 0.048951
52 0.163827 0.317308 0.070773 0.050699
24 0.434142 0.375874 0.045216 0.050699
59 0.471822 0.319930 0.044561 0.050699
57 0.307995 0.433129 0.045872 0.051573
25 0.484600 0.376748 0.045216 0.050699
