39 0.587812 0.437778 0.031875 0.055556
49 0.078750 0.654444 0.057500 0.064444
15 0.340625 0.575556 0.035000 0.060000
59 0.353750 0.439444 0.033750 0.056667
3 0.216562 0.375000 0.034375 0.056667
54 0.549063 0.437778 0.031875 0.053333
25 0.361875 0.506667 0.033750 0.057778
17 0.097500 0.373889 0.033750 0.054444
20 0.624062 0.372778 0.069375 0.054444
55 0.299375 0.576111 0.035000 0.058889
51 0.314375 0.441667 0.033750 0.056667
21 0.234063 0.440000 0.034375 0.057778
53 0.392813 0.439444 0.033125 0.056667
52 0.101562 0.442222 0.058125 0.060000
11 0.567500 0.372778 0.031250 0.052222
28 0.401562 0.506111 0.033125 0.056667
58 0.175625 0.578889 0.035000 0.060000
56 0.193438 0.440000 0.034375 0.057778
48 0.528438 0.372778 0.033125 0.052222
31 0.480625 0.505556 0.032500 0.055556
18 0.460625 0.575000 0.033750 0.058889
43 0.200000 0.508333 0.033750 0.058889
2 0.177187 0.375000 0.034375 0.054444
37 0.520000 0.506111 0.032500 0.056667
42 0.274062 0.439444 0.033125 0.056667
47 0.357187 0.646111 0.243125 0.063333
45 0.101250 0.510000 0.066250 0.057778
6 0.335938 0.376667 0.033125 0.053333
57 0.217188 0.577222 0.034375 0.061111
29 0.440937 0.505000 0.033125 0.056667
35 0.380937 0.575556 0.035625 0.060000
44 0.085625 0.581667 0.048750 0.061111
46 0.613125 0.573333 0.100000 0.057778
10 0.158750 0.510556 0.035000 0.058889
12 0.559688 0.505556 0.033125 0.057778
41 0.152812 0.440556 0.035625 0.056667
9 0.452188 0.377222 0.033125 0.052222
7 0.376250 0.375000 0.033750 0.054444
30 0.516875 0.495000 0.951250 0.467778
38 0.510312 0.437778 0.031875 0.053333
0 0.490938 0.376111 0.033125 0.052222
1 0.137187 0.373889 0.034375 0.056667
8 0.413125 0.373889 0.033750 0.054444
5 0.296250 0.374444 0.033750 0.053333
36 0.470625 0.438333 0.032500 0.054444
27 0.432188 0.439444 0.031875 0.054444
50 0.636563 0.645000 0.064375 0.061111
34 0.540312 0.575000 0.034375 0.058889
19 0.241250 0.508333 0.033750 0.058889
32 0.133437 0.579444 0.036875 0.061111
23 0.281562 0.507778 0.034375 0.057778
4 0.256875 0.374444 0.033750 0.053333
24 0.321875 0.506667 0.033750 0.057778
13 0.213438 0.650556 0.035625 0.061111
22 0.635312 0.471111 0.050625 0.124444
40 0.500313 0.574444 0.033125 0.057778
33 0.420938 0.576111 0.035625 0.061111
14 0.500625 0.645556 0.035000 0.060000
16 0.258437 0.576667 0.035625 0.060000
26 0.598437 0.505000 0.033125 0.056667
