26 0.768168 0.381310 0.044012 0.055935
13 0.311668 0.515007 0.044012 0.069577
31 0.625384 0.380628 0.042989 0.057299
8 0.540430 0.258527 0.042989 0.053206
21 0.324974 0.319918 0.044012 0.055935
45 0.174514 0.384038 0.080860 0.055935
48 0.682190 0.258527 0.041965 0.053206
5 0.397134 0.258527 0.042989 0.053206
1 0.205732 0.259209 0.042989 0.054570
35 0.505629 0.443383 0.045036 0.057299
50 0.658137 0.511596 0.057318 0.068213
59 0.468782 0.319918 0.042989 0.055935
25 0.481064 0.381310 0.042989 0.055935
55 0.408905 0.444065 0.044012 0.058663
12 0.720061 0.380628 0.041965 0.057299
52 0.168884 0.321965 0.067554 0.057299
47 0.458035 0.512278 0.236438 0.069577
34 0.697544 0.443383 0.044012 0.054570
10 0.240532 0.382674 0.042989 0.055935
4 0.349028 0.258527 0.042989 0.053206
19 0.336745 0.381992 0.042989 0.057299
38 0.660696 0.319236 0.041965 0.054570
43 0.288639 0.382674 0.042989 0.055935
20 0.799386 0.258527 0.088025 0.053206
57 0.312692 0.444748 0.044012 0.057299
17 0.158137 0.260573 0.041965 0.054570
44 0.160696 0.446112 0.057318 0.057299
46 0.786592 0.442701 0.125896 0.055935
15 0.457523 0.444065 0.045036 0.055935
51 0.421187 0.319236 0.041965 0.054570
54 0.707779 0.319918 0.041965 0.055935
9 0.587513 0.257844 0.042989 0.054570
27 0.564995 0.319236 0.042989 0.054570
49 0.159672 0.515007 0.059365 0.069577
7 0.492323 0.257844 0.042989 0.054570
14 0.603378 0.511596 0.044012 0.068213
37 0.672979 0.381310 0.041965 0.055935
6 0.444217 0.258527 0.042989 0.053206
11 0.729273 0.258527 0.041965 0.053206
16 0.360287 0.444748 0.045036 0.057299
58 0.263562 0.445430 0.044012 0.055935
30 0.494882 0.370396 0.748209 0.391542
36 0.612590 0.319236 0.041965 0.054570
28 0.529171 0.380628 0.042989 0.057299
56 0.276868 0.319918 0.044012 0.055935
42 0.373593 0.319918 0.042989 0.055935
32 0.215455 0.444748 0.044012 0.057299
41 0.229273 0.320600 0.045036 0.057299
23 0.384852 0.381310 0.042989 0.055935
29 0.577277 0.380628 0.042989 0.057299
18 0.602354 0.443383 0.044012 0.057299
39 0.753838 0.319918 0.041965 0.055935
24 0.432958 0.381992 0.042989 0.057299
0 0.635107 0.257844 0.041965 0.054570
40 0.649949 0.442701 0.042989 0.055935
53 0.517400 0.319236 0.044012 0.057299
3 0.300921 0.259209 0.042989 0.054570
22 0.815251 0.351296 0.066530 0.118690
2 0.252815 0.259209 0.042989 0.054570
33 0.554248 0.444065 0.046059 0.058663
