6 0.334074 0.306537 0.056296 0.139576
0 0.597407 0.305654 0.051111 0.130742
38 0.630741 0.454947 0.051111 0.136042
39 0.762222 0.454947 0.051852 0.139576
17 0.012593 0.297703 0.023704 0.139576
12 0.713333 0.612191 0.051852 0.139576
49 0.017407 0.924028 0.033333 0.141343
14 0.600741 0.923145 0.051852 0.143110
22 0.846296 0.533569 0.089630 0.303887
33 0.482222 0.767668 0.054815 0.143110
27 0.498148 0.455830 0.052593 0.137809
56 0.102593 0.460247 0.051111 0.139576
50 0.731481 0.923145 0.054074 0.143110
36 0.564815 0.455830 0.054074 0.137809
7 0.400000 0.301237 0.056296 0.139576
30 0.500741 0.501767 1.000000 1.000000
8 0.465556 0.302120 0.055556 0.141343
44 0.017037 0.766784 0.032593 0.137809
58 0.086296 0.765901 0.051111 0.136042
43 0.119630 0.611307 0.052593 0.141343
47 0.359259 0.928445 0.410370 0.146643
3 0.136296 0.308304 0.056296 0.139576
35 0.416296 0.765901 0.054815 0.136042
2 0.068148 0.308304 0.056296 0.139576
15 0.350370 0.764134 0.053333 0.136042
1 0.014074 0.303004 0.026667 0.132509
23 0.250741 0.611307 0.054074 0.141343
19 0.184815 0.611307 0.054074 0.141343
52 0.020741 0.456714 0.040000 0.136042
16 0.217407 0.765018 0.051111 0.137809
45 0.025556 0.613074 0.049630 0.137809
9 0.532222 0.302120 0.055556 0.141343
28 0.448889 0.610424 0.057778 0.143110
32 0.022593 0.765901 0.043704 0.136042
25 0.383704 0.612191 0.057778 0.143110
24 0.317407 0.612191 0.057037 0.143110
42 0.234074 0.456714 0.051852 0.136042
48 0.665556 0.302120 0.051111 0.130742
40 0.614815 0.765901 0.050370 0.136042
59 0.366296 0.456714 0.054074 0.139576
18 0.548148 0.765018 0.050370 0.137809
31 0.580370 0.611307 0.055556 0.141343
20 0.828148 0.295936 0.117037 0.139576
57 0.151852 0.765901 0.051852 0.139576
46 0.770741 0.765018 0.100000 0.137809
55 0.283704 0.765901 0.051852 0.136042
37 0.647037 0.612191 0.055556 0.143110
4 0.201481 0.306537 0.056296 0.139576
51 0.300741 0.456714 0.051852 0.136042
53 0.432963 0.455830 0.055556 0.141343
41 0.037037 0.458481 0.051852 0.143110
13 0.110741 0.924028 0.068889 0.144876
10 0.053333 0.614841 0.051852 0.141343
11 0.730370 0.299470 0.050370 0.132509
5 0.265926 0.306537 0.056296 0.139576
26 0.778148 0.609541 0.052593 0.141343
21 0.168519 0.456714 0.051111 0.139576
29 0.515185 0.612191 0.057037 0.143110
34 0.681111 0.765901 0.051111 0.136042
54 0.696667 0.455830 0.052593 0.141343
