40 0.202273 0.136415 0.016545 0.024090
4 0.087364 0.051541 0.015818 0.024090
25 0.137273 0.108403 0.016000 0.025210
53 0.151455 0.079552 0.016364 0.025210
27 0.170000 0.079412 0.016364 0.024370
39 0.245273 0.078431 0.016727 0.025210
58 0.054545 0.135854 0.016000 0.024090
55 0.109273 0.136555 0.016364 0.024930
6 0.124000 0.051401 0.016000 0.024370
48 0.217273 0.050420 0.016364 0.024650
46 0.253364 0.135854 0.043455 0.025770
24 0.118727 0.108403 0.016000 0.025210
45 0.023455 0.107983 0.024727 0.024370
20 0.261636 0.050000 0.029091 0.025490
36 0.188545 0.079272 0.016364 0.025210
21 0.077818 0.080112 0.016000 0.024650
12 0.230909 0.107563 0.016727 0.025210
31 0.193091 0.107843 0.016000 0.025210
2 0.050909 0.051541 0.015636 0.024090
33 0.164818 0.136835 0.016909 0.024930
13 0.072545 0.166246 0.016364 0.027731
5 0.105727 0.051261 0.015818 0.024090
37 0.212091 0.107983 0.016545 0.024930
16 0.091182 0.136415 0.016182 0.024650
23 0.100636 0.108263 0.015818 0.024930
14 0.183091 0.167087 0.016364 0.027731
47 0.127727 0.166807 0.090000 0.027731
18 0.183273 0.136415 0.016364 0.024650
0 0.198364 0.050700 0.016364 0.024650
7 0.142364 0.051401 0.016000 0.024370
26 0.266182 0.078852 0.020000 0.024930
28 0.155636 0.108263 0.016000 0.025490
49 0.018455 0.165406 0.015455 0.027171
15 0.127636 0.136835 0.016727 0.024370
17 0.017727 0.051961 0.010000 0.023249
1 0.032909 0.051681 0.015636 0.023810
56 0.059636 0.079692 0.016000 0.024370
30 0.169273 0.101401 0.325091 0.178711
22 0.258818 0.107563 0.034364 0.025770
43 0.064091 0.108123 0.015818 0.024650
10 0.045818 0.107843 0.016000 0.024650
3 0.069091 0.051821 0.016000 0.024650
8 0.160909 0.051261 0.016364 0.024650
9 0.179636 0.051120 0.016364 0.024930
57 0.072909 0.136275 0.016000 0.024930
19 0.082273 0.108543 0.015818 0.024930
59 0.132909 0.079692 0.016364 0.024930
54 0.226636 0.078852 0.016545 0.024930
41 0.041455 0.079832 0.016364 0.024650
35 0.146182 0.136695 0.016727 0.024650
50 0.201818 0.167087 0.017455 0.028852
34 0.220727 0.136555 0.016727 0.024370
38 0.207455 0.079412 0.016364 0.024370
44 0.019727 0.135994 0.017273 0.024370
42 0.096182 0.079832 0.016000 0.024090
52 0.021818 0.079972 0.019636 0.024370
51 0.114455 0.079692 0.015818 0.024370
32 0.037091 0.135994 0.015273 0.024370
29 0.174182 0.107843 0.016364 0.025210
11 0.236091 0.050280 0.016545 0.024370
