32 0.127222 0.721726 0.050000 0.110119
47 0.393889 0.846726 0.267778 0.110119
27 0.514444 0.497024 0.046667 0.101190
1 0.127778 0.375000 0.046667 0.101190
56 0.201667 0.489583 0.047778 0.104167
38 0.618889 0.498512 0.046667 0.104167
28 0.476111 0.610119 0.047778 0.107143
2 0.180000 0.377976 0.046667 0.101190
26 0.738333 0.610119 0.050000 0.107143
48 0.642778 0.385417 0.045556 0.098214
3 0.231111 0.380952 0.046667 0.101190
8 0.488333 0.386905 0.045556 0.101190
53 0.463333 0.497024 0.046667 0.107143
0 0.591667 0.385417 0.045556 0.098214
9 0.540000 0.386905 0.046667 0.101190
58 0.180556 0.723214 0.050000 0.107143
17 0.075556 0.373512 0.046667 0.098214
4 0.282778 0.382440 0.045556 0.098214
15 0.396111 0.726190 0.050000 0.107143
29 0.528333 0.610119 0.047778 0.107143
6 0.385556 0.383929 0.046667 0.101190
5 0.334444 0.383929 0.046667 0.101190
39 0.721667 0.497024 0.047778 0.101190
24 0.370000 0.610119 0.048889 0.107143
41 0.150000 0.486607 0.048889 0.104167
45 0.084444 0.598214 0.088889 0.107143
40 0.608333 0.727679 0.047778 0.104167
21 0.254444 0.492560 0.046667 0.104167
20 0.762222 0.385417 0.080000 0.104167
11 0.693333 0.385417 0.044444 0.098214
12 0.686667 0.610119 0.046667 0.107143
42 0.306667 0.495536 0.046667 0.104167
7 0.437222 0.383929 0.045556 0.101190
14 0.556667 0.846726 0.051111 0.116071
16 0.288333 0.724702 0.050000 0.110119
34 0.662222 0.727679 0.048889 0.104167
33 0.502778 0.729167 0.050000 0.113095
43 0.211111 0.607143 0.048889 0.107143
46 0.753889 0.724702 0.125556 0.104167
30 0.506667 0.578869 0.988889 0.735119
49 0.058889 0.840774 0.068889 0.116071
59 0.411111 0.495536 0.046667 0.104167
35 0.449444 0.727679 0.050000 0.110119
22 0.781111 0.552083 0.060000 0.223214
10 0.157778 0.604167 0.048889 0.107143
23 0.317222 0.610119 0.047778 0.107143
52 0.082778 0.486607 0.074444 0.104167
25 0.423333 0.610119 0.046667 0.107143
37 0.633889 0.611607 0.047778 0.104167
31 0.581111 0.611607 0.046667 0.104167
18 0.555000 0.726190 0.047778 0.107143
36 0.566667 0.498512 0.046667 0.104167
44 0.064444 0.718750 0.064444 0.110119
57 0.234444 0.724702 0.048889 0.110119
55 0.342222 0.727679 0.048889 0.110119
13 0.231111 0.845238 0.051111 0.113095
54 0.671111 0.497024 0.046667 0.101190
19 0.264444 0.608631 0.048889 0.110119
50 0.710000 0.845238 0.135556 0.107143
51 0.358333 0.495536 0.045556 0.104167
