4 0.306420 0.291955 0.038262 0.042388
28 0.469844 0.393166 0.039559 0.047578
46 0.704280 0.446367 0.102464 0.048443
44 0.132620 0.446367 0.044747 0.046713
6 0.393645 0.291955 0.038911 0.042388
35 0.447471 0.446367 0.041505 0.046713
38 0.591764 0.341696 0.038262 0.043253
25 0.425097 0.393599 0.039559 0.046713
57 0.265888 0.445934 0.040208 0.047578
27 0.503567 0.341696 0.038262 0.043253
15 0.402399 0.446367 0.040856 0.046713
30 0.492218 0.381055 0.795071 0.336505
7 0.437419 0.291522 0.038262 0.041522
12 0.648508 0.393599 0.040208 0.046713
22 0.713684 0.394031 0.079767 0.047578
59 0.414721 0.342128 0.039559 0.044118
45 0.145914 0.393599 0.062257 0.046713
21 0.282101 0.342128 0.038911 0.044118
20 0.713035 0.291955 0.066796 0.044118
11 0.655642 0.291955 0.037613 0.042388
3 0.262646 0.292388 0.038911 0.043253
41 0.193580 0.342128 0.040856 0.045848
2 0.218547 0.291955 0.038911 0.042388
42 0.326200 0.341696 0.038911 0.043253
33 0.492542 0.446367 0.040856 0.048443
39 0.679637 0.342561 0.038911 0.044983
55 0.356355 0.446367 0.040856 0.048443
16 0.311284 0.446367 0.041505 0.046713
53 0.459468 0.341696 0.039559 0.044983
56 0.237678 0.341696 0.039559 0.044983
24 0.380350 0.393599 0.039559 0.046713
29 0.514591 0.392734 0.039559 0.046713
14 0.538586 0.503893 0.040856 0.054498
52 0.144617 0.342561 0.049287 0.044983
47 0.401427 0.503893 0.224384 0.056228
0 0.568418 0.291090 0.038262 0.042388
19 0.290856 0.393599 0.039559 0.046713
26 0.727302 0.342128 0.046044 0.045848
18 0.537289 0.445934 0.039559 0.045848
31 0.559014 0.392734 0.038911 0.046713
13 0.263294 0.504758 0.041505 0.054498
32 0.176070 0.446367 0.039559 0.046713
43 0.245785 0.394031 0.040208 0.045848
10 0.201038 0.393599 0.040208 0.044983
50 0.584630 0.504758 0.042153 0.054498
17 0.137484 0.291522 0.025940 0.043253
23 0.335279 0.393599 0.038911 0.046713
40 0.583009 0.446367 0.040208 0.044983
36 0.547341 0.342128 0.038911 0.044118
37 0.604410 0.393166 0.038911 0.045848
34 0.628080 0.446799 0.040856 0.045848
9 0.524968 0.291522 0.038262 0.043253
5 0.349870 0.291955 0.038262 0.042388
51 0.370623 0.341696 0.038262 0.044983
1 0.174773 0.291522 0.039559 0.043253
49 0.125811 0.503460 0.041505 0.053633
58 0.220493 0.446799 0.040208 0.047578
8 0.481193 0.291522 0.038911 0.043253
48 0.612192 0.291090 0.037613 0.042388
54 0.635863 0.342128 0.038262 0.044118
