38 0.795455 0.609940 0.054700 0.120482
20 0.976117 0.466867 0.049307 0.117470
35 0.555855 0.895331 0.054700 0.121988
3 0.241140 0.471386 0.057011 0.120482
12 0.887134 0.754518 0.054700 0.129518
37 0.812789 0.756024 0.055470 0.126506
56 0.203390 0.609940 0.053929 0.126506
43 0.223806 0.757530 0.056240 0.129518
7 0.538906 0.466867 0.060863 0.120482
15 0.480740 0.895331 0.055470 0.121988
55 0.407550 0.896837 0.053929 0.121988
32 0.111710 0.896084 0.055470 0.126506
30 0.500770 0.692771 1.000000 0.617470
27 0.647535 0.609940 0.054700 0.123494
23 0.369800 0.754518 0.055470 0.126506
31 0.739214 0.756777 0.054700 0.125000
48 0.833975 0.471386 0.060863 0.120482
6 0.464176 0.466867 0.060863 0.120482
39 0.941834 0.612199 0.054700 0.125000
51 0.426040 0.609187 0.053929 0.121988
46 0.941834 0.896084 0.090139 0.123494
18 0.703390 0.895331 0.055470 0.121988
36 0.721880 0.610693 0.055470 0.125000
41 0.130971 0.611446 0.055470 0.126506
34 0.850154 0.896084 0.054700 0.120482
26 0.958398 0.753765 0.055470 0.128012
45 0.052003 0.755271 0.102465 0.128012
4 0.316256 0.469880 0.060863 0.120482
25 0.517720 0.755271 0.057011 0.125000
33 0.629430 0.896837 0.057011 0.125000
24 0.444145 0.756024 0.056240 0.126506
29 0.666025 0.756024 0.054700 0.129518
1 0.092450 0.469880 0.057011 0.120482
13 0.213020 0.988705 0.076271 0.025602
2 0.165639 0.469880 0.057011 0.120482
11 0.907165 0.466867 0.053159 0.114458
52 0.042758 0.611446 0.083975 0.123494
54 0.868259 0.612199 0.055470 0.125000
10 0.148305 0.755271 0.054700 0.128012
44 0.033128 0.896084 0.064715 0.126506
59 0.500000 0.610693 0.055470 0.125000
53 0.573960 0.610693 0.057011 0.125000
28 0.591294 0.754518 0.056240 0.126506
58 0.184515 0.896084 0.054700 0.123494
19 0.295455 0.754518 0.056240 0.129518
21 0.278891 0.608434 0.055470 0.126506
57 0.259630 0.895331 0.053929 0.125000
8 0.612096 0.468373 0.060863 0.120482
40 0.776579 0.896837 0.053929 0.118976
5 0.390216 0.468373 0.060863 0.120482
16 0.332820 0.896837 0.053929 0.121988
9 0.686055 0.471386 0.060863 0.120482
42 0.352080 0.609940 0.055470 0.123494
0 0.760015 0.469880 0.060863 0.120482
