19 0.367072 0.347122 0.047233 0.053957
45 0.192982 0.344874 0.086370 0.053058
38 0.708839 0.288669 0.045209 0.050360
39 0.808030 0.287320 0.045209 0.051259
32 0.711538 0.473022 0.064103 0.070144
48 0.730432 0.232914 0.043860 0.048561
3 0.332659 0.232914 0.045884 0.050360
42 0.407220 0.290018 0.045209 0.051259
13 0.336707 0.474371 0.048583 0.069245
14 0.652497 0.473471 0.048583 0.069245
8 0.581646 0.233813 0.045884 0.050360
36 0.658570 0.289119 0.045884 0.051259
35 0.546896 0.406475 0.047908 0.053957
15 0.494939 0.406924 0.047908 0.053058
44 0.201754 0.403777 0.113360 0.055755
0 0.680499 0.232914 0.045209 0.048561
9 0.632591 0.234712 0.045209 0.048561
11 0.779690 0.232464 0.043860 0.047662
23 0.418354 0.347572 0.045884 0.053058
6 0.482119 0.233363 0.045209 0.049460
43 0.315789 0.347122 0.045884 0.053957
2 0.283063 0.232014 0.046559 0.050360
53 0.558367 0.289568 0.046559 0.052158
26 0.872470 0.288219 0.071525 0.051259
51 0.457152 0.290018 0.045209 0.051259
7 0.532051 0.233363 0.043860 0.049460
47 0.493927 0.474820 0.257760 0.070144
12 0.775304 0.345773 0.045884 0.053058
28 0.571525 0.346673 0.045884 0.053058
58 0.287112 0.406025 0.047908 0.053058
22 0.858300 0.344424 0.110661 0.053957
20 0.854251 0.232014 0.094467 0.048561
33 0.598516 0.405576 0.048583 0.053957
54 0.758772 0.288219 0.045209 0.049460
40 0.700742 0.405576 0.046559 0.052158
37 0.724359 0.345773 0.046559 0.053058
49 0.169703 0.472122 0.066802 0.071942
56 0.305668 0.288219 0.045884 0.051259
55 0.443320 0.406475 0.047233 0.053957
10 0.264507 0.346223 0.047233 0.053957
5 0.432524 0.233363 0.045884 0.049460
4 0.382254 0.233363 0.045209 0.049460
16 0.391363 0.406025 0.047233 0.053058
18 0.649460 0.405576 0.046559 0.052158
30 0.532051 0.344424 0.819838 0.379496
1 0.232456 0.231115 0.045209 0.050360
46 0.849865 0.403327 0.138327 0.053058
41 0.255398 0.287770 0.047908 0.052158
21 0.356275 0.289119 0.045884 0.051259
27 0.608300 0.289568 0.045209 0.050360
31 0.673077 0.346223 0.045209 0.052158
17 0.182186 0.230665 0.045884 0.049460
29 0.622470 0.346673 0.046559 0.053058
34 0.752024 0.404676 0.047908 0.050360
52 0.190958 0.286871 0.072874 0.052158
24 0.469298 0.347122 0.046559 0.052158
59 0.508097 0.289568 0.045884 0.052158
57 0.339406 0.406025 0.047233 0.053058
25 0.521255 0.348022 0.046559 0.052158
