28 0.478516 0.423529 0.033203 0.050000
56 0.285156 0.369118 0.033203 0.050000
10 0.257812 0.423529 0.033203 0.050000
39 0.653320 0.370588 0.033203 0.050000
27 0.505859 0.369853 0.033203 0.048529
54 0.617188 0.371324 0.033203 0.048529
50 0.625488 0.532353 0.067383 0.050000
20 0.685059 0.317647 0.059570 0.047059
35 0.459961 0.477941 0.035156 0.050000
11 0.634766 0.317647 0.033203 0.047059
30 0.510742 0.411029 0.685547 0.342647
53 0.469238 0.369853 0.034180 0.048529
24 0.404785 0.423529 0.034180 0.050000
52 0.203125 0.369853 0.050781 0.048529
55 0.386230 0.477941 0.034180 0.050000
6 0.413574 0.316176 0.034180 0.047059
26 0.662598 0.425000 0.034180 0.050000
32 0.239258 0.477206 0.035156 0.051471
9 0.523926 0.316176 0.034180 0.047059
40 0.570801 0.478676 0.034180 0.048529
19 0.331055 0.423529 0.033203 0.050000
36 0.542969 0.369853 0.033203 0.048529
47 0.423340 0.532353 0.182617 0.050000
17 0.194824 0.316912 0.032227 0.048529
48 0.597656 0.316176 0.033203 0.047059
43 0.293945 0.424265 0.033203 0.048529
13 0.312012 0.532353 0.034180 0.050000
29 0.515137 0.423529 0.034180 0.050000
0 0.561035 0.316912 0.034180 0.048529
33 0.497070 0.477941 0.035156 0.050000
44 0.197754 0.477206 0.041992 0.048529
37 0.589844 0.424265 0.033203 0.048529
42 0.358398 0.369853 0.033203 0.048529
51 0.395020 0.369853 0.032227 0.048529
49 0.197754 0.529412 0.043945 0.050000
1 0.230957 0.316912 0.032227 0.048529
58 0.275879 0.477941 0.034180 0.050000
21 0.321777 0.369118 0.032227 0.050000
45 0.207520 0.422794 0.059570 0.048529
59 0.432129 0.369853 0.034180 0.048529
46 0.657227 0.478676 0.058594 0.048529
8 0.487793 0.316912 0.034180 0.048529
12 0.626465 0.425000 0.034180 0.050000
5 0.376465 0.316176 0.034180 0.047059
3 0.302734 0.316176 0.033203 0.047059
25 0.440918 0.424265 0.034180 0.051471
34 0.607910 0.478676 0.034180 0.048529
16 0.349121 0.477941 0.034180 0.050000
31 0.552734 0.424265 0.033203 0.048529
18 0.533691 0.478676 0.034180 0.048529
2 0.266602 0.316176 0.033203 0.047059
23 0.367676 0.424265 0.034180 0.048529
38 0.580078 0.369853 0.033203 0.048529
57 0.312500 0.477941 0.033203 0.050000
4 0.339844 0.316176 0.033203 0.047059
41 0.249023 0.369853 0.033203 0.048529
14 0.534668 0.533088 0.036133 0.051471
15 0.422852 0.477941 0.035156 0.050000
22 0.693848 0.396324 0.041992 0.101471
7 0.450195 0.315441 0.033203 0.048529
