40 0.220500 0.105385 0.017099 0.024899
4 0.101747 0.017661 0.016347 0.024899
25 0.153326 0.076433 0.016535 0.026057
53 0.167982 0.046613 0.016911 0.026057
27 0.187148 0.046468 0.016911 0.025188
39 0.264938 0.045455 0.017287 0.026057
58 0.067832 0.104806 0.016535 0.024899
55 0.124389 0.105530 0.016911 0.025767
6 0.139609 0.017516 0.016535 0.025188
48 0.236002 0.016503 0.016911 0.025478
46 0.273300 0.104806 0.044908 0.026636
24 0.134160 0.076433 0.016535 0.026057
45 0.035701 0.075999 0.025554 0.025188
20 0.281849 0.016068 0.030064 0.026346
36 0.206313 0.046323 0.016911 0.026057
21 0.091883 0.047192 0.016535 0.025478
12 0.250094 0.075565 0.017287 0.026057
31 0.211011 0.075854 0.016535 0.026057
2 0.064074 0.017661 0.016159 0.024899
33 0.181793 0.105819 0.017475 0.025767
13 0.086434 0.136219 0.016911 0.028662
5 0.120725 0.017371 0.016347 0.024899
37 0.230646 0.075999 0.017099 0.025767
16 0.105693 0.105385 0.016723 0.025478
23 0.115464 0.076288 0.016347 0.025767
14 0.200676 0.137087 0.016911 0.028662
47 0.143461 0.136798 0.093010 0.028662
18 0.200864 0.105385 0.016911 0.025478
0 0.216460 0.016792 0.016911 0.025478
7 0.158587 0.017516 0.016535 0.025188
26 0.286546 0.045889 0.020669 0.025767
28 0.172304 0.076288 0.016535 0.026346
49 0.030534 0.135350 0.015971 0.028083
15 0.143367 0.105819 0.017287 0.025188
17 0.029782 0.018095 0.010334 0.024030
1 0.045472 0.017805 0.016159 0.024609
56 0.073093 0.046757 0.016535 0.025188
30 0.186396 0.080921 0.335964 0.161262
22 0.278936 0.075565 0.035513 0.026636
43 0.077696 0.076144 0.016347 0.025478
10 0.058812 0.075854 0.016535 0.025478
3 0.082864 0.017950 0.016535 0.025478
8 0.177753 0.017371 0.016911 0.025478
9 0.197106 0.017226 0.016911 0.025767
57 0.086809 0.105240 0.016535 0.025767
19 0.096486 0.076578 0.016347 0.025767
59 0.148816 0.046757 0.016911 0.025767
54 0.245678 0.045889 0.017099 0.025767
41 0.054303 0.046902 0.016911 0.025478
35 0.162533 0.105675 0.017287 0.025478
50 0.220030 0.137087 0.018038 0.029820
34 0.239572 0.105530 0.017287 0.025188
38 0.225855 0.046468 0.016911 0.025188
44 0.031849 0.104951 0.017850 0.025188
42 0.110861 0.046902 0.016535 0.024899
52 0.034010 0.047047 0.020293 0.025188
51 0.129744 0.046757 0.016347 0.025188
32 0.049793 0.104951 0.015784 0.025188
29 0.191469 0.075854 0.016911 0.026057
11 0.255449 0.016358 0.017099 0.025188
