19 0.345000 0.375833 0.043750 0.050000
45 0.183750 0.373750 0.080000 0.049167
38 0.661563 0.321667 0.041875 0.046667
39 0.753437 0.320417 0.041875 0.047500
32 0.664062 0.492500 0.059375 0.065000
48 0.681562 0.270000 0.040625 0.045000
3 0.313125 0.270000 0.042500 0.046667
42 0.382188 0.322917 0.041875 0.047500
13 0.316875 0.493750 0.045000 0.064167
14 0.609375 0.492917 0.045000 0.064167
8 0.543750 0.270833 0.042500 0.046667
36 0.615000 0.322083 0.042500 0.047500
35 0.511563 0.430833 0.044375 0.050000
15 0.463438 0.431250 0.044375 0.049167
44 0.191875 0.428333 0.105000 0.051667
0 0.635312 0.270000 0.041875 0.045000
9 0.590938 0.271667 0.041875 0.045000
11 0.727187 0.269583 0.040625 0.044167
23 0.392500 0.376250 0.042500 0.049167
6 0.451562 0.270417 0.041875 0.045833
43 0.297500 0.375833 0.042500 0.050000
2 0.267188 0.269167 0.043125 0.046667
53 0.522188 0.322500 0.043125 0.048333
26 0.813125 0.321250 0.066250 0.047500
51 0.428438 0.322917 0.041875 0.047500
7 0.497812 0.270417 0.040625 0.045833
47 0.462500 0.494167 0.238750 0.065000
12 0.723125 0.374583 0.042500 0.049167
28 0.534375 0.375417 0.042500 0.049167
58 0.270937 0.430417 0.044375 0.049167
22 0.800000 0.373333 0.102500 0.050000
20 0.796250 0.269167 0.087500 0.045000
33 0.559375 0.430000 0.045000 0.050000
54 0.707812 0.321250 0.041875 0.045833
40 0.654062 0.430000 0.043125 0.048333
37 0.675937 0.374583 0.043125 0.049167
49 0.162188 0.491667 0.061875 0.066667
56 0.288125 0.321250 0.042500 0.047500
55 0.415625 0.430833 0.043750 0.050000
10 0.250000 0.375000 0.043750 0.050000
5 0.405625 0.270417 0.042500 0.045833
4 0.359063 0.270417 0.041875 0.045833
16 0.367500 0.430417 0.043750 0.049167
18 0.606563 0.430000 0.043125 0.048333
30 0.497812 0.373333 0.759375 0.351667
1 0.220312 0.268333 0.041875 0.046667
46 0.792188 0.427917 0.128125 0.049167
41 0.241563 0.320833 0.044375 0.048333
21 0.335000 0.322083 0.042500 0.047500
27 0.568438 0.322500 0.041875 0.046667
31 0.628437 0.375000 0.041875 0.048333
17 0.173750 0.267917 0.042500 0.045833
29 0.581562 0.375417 0.043125 0.049167
34 0.701562 0.429167 0.044375 0.046667
52 0.181875 0.320000 0.067500 0.048333
24 0.439688 0.375833 0.043125 0.048333
59 0.475625 0.322500 0.042500 0.048333
57 0.319375 0.430417 0.043750 0.049167
25 0.487812 0.376667 0.043125 0.048333
