7 0.410000 0.589767 0.045882 0.062837
41 0.128235 0.666966 0.054118 0.070018
26 0.702353 0.742370 0.049412 0.070018
49 0.041176 0.912029 0.065882 0.075404
56 0.180588 0.666068 0.050588 0.068223
23 0.293529 0.744165 0.048235 0.066427
6 0.361176 0.589767 0.049412 0.066427
0 0.558235 0.588869 0.048235 0.064632
21 0.231176 0.666068 0.050588 0.068223
40 0.575294 0.821364 0.047059 0.070018
54 0.635294 0.663375 0.049412 0.070018
15 0.369412 0.822262 0.051765 0.071813
35 0.421176 0.822262 0.049412 0.071813
33 0.472353 0.821364 0.050588 0.073609
48 0.608824 0.588869 0.045882 0.068223
39 0.686471 0.664273 0.048235 0.071813
17 0.055882 0.591562 0.050588 0.062837
42 0.282941 0.666068 0.050588 0.068223
20 0.727647 0.588869 0.085882 0.071813
25 0.395882 0.741472 0.045882 0.071813
38 0.584118 0.663375 0.048235 0.066427
18 0.524118 0.822262 0.048235 0.071813
19 0.242353 0.745063 0.049412 0.071813
1 0.107059 0.592460 0.051765 0.068223
55 0.318235 0.823160 0.050588 0.073609
3 0.208824 0.591562 0.050588 0.066427
29 0.497059 0.741472 0.048235 0.068223
43 0.189412 0.745961 0.051765 0.070018
47 0.367647 0.907540 0.257647 0.077199
31 0.547647 0.741472 0.048235 0.068223
22 0.747647 0.706463 0.062353 0.152603
57 0.213529 0.824955 0.050588 0.070018
4 0.260588 0.590664 0.048235 0.064632
59 0.384706 0.665171 0.049412 0.066427
44 0.047059 0.828546 0.065882 0.070018
51 0.334118 0.665171 0.047059 0.066427
9 0.508824 0.587971 0.045882 0.066427
2 0.158235 0.590664 0.048235 0.064632
53 0.434118 0.663375 0.049412 0.070018
37 0.598824 0.740575 0.047059 0.070018
50 0.653529 0.905745 0.097647 0.077199
30 0.490588 0.729803 0.967059 0.475763
16 0.265882 0.824057 0.051765 0.071813
24 0.344706 0.743268 0.049412 0.068223
8 0.460000 0.589767 0.047059 0.066427
32 0.107059 0.826750 0.051765 0.070018
28 0.447059 0.740575 0.047059 0.070018
45 0.066471 0.745961 0.088235 0.070018
12 0.650588 0.741472 0.049412 0.068223
27 0.484706 0.663375 0.047059 0.066427
34 0.626471 0.821364 0.048235 0.070018
5 0.311176 0.591562 0.048235 0.062837
58 0.160000 0.826750 0.051765 0.070018
11 0.658235 0.589767 0.045882 0.066427
14 0.524706 0.904847 0.049412 0.071813
46 0.697647 0.823160 0.084706 0.077199
52 0.064706 0.667864 0.075294 0.068223
10 0.137647 0.745961 0.051765 0.070018
13 0.210000 0.909336 0.052941 0.073609
36 0.534706 0.662478 0.048235 0.068223
