24 0.363478 0.364849 0.043478 0.056845
21 0.256087 0.301044 0.044348 0.056845
9 0.515217 0.243619 0.042609 0.055684
22 0.728696 0.335267 0.052174 0.116009
0 0.561739 0.243619 0.041739 0.055684
6 0.374783 0.240719 0.043478 0.056845
29 0.503478 0.366009 0.041739 0.056845
2 0.183913 0.237819 0.042609 0.055684
36 0.538261 0.305104 0.041739 0.055684
58 0.195652 0.426334 0.043478 0.056845
46 0.680870 0.428074 0.073043 0.055684
48 0.607826 0.243619 0.041739 0.055684
51 0.351304 0.303364 0.041739 0.056845
14 0.526522 0.488979 0.042609 0.054524
41 0.160000 0.300464 0.045217 0.058005
52 0.099130 0.299304 0.067826 0.058005
53 0.445652 0.304524 0.042609 0.056845
30 0.490435 0.343968 0.871304 0.381671
13 0.243478 0.488979 0.043478 0.056845
17 0.087391 0.236659 0.042609 0.058005
10 0.171739 0.363109 0.042609 0.058005
55 0.339565 0.426914 0.044348 0.055684
33 0.480435 0.428074 0.042609 0.055684
27 0.492174 0.304524 0.041739 0.056845
25 0.410870 0.366009 0.042609 0.056845
59 0.398696 0.303944 0.042609 0.058005
4 0.279565 0.238979 0.042609 0.055684
31 0.549565 0.367169 0.041739 0.056845
56 0.207826 0.299884 0.043478 0.056845
19 0.268261 0.364269 0.042609 0.058005
38 0.585217 0.306265 0.041739 0.055684
28 0.457391 0.366589 0.041739 0.058005
11 0.654348 0.244780 0.040870 0.055684
7 0.422174 0.241879 0.040870 0.056845
12 0.642609 0.367169 0.041739 0.056845
39 0.677391 0.306265 0.041739 0.055684
16 0.292174 0.426334 0.043478 0.056845
26 0.688261 0.367169 0.042609 0.056845
34 0.618696 0.428074 0.042609 0.053364
40 0.572609 0.428074 0.042609 0.053364
45 0.105217 0.361949 0.080000 0.058005
54 0.631304 0.306265 0.041739 0.055684
8 0.468696 0.243039 0.041739 0.056845
37 0.596522 0.367169 0.041739 0.056845
44 0.092609 0.425754 0.056522 0.058005
20 0.717391 0.244780 0.074783 0.058005
3 0.232174 0.238399 0.043478 0.056845
50 0.640435 0.489559 0.084348 0.055684
23 0.316087 0.364849 0.042609 0.056845
49 0.092174 0.488399 0.057391 0.058005
43 0.220000 0.363689 0.043478 0.056845
32 0.147826 0.425174 0.043478 0.056845
42 0.303913 0.302204 0.042609 0.056845
47 0.385217 0.489559 0.231304 0.058005
18 0.526087 0.428074 0.041739 0.055684
35 0.433913 0.428074 0.043478 0.055684
57 0.244348 0.426334 0.043478 0.056845
5 0.327826 0.239559 0.043478 0.056845
1 0.136087 0.237239 0.042609 0.056845
15 0.386957 0.427494 0.043478 0.054524
