2 0.230937 0.266250 0.038125 0.044167
0 0.571250 0.265833 0.038750 0.045000
56 0.250000 0.317917 0.038750 0.045833
9 0.530000 0.269167 0.038750 0.045000
35 0.453437 0.425000 0.040625 0.048333
19 0.301250 0.371250 0.038750 0.049167
42 0.335625 0.317917 0.037500 0.045833
32 0.191562 0.425000 0.038125 0.048333
14 0.542813 0.482917 0.040625 0.057500
54 0.637188 0.317917 0.038125 0.045833
22 0.712812 0.370000 0.076875 0.048333
31 0.562813 0.370417 0.038125 0.047500
8 0.485938 0.266250 0.038125 0.045833
41 0.207187 0.317917 0.039375 0.045833
3 0.273438 0.266667 0.038125 0.045000
23 0.344687 0.371250 0.038125 0.047500
12 0.650312 0.370417 0.038125 0.047500
50 0.587812 0.483750 0.040625 0.057500
46 0.704375 0.423750 0.101250 0.049167
47 0.407500 0.483750 0.218750 0.057500
37 0.606563 0.370417 0.038125 0.047500
39 0.679688 0.317500 0.038125 0.046667
11 0.656563 0.265833 0.036875 0.043333
6 0.400625 0.265833 0.037500 0.045000
52 0.159688 0.317917 0.046875 0.047500
13 0.275000 0.484167 0.040000 0.056667
4 0.315312 0.266250 0.036875 0.044167
26 0.726250 0.317083 0.045000 0.047500
21 0.292500 0.318333 0.037500 0.045000
29 0.519375 0.370417 0.038750 0.047500
38 0.594063 0.317500 0.036875 0.045000
20 0.712500 0.265833 0.065000 0.046667
48 0.613750 0.265417 0.037500 0.044167
58 0.233750 0.425833 0.038750 0.046667
44 0.149375 0.425417 0.042500 0.049167
43 0.257812 0.371667 0.038125 0.048333
55 0.365312 0.425417 0.039375 0.047500
7 0.443750 0.265833 0.037500 0.045000
27 0.507812 0.317083 0.038125 0.045833
5 0.358125 0.266250 0.037500 0.044167
45 0.161875 0.370833 0.058750 0.048333
10 0.215000 0.371667 0.038750 0.046667
53 0.465000 0.317500 0.038750 0.046667
30 0.500938 0.360833 0.766875 0.335000
51 0.378437 0.317917 0.036875 0.045833
15 0.409375 0.425417 0.040000 0.047500
24 0.388125 0.370833 0.038750 0.046667
17 0.153125 0.266667 0.025000 0.045000
1 0.188750 0.266667 0.037500 0.045000
59 0.421563 0.317500 0.038125 0.046667
28 0.475313 0.370417 0.038125 0.047500
36 0.551250 0.317917 0.038750 0.045833
16 0.321562 0.425000 0.039375 0.046667
18 0.541250 0.425000 0.038750 0.048333
25 0.432188 0.371250 0.038125 0.047500
57 0.277500 0.425417 0.040000 0.047500
34 0.629375 0.425000 0.040000 0.046667
49 0.143125 0.482917 0.037500 0.055833
40 0.585625 0.425000 0.040000 0.046667
33 0.497812 0.425000 0.040625 0.048333
