11 0.645598 0.219618 0.042889 0.064236
28 0.434537 0.366319 0.045147 0.069444
30 0.475169 0.343750 0.948081 0.475694
39 0.670993 0.294271 0.044018 0.067708
0 0.546840 0.218750 0.044018 0.065972
32 0.098758 0.441840 0.048533 0.071181
25 0.383747 0.366319 0.045147 0.069444
20 0.713318 0.220486 0.079007 0.065972
45 0.054740 0.364583 0.089165 0.069444
31 0.534989 0.367188 0.045147 0.067708
3 0.194131 0.213542 0.045147 0.065972
9 0.496614 0.218750 0.045147 0.065972
35 0.409142 0.442708 0.046275 0.069444
16 0.255079 0.441840 0.047404 0.071181
29 0.484763 0.367188 0.046275 0.067708
13 0.202032 0.521701 0.047404 0.071181
8 0.447517 0.217014 0.044018 0.065972
43 0.178894 0.365451 0.046275 0.067708
4 0.246050 0.214410 0.045147 0.064236
54 0.622460 0.293403 0.044018 0.065972
48 0.596501 0.218750 0.044018 0.065972
18 0.510158 0.442708 0.045147 0.069444
26 0.685666 0.368924 0.046275 0.067708
37 0.585214 0.368056 0.044018 0.065972
33 0.459932 0.443576 0.046275 0.071181
47 0.356659 0.519965 0.252822 0.071181
7 0.397291 0.217014 0.045147 0.065972
41 0.115688 0.288194 0.048533 0.069444
27 0.472348 0.291667 0.044018 0.065972
15 0.357788 0.442708 0.047404 0.069444
53 0.422686 0.290799 0.046275 0.067708
42 0.269752 0.289931 0.045147 0.065972
23 0.282167 0.365451 0.045147 0.067708
52 0.049661 0.287326 0.074492 0.071181
58 0.151242 0.442708 0.047404 0.069444
46 0.678330 0.444444 0.079007 0.069444
6 0.346501 0.216146 0.045147 0.064236
56 0.167043 0.288194 0.047404 0.069444
1 0.091986 0.210938 0.046275 0.067708
12 0.635440 0.368056 0.045147 0.069444
44 0.037810 0.442708 0.062077 0.072917
10 0.126411 0.364583 0.047404 0.069444
55 0.306998 0.443576 0.047404 0.071181
2 0.143341 0.212674 0.045147 0.067708
5 0.296840 0.216146 0.045147 0.064236
40 0.560948 0.444444 0.045147 0.069444
51 0.320542 0.289931 0.045147 0.065972
38 0.572799 0.293403 0.044018 0.065972
17 0.038939 0.210938 0.046275 0.067708
50 0.634876 0.521701 0.089165 0.071181
36 0.522009 0.292535 0.044018 0.067708
57 0.203725 0.440972 0.046275 0.069444
59 0.371332 0.290799 0.045147 0.067708
21 0.218962 0.289062 0.045147 0.067708
49 0.035553 0.520833 0.064334 0.072917
24 0.332957 0.366319 0.045147 0.069444
34 0.610609 0.444444 0.047404 0.065972
19 0.230813 0.366319 0.046275 0.069444
14 0.511851 0.520833 0.046275 0.069444
22 0.727991 0.332465 0.056433 0.144097
