19 0.232779 0.602778 0.040380 0.105556
51 0.336698 0.466667 0.041568 0.105556
4 0.250000 0.333333 0.041568 0.105556
6 0.365796 0.333333 0.042755 0.105556
14 0.609264 0.880556 0.057007 0.111111
44 0.024941 0.741667 0.047506 0.111111
1 0.077791 0.337500 0.041568 0.108333
29 0.526722 0.600000 0.041568 0.105556
47 0.383017 0.881944 0.364608 0.113889
13 0.162708 0.880556 0.057007 0.111111
42 0.278504 0.469444 0.041568 0.105556
58 0.141924 0.741667 0.041568 0.105556
20 0.807007 0.325000 0.098575 0.105556
9 0.542755 0.331944 0.042755 0.108333
3 0.191805 0.336111 0.041568 0.105556
46 0.789786 0.737500 0.152019 0.108333
10 0.116983 0.605556 0.041568 0.105556
21 0.220309 0.469444 0.041568 0.105556
53 0.454276 0.466667 0.041568 0.105556
52 0.035036 0.472222 0.067696 0.105556
28 0.467340 0.600000 0.041568 0.105556
38 0.631235 0.465278 0.041568 0.108333
54 0.689430 0.465278 0.041568 0.108333
50 0.837886 0.881944 0.058195 0.113889
0 0.600950 0.329167 0.042755 0.108333
37 0.646675 0.601389 0.041568 0.108333
27 0.512470 0.466667 0.041568 0.105556
55 0.318290 0.736111 0.042755 0.105556
16 0.259501 0.738889 0.041568 0.105556
26 0.764846 0.601389 0.042755 0.108333
22 0.826603 0.530556 0.071259 0.250000
2 0.134798 0.337500 0.041568 0.102778
5 0.308195 0.334722 0.041568 0.102778
57 0.200713 0.738889 0.042755 0.105556
11 0.718527 0.325000 0.040380 0.105556
40 0.616983 0.738889 0.041568 0.105556
36 0.571853 0.466667 0.041568 0.105556
45 0.042162 0.606944 0.081948 0.108333
12 0.705463 0.601389 0.042755 0.108333
15 0.377672 0.738889 0.042755 0.105556
43 0.175178 0.602778 0.041568 0.105556
32 0.084917 0.743056 0.043943 0.108333
8 0.482185 0.331944 0.042755 0.108333
59 0.394299 0.466667 0.040380 0.105556
17 0.023159 0.340278 0.041568 0.108333
25 0.408551 0.602778 0.040380 0.105556
30 0.501188 0.548611 1.000000 0.908333
48 0.659739 0.327778 0.041568 0.105556
7 0.424584 0.330556 0.041568 0.105556
39 0.748219 0.463889 0.042755 0.111111
49 0.022565 0.880556 0.042755 0.111111
41 0.105107 0.470833 0.041568 0.108333
18 0.557601 0.740278 0.041568 0.108333
35 0.437055 0.738889 0.042755 0.105556
56 0.162708 0.469444 0.040380 0.105556
34 0.677553 0.740278 0.043943 0.102778
23 0.292162 0.602778 0.040380 0.105556
33 0.496437 0.741667 0.042755 0.111111
31 0.586105 0.601389 0.041568 0.108333
24 0.349762 0.601389 0.041568 0.102778
