7 0.340358 0.359029 0.031928 0.038330
53 0.360473 0.402896 0.032567 0.035775
6 0.300128 0.359881 0.031928 0.038330
43 0.155172 0.463373 0.034483 0.040886
44 0.032886 0.519591 0.047893 0.040886
15 0.301405 0.503407 0.034483 0.035775
28 0.369093 0.450596 0.031928 0.037479
33 0.389208 0.500000 0.033844 0.039182
37 0.495530 0.445911 0.031928 0.036627
14 0.470307 0.545571 0.046616 0.041738
3 0.177203 0.367547 0.032567 0.038330
35 0.345466 0.502129 0.034483 0.038330
1 0.095466 0.372232 0.032567 0.039182
48 0.502874 0.350511 0.030013 0.036627
45 0.054598 0.469336 0.068327 0.040886
52 0.057791 0.420784 0.055556 0.037479
56 0.152299 0.416951 0.033844 0.038330
24 0.283206 0.454855 0.032567 0.035775
19 0.198276 0.460392 0.033844 0.038330
0 0.462644 0.353492 0.032567 0.040886
30 0.499681 0.453152 0.998084 0.398637
16 0.213602 0.508944 0.035121 0.038330
38 0.483716 0.398637 0.031290 0.035775
22 0.617178 0.413118 0.060664 0.090290
39 0.565134 0.393101 0.031928 0.038330
9 0.422414 0.355196 0.032567 0.040886
42 0.235313 0.410136 0.033844 0.036627
4 0.218072 0.364566 0.031290 0.037479
8 0.381865 0.358177 0.031928 0.041738
58 0.125798 0.514055 0.035760 0.036627
46 0.598659 0.485945 0.111750 0.040034
41 0.111750 0.417376 0.037037 0.037479
34 0.517880 0.492334 0.031928 0.035775
50 0.635377 0.538756 0.053640 0.046848
29 0.411239 0.448467 0.031928 0.036627
5 0.258621 0.363714 0.031928 0.039182
32 0.082695 0.516610 0.037676 0.040034
2 0.136335 0.369250 0.032567 0.038330
31 0.453384 0.448041 0.031928 0.037479
23 0.240421 0.456985 0.032567 0.038330
11 0.541826 0.347104 0.030013 0.036627
20 0.602171 0.343697 0.071520 0.038330
55 0.257982 0.505537 0.034483 0.034923
59 0.318646 0.406729 0.031928 0.036627
18 0.432631 0.496167 0.031290 0.036627
51 0.277139 0.409284 0.031928 0.036627
57 0.170817 0.512351 0.035121 0.038330
26 0.578225 0.440801 0.032567 0.038330
13 0.135696 0.567291 0.051724 0.044293
47 0.304278 0.570273 0.272669 0.080920
21 0.194444 0.413969 0.033844 0.037479
49 0.025223 0.572402 0.049170 0.042589
54 0.524266 0.395656 0.031928 0.036627
10 0.113027 0.464651 0.037037 0.040034
36 0.442529 0.401193 0.031928 0.035775
27 0.401980 0.402896 0.031290 0.035775
12 0.537037 0.443782 0.033206 0.039182
40 0.475415 0.493612 0.031290 0.034923
17 0.054917 0.373509 0.033206 0.038330
25 0.325990 0.453578 0.032567 0.038330
