59 0.273426 0.524414 0.037335 0.052734
27 0.379209 0.523926 0.036603 0.051758
48 0.506223 0.457031 0.037335 0.050781
12 0.547584 0.589355 0.036603 0.053711
8 0.354319 0.458496 0.038067 0.053711
40 0.470717 0.659668 0.038067 0.053711
7 0.302343 0.459473 0.038067 0.053711
1 0.010615 0.460938 0.019766 0.054688
26 0.598463 0.588379 0.037335 0.053711
50 0.666911 0.729980 0.054173 0.057617
0 0.457174 0.456543 0.040264 0.053711
52 0.016837 0.529785 0.032211 0.053711
53 0.326501 0.523438 0.038067 0.052734
47 0.257321 0.739746 0.333089 0.067383
9 0.405564 0.457520 0.038067 0.053711
43 0.071742 0.595703 0.039531 0.054688
15 0.254392 0.662109 0.040264 0.054688
21 0.116032 0.526855 0.038799 0.053711
35 0.308931 0.662598 0.039531 0.055664
31 0.442899 0.590820 0.036603 0.052734
44 0.012079 0.668945 0.022694 0.056641
4 0.145315 0.458984 0.038799 0.052734
16 0.145681 0.664551 0.040996 0.055664
2 0.042094 0.463867 0.038799 0.054688
45 0.019766 0.599121 0.038067 0.055664
32 0.011713 0.666992 0.021962 0.054688
14 0.463397 0.733398 0.052709 0.058594
51 0.221083 0.524902 0.036603 0.051758
56 0.063324 0.527344 0.038799 0.052734
18 0.416911 0.660156 0.037335 0.054688
54 0.532943 0.522461 0.036603 0.052734
29 0.391654 0.591309 0.036603 0.053711
23 0.177892 0.594238 0.038067 0.053711
42 0.168741 0.525879 0.037335 0.053711
46 0.623353 0.658691 0.132504 0.055664
20 0.633236 0.453125 0.086384 0.050781
6 0.249634 0.456543 0.040996 0.053711
37 0.495974 0.590332 0.037335 0.053711
11 0.557467 0.454590 0.035871 0.049805
34 0.523426 0.658691 0.039531 0.053711
3 0.092606 0.460449 0.038799 0.051758
13 0.050512 0.739746 0.057101 0.059570
10 0.019034 0.596680 0.036603 0.054688
49 0.009517 0.740234 0.017570 0.054688
19 0.124451 0.594727 0.038067 0.054688
38 0.482430 0.523438 0.036603 0.052734
57 0.090410 0.666504 0.041728 0.055664
55 0.199854 0.664062 0.040996 0.054688
28 0.337848 0.591309 0.037335 0.051758
22 0.651171 0.554688 0.063690 0.121094
39 0.583821 0.522461 0.037335 0.052734
5 0.196559 0.458008 0.038799 0.052734
41 0.015373 0.528809 0.029283 0.053711
36 0.430820 0.522949 0.037335 0.051758
30 0.500732 0.577148 1.000000 0.488281
24 0.230600 0.594238 0.038067 0.053711
33 0.362738 0.661621 0.040264 0.055664
58 0.035871 0.666992 0.042460 0.054688
17 0.009883 0.461426 0.018302 0.051758
25 0.284407 0.593750 0.038799 0.052734
