19 0.240000 0.525701 0.034000 0.088785
51 0.327500 0.411215 0.035000 0.088785
4 0.254500 0.299065 0.035000 0.088785
6 0.352000 0.299065 0.036000 0.088785
14 0.557000 0.759346 0.048000 0.093458
44 0.060500 0.642523 0.049000 0.093458
1 0.109500 0.302570 0.035000 0.091121
29 0.487500 0.523364 0.035000 0.088785
47 0.366500 0.760514 0.307000 0.095794
13 0.181000 0.759346 0.048000 0.093458
42 0.278500 0.413551 0.035000 0.088785
58 0.163500 0.642523 0.035000 0.088785
20 0.723500 0.292056 0.083000 0.088785
9 0.501000 0.297897 0.036000 0.091121
3 0.205500 0.301402 0.035000 0.088785
46 0.709000 0.639019 0.128000 0.091121
10 0.142500 0.528037 0.035000 0.088785
21 0.229500 0.413551 0.035000 0.088785
53 0.426500 0.411215 0.035000 0.088785
52 0.072500 0.415888 0.059000 0.088785
28 0.437500 0.523364 0.035000 0.088785
38 0.575500 0.410047 0.035000 0.091121
54 0.624500 0.410047 0.035000 0.091121
50 0.749500 0.760514 0.049000 0.095794
0 0.550000 0.295561 0.036000 0.091121
37 0.588500 0.524533 0.035000 0.091121
27 0.475500 0.411215 0.035000 0.088785
55 0.312000 0.637850 0.036000 0.088785
16 0.262500 0.640187 0.035000 0.088785
26 0.688000 0.524533 0.036000 0.091121
22 0.740000 0.464953 0.060000 0.210280
2 0.157500 0.302570 0.035000 0.086449
5 0.303500 0.300234 0.035000 0.086449
57 0.213000 0.640187 0.036000 0.088785
11 0.649000 0.292056 0.034000 0.088785
40 0.563500 0.640187 0.035000 0.088785
36 0.525500 0.411215 0.035000 0.088785
45 0.077000 0.529206 0.074000 0.091121
12 0.638000 0.524533 0.036000 0.091121
15 0.362000 0.640187 0.036000 0.088785
43 0.191500 0.525701 0.035000 0.088785
32 0.115500 0.643692 0.037000 0.091121
8 0.450000 0.297897 0.036000 0.091121
59 0.376000 0.411215 0.034000 0.088785
17 0.063500 0.304907 0.035000 0.091121
25 0.388000 0.525701 0.034000 0.088785
30 0.490500 0.480140 0.923000 0.764019
48 0.599500 0.294393 0.035000 0.088785
7 0.401500 0.296729 0.035000 0.088785
39 0.674000 0.408879 0.036000 0.093458
49 0.057000 0.759346 0.048000 0.093458
41 0.132500 0.414720 0.035000 0.091121
18 0.513500 0.641355 0.035000 0.091121
35 0.412000 0.640187 0.036000 0.088785
56 0.181000 0.413551 0.034000 0.088785
34 0.614500 0.641355 0.037000 0.086449
23 0.290000 0.525701 0.034000 0.088785
33 0.462000 0.642523 0.036000 0.093458
31 0.537500 0.524533 0.035000 0.091121
24 0.338500 0.524533 0.035000 0.086449
