56 0.144571 0.577895 0.030857 0.061053
54 0.530286 0.574737 0.029714 0.058947
5 0.252571 0.501053 0.032000 0.063158
50 0.633714 0.804211 0.042286 0.058947
26 0.584000 0.649474 0.029714 0.056842
37 0.498286 0.651579 0.029714 0.056842
27 0.402286 0.573684 0.029714 0.056842
47 0.308000 0.805263 0.261714 0.056842
25 0.326286 0.651579 0.030857 0.056842
55 0.261143 0.727368 0.030857 0.056842
18 0.433143 0.728421 0.029714 0.058947
35 0.346857 0.728421 0.030857 0.058947
38 0.486857 0.574737 0.029714 0.058947
42 0.230857 0.576842 0.029714 0.058947
17 0.039429 0.498947 0.028571 0.063158
0 0.466857 0.498947 0.030857 0.058947
3 0.168000 0.503158 0.032000 0.063158
52 0.049143 0.577895 0.052571 0.061053
10 0.111429 0.652632 0.030857 0.058947
24 0.283429 0.651579 0.029714 0.056842
40 0.476571 0.727368 0.029714 0.056842
15 0.304571 0.728421 0.030857 0.058947
12 0.540571 0.650526 0.029714 0.058947
1 0.082857 0.503158 0.030857 0.063158
33 0.390286 0.728421 0.030857 0.058947
59 0.316000 0.575789 0.028571 0.056842
23 0.240000 0.651579 0.029714 0.056842
9 0.424571 0.498947 0.030857 0.058947
44 0.041143 0.729474 0.043429 0.061053
46 0.601143 0.726316 0.109714 0.058947
22 0.628000 0.610526 0.051429 0.138947
28 0.369143 0.651579 0.029714 0.056842
13 0.146286 0.805263 0.041143 0.061053
11 0.551429 0.501053 0.030857 0.067368
57 0.174857 0.728421 0.029714 0.058947
6 0.296000 0.498947 0.032000 0.063158
29 0.412571 0.651579 0.029714 0.056842
19 0.197714 0.652632 0.029714 0.058947
58 0.131429 0.729474 0.029714 0.056842
49 0.038857 0.807368 0.041143 0.061053
8 0.382286 0.498947 0.030857 0.058947
14 0.470857 0.804211 0.041143 0.058947
51 0.273714 0.576842 0.028571 0.058947
36 0.445714 0.578947 0.029714 0.058947
45 0.053143 0.653684 0.062857 0.061053
43 0.154857 0.653684 0.030857 0.056842
32 0.088571 0.729474 0.030857 0.056842
30 0.499429 0.624211 0.980571 0.570526
7 0.338286 0.500000 0.032000 0.061053
16 0.217714 0.727368 0.030857 0.056842
48 0.509143 0.501053 0.030857 0.058947
20 0.615429 0.495789 0.072000 0.056842
21 0.188000 0.576842 0.030857 0.058947
2 0.124000 0.501053 0.030857 0.063158
31 0.454857 0.651579 0.029714 0.056842
41 0.102286 0.577895 0.030857 0.061053
34 0.519429 0.727368 0.030857 0.056842
53 0.359429 0.574737 0.030857 0.058947
39 0.571429 0.575789 0.029714 0.061053
4 0.211429 0.503158 0.032000 0.063158
