20 0.741429 0.408565 0.085714 0.067130
22 0.757857 0.537037 0.067143 0.152778
37 0.605714 0.589120 0.037143 0.067130
9 0.510714 0.429398 0.038571 0.071759
15 0.372857 0.689815 0.037143 0.069444
16 0.268571 0.695602 0.037143 0.067130
36 0.540000 0.515046 0.037143 0.067130
18 0.531429 0.678241 0.037143 0.069444
4 0.253571 0.451389 0.038571 0.074074
35 0.426429 0.686343 0.035714 0.067130
7 0.407857 0.436343 0.038571 0.071759
41 0.123571 0.540509 0.038571 0.062500
24 0.346429 0.606481 0.035714 0.069444
5 0.305000 0.444444 0.038571 0.074074
13 0.182143 0.789352 0.050000 0.069444
52 0.060714 0.543981 0.061429 0.064815
31 0.553571 0.590278 0.038571 0.064815
33 0.477857 0.681713 0.038571 0.071759
8 0.459286 0.434028 0.038571 0.071759
34 0.635714 0.668981 0.037143 0.069444
55 0.321429 0.693287 0.037143 0.067130
59 0.384286 0.523148 0.037143 0.064815
11 0.662857 0.416667 0.037143 0.069444
29 0.502857 0.593750 0.037143 0.067130
44 0.053571 0.714120 0.047143 0.067130
0 0.562857 0.425926 0.040000 0.074074
14 0.580714 0.760417 0.050000 0.071759
39 0.693571 0.500000 0.038571 0.069444
12 0.658571 0.584491 0.037143 0.067130
47 0.382857 0.789352 0.322857 0.111111
53 0.435714 0.516204 0.037143 0.064815
48 0.612857 0.420139 0.037143 0.067130
25 0.397143 0.601852 0.037143 0.069444
51 0.330714 0.526620 0.035714 0.062500
2 0.150000 0.454861 0.037143 0.067130
42 0.278571 0.527778 0.037143 0.064815
45 0.067143 0.626157 0.074286 0.071759
27 0.486429 0.512731 0.035714 0.062500
40 0.584286 0.672454 0.037143 0.067130
1 0.097143 0.459491 0.037143 0.067130
57 0.215000 0.701389 0.035714 0.064815
43 0.188571 0.618056 0.037143 0.069444
21 0.227143 0.531250 0.037143 0.067130
10 0.135000 0.622685 0.038571 0.069444
28 0.450000 0.598380 0.037143 0.067130
26 0.710000 0.577546 0.037143 0.067130
50 0.777857 0.740741 0.052857 0.069444
30 0.498571 0.556713 0.954286 0.659722
54 0.644286 0.503472 0.037143 0.067130
3 0.201429 0.450231 0.037143 0.067130
32 0.109286 0.709491 0.038571 0.067130
38 0.588571 0.506944 0.037143 0.064815
6 0.356429 0.439815 0.038571 0.074074
56 0.176429 0.534722 0.035714 0.064815
17 0.047143 0.464120 0.034286 0.062500
19 0.242857 0.614583 0.037143 0.067130
58 0.161429 0.704861 0.037143 0.067130
49 0.052143 0.798611 0.047143 0.069444
46 0.732857 0.660880 0.128571 0.067130
23 0.292857 0.609954 0.037143 0.067130
