47 0.276201 0.384477 0.292576 0.057762
59 0.288755 0.158845 0.033843 0.057762
22 0.631550 0.716606 0.055677 0.148014
41 0.046397 0.678700 0.033843 0.064982
6 0.265830 0.086643 0.033843 0.057762
57 0.127183 0.835740 0.033843 0.064982
57 0.131004 0.308664 0.034934 0.057762
18 0.414847 0.308664 0.032751 0.057762
19 0.157751 0.233755 0.033843 0.059567
46 0.598799 0.836643 0.121179 0.066787
51 0.241266 0.159747 0.032751 0.059567
5 0.219978 0.086643 0.033843 0.057762
17 0.009279 0.092058 0.016376 0.057762
41 0.055677 0.161552 0.034934 0.059567
10 0.057314 0.757220 0.033843 0.066787
44 0.013100 0.313177 0.024017 0.059567
38 0.473799 0.158845 0.032751 0.057762
39 0.566048 0.157040 0.033843 0.061372
34 0.509825 0.838448 0.034934 0.063177
2 0.069323 0.601986 0.033843 0.063177
9 0.404476 0.083032 0.033843 0.057762
58 0.083515 0.309567 0.033843 0.055957
32 0.032205 0.838448 0.036026 0.066787
37 0.485808 0.232852 0.032751 0.057762
20 0.617358 0.598375 0.081878 0.066787
34 0.509825 0.307762 0.034934 0.055957
12 0.533843 0.757220 0.034934 0.066787
23 0.203603 0.234657 0.033843 0.057762
13 0.100437 0.387184 0.048035 0.059567
31 0.437227 0.757220 0.033843 0.066787
5 0.211245 0.599278 0.033843 0.064982
42 0.188319 0.678700 0.033843 0.064982
45 0.019105 0.236462 0.036026 0.061372
33 0.367358 0.308664 0.033843 0.061372
52 0.015284 0.163357 0.028384 0.059567
29 0.390284 0.756318 0.033843 0.064982
32 0.038210 0.311372 0.034934 0.059567
28 0.344978 0.237365 0.032751 0.059567
13 0.096616 0.921480 0.044760 0.066787
55 0.225437 0.307762 0.033843 0.055957
53 0.330786 0.676895 0.034934 0.064982
52 0.015830 0.681408 0.029476 0.066787
28 0.341703 0.756318 0.034934 0.064982
12 0.532751 0.231949 0.032751 0.059567
59 0.282205 0.677798 0.033843 0.063177
15 0.273472 0.308664 0.033843 0.057762
58 0.079148 0.837545 0.033843 0.064982
25 0.294214 0.756318 0.033843 0.064982
42 0.194323 0.161552 0.032751 0.059567
3 0.127183 0.088448 0.033843 0.057762
3 0.116266 0.601083 0.033843 0.064982
53 0.334607 0.158845 0.033843 0.057762
25 0.298035 0.234657 0.032751 0.057762
40 0.462336 0.307762 0.033843 0.055957
4 0.173035 0.086643 0.033843 0.057762
23 0.199236 0.756318 0.033843 0.064982
54 0.521288 0.678700 0.033843 0.064982
49 0.013100 0.388989 0.024017 0.059567
43 0.105349 0.756318 0.033843 0.064982
17 0.009279 0.603791 0.016376 0.063177
20 0.613537 0.080325 0.078603 0.059567
49 0.012009 0.918773 0.021834 0.068592
0 0.451419 0.083032 0.033843 0.057762
43 0.110808 0.234657 0.033843 0.057762
14 0.454694 0.918773 0.046943 0.064982
27 0.380459 0.157040 0.033843 0.057762
6 0.258188 0.599278 0.033843 0.064982
24 0.251092 0.232852 0.032751 0.057762
31 0.438319 0.231949 0.033843 0.059567
54 0.521288 0.157942 0.033843 0.059567
39 0.567686 0.678700 0.034934 0.064982
21 0.148472 0.160650 0.032751 0.057762
37 0.486354 0.756318 0.033843 0.064982
50 0.635917 0.382671 0.046943 0.061372
1 0.021834 0.601986 0.032751 0.063177
18 0.413210 0.838448 0.033843 0.066787
22 0.626638 0.194043 0.056769 0.135379
35 0.317686 0.836643 0.034934 0.066787
11 0.545306 0.597473 0.033843 0.064982
8 0.357533 0.083032 0.033843 0.057762
16 0.173581 0.836643 0.034934 0.066787
29 0.391921 0.233755 0.032751 0.059567
9 0.401201 0.599278 0.036026 0.068592
46 0.597707 0.305957 0.118996 0.059567
0 0.449236 0.598375 0.036026 0.066787
40 0.461790 0.837545 0.034934 0.064982
14 0.455786 0.384477 0.046943 0.061372
16 0.177402 0.307762 0.033843 0.055957
30 0.414301 0.716606 0.826419 0.519856
48 0.497271 0.598375 0.033843 0.066787
47 0.274563 0.920578 0.291485 0.068592
11 0.544214 0.081227 0.033843 0.057762
21 0.141376 0.678700 0.033843 0.064982
10 0.064410 0.235560 0.034934 0.059567
30 0.501092 0.231949 1.000000 0.460289
44 0.013100 0.839350 0.024017 0.072202
36 0.427402 0.157942 0.033843 0.059567
55 0.221070 0.835740 0.033843 0.064982
24 0.246725 0.755415 0.032751 0.063177
36 0.425764 0.676895 0.034934 0.064982
27 0.378275 0.677798 0.033843 0.063177
48 0.497271 0.083032 0.033843 0.057762
8 0.353712 0.598375 0.034934 0.066787
7 0.311681 0.084838 0.033843 0.057762
26 0.582969 0.759928 0.034934 0.064982
26 0.579694 0.232852 0.034934 0.057762
19 0.151747 0.756318 0.032751 0.064982
56 0.102074 0.161552 0.031659 0.059567
7 0.306223 0.598375 0.033843 0.063177
1 0.035480 0.090253 0.033843 0.057762
38 0.473799 0.677798 0.034934 0.063177
4 0.164301 0.604693 0.033843 0.064982
45 0.018559 0.757220 0.034934 0.066787
51 0.235262 0.676895 0.033843 0.064982
15 0.268559 0.836643 0.034934 0.066787
50 0.637009 0.921480 0.046943 0.066787
56 0.093886 0.679603 0.032751 0.063177
35 0.320415 0.308664 0.033843 0.057762
2 0.081332 0.090253 0.033843 0.057762
33 0.364629 0.837545 0.034934 0.068592
