7 0.413574 0.450220 0.034180 0.057101
9 0.507812 0.452416 0.035156 0.055637
4 0.277344 0.452416 0.035156 0.052709
29 0.496582 0.587116 0.036133 0.055637
0 0.554688 0.449488 0.035156 0.055637
17 0.090820 0.454612 0.035156 0.057101
16 0.281738 0.661054 0.036133 0.057101
2 0.180664 0.454612 0.035156 0.057101
41 0.156738 0.522694 0.036133 0.055637
51 0.343750 0.520498 0.033203 0.051245
33 0.474609 0.660322 0.039062 0.064422
28 0.449707 0.586384 0.032227 0.054173
43 0.213379 0.589312 0.032227 0.054173
12 0.642090 0.587848 0.030273 0.054173
3 0.229004 0.453148 0.038086 0.060029
35 0.425293 0.657394 0.034180 0.058565
15 0.379395 0.658858 0.034180 0.058565
18 0.522949 0.658126 0.030273 0.057101
8 0.458984 0.450220 0.035156 0.057101
39 0.671387 0.519766 0.040039 0.058565
30 0.500977 0.566618 0.906250 0.477306
48 0.599609 0.448023 0.035156 0.055637
31 0.543945 0.587116 0.033203 0.055637
1 0.137695 0.456076 0.035156 0.057101
23 0.308594 0.589312 0.033203 0.054173
34 0.620117 0.658126 0.033203 0.054173
11 0.644043 0.449488 0.041992 0.061493
25 0.402832 0.587848 0.034180 0.054173
40 0.571289 0.656662 0.035156 0.054173
57 0.232910 0.659590 0.034180 0.054173
32 0.137207 0.663250 0.036133 0.055637
47 0.383301 0.734261 0.301758 0.065886
26 0.687012 0.588580 0.040039 0.058565
49 0.080566 0.739385 0.053711 0.067350
13 0.201660 0.736457 0.053711 0.064422
36 0.530762 0.518302 0.034180 0.052709
52 0.101074 0.525622 0.061523 0.055637
24 0.355469 0.588580 0.033203 0.052709
14 0.563477 0.732796 0.060547 0.068814
50 0.748535 0.734993 0.059570 0.067350
20 0.715820 0.447291 0.087891 0.060029
42 0.297363 0.521962 0.034180 0.054173
46 0.708496 0.655930 0.127930 0.058565
58 0.185059 0.661786 0.034180 0.055637
21 0.250977 0.523426 0.035156 0.057101
56 0.203613 0.523426 0.034180 0.057101
38 0.577637 0.517570 0.032227 0.054173
6 0.367676 0.450220 0.034180 0.057101
53 0.437988 0.518302 0.032227 0.052709
45 0.103516 0.594436 0.070312 0.055637
55 0.330078 0.658858 0.033203 0.055637
5 0.321289 0.450952 0.035156 0.052709
59 0.390137 0.518302 0.032227 0.052709
22 0.731934 0.551977 0.073242 0.131772
37 0.592773 0.587116 0.033203 0.055637
54 0.625488 0.518302 0.036133 0.055637
10 0.168945 0.592972 0.039062 0.055637
44 0.087891 0.664714 0.048828 0.055637
27 0.483398 0.516837 0.033203 0.052709
19 0.261230 0.590044 0.034180 0.052709
