56 0.121391 0.624396 0.035433 0.070048
54 0.564304 0.620773 0.034121 0.067633
5 0.245407 0.536232 0.036745 0.072464
50 0.683071 0.884058 0.048556 0.067633
26 0.625984 0.706522 0.034121 0.065217
37 0.527559 0.708937 0.034121 0.065217
27 0.417323 0.619565 0.034121 0.065217
47 0.309055 0.885266 0.300525 0.065217
25 0.330052 0.708937 0.035433 0.065217
55 0.255249 0.795894 0.035433 0.065217
18 0.452756 0.797101 0.034121 0.067633
35 0.353675 0.797101 0.035433 0.067633
38 0.514436 0.620773 0.034121 0.067633
42 0.220472 0.623188 0.034121 0.067633
17 0.009186 0.533816 0.015748 0.072464
0 0.491470 0.533816 0.035433 0.067633
3 0.148294 0.538647 0.036745 0.072464
52 0.021654 0.624396 0.040682 0.070048
10 0.083333 0.710145 0.035433 0.067633
24 0.280840 0.708937 0.034121 0.065217
40 0.502625 0.795894 0.034121 0.065217
15 0.305118 0.797101 0.035433 0.067633
12 0.576115 0.707729 0.034121 0.067633
1 0.050525 0.538647 0.035433 0.072464
33 0.403543 0.797101 0.035433 0.067633
59 0.318241 0.621981 0.032808 0.065217
23 0.230971 0.708937 0.034121 0.065217
9 0.442913 0.533816 0.035433 0.067633
44 0.014436 0.798309 0.026247 0.070048
46 0.645669 0.794686 0.125984 0.067633
22 0.676509 0.661836 0.059055 0.159420
28 0.379265 0.708937 0.034121 0.065217
13 0.123360 0.885266 0.047244 0.070048
11 0.588583 0.536232 0.035433 0.077295
57 0.156168 0.797101 0.034121 0.067633
6 0.295276 0.533816 0.036745 0.072464
29 0.429134 0.708937 0.034121 0.065217
19 0.182415 0.710145 0.034121 0.067633
58 0.106299 0.798309 0.034121 0.065217
49 0.013123 0.887681 0.023622 0.070048
8 0.394357 0.533816 0.035433 0.067633
14 0.496063 0.884058 0.047244 0.067633
51 0.269685 0.623188 0.032808 0.067633
36 0.467192 0.625604 0.034121 0.067633
45 0.026903 0.711353 0.051181 0.070048
43 0.133202 0.711353 0.035433 0.065217
32 0.057087 0.798309 0.035433 0.065217
30 0.501312 0.676329 1.000000 0.652174
7 0.343832 0.535024 0.036745 0.070048
16 0.205381 0.795894 0.035433 0.065217
48 0.540026 0.536232 0.035433 0.067633
20 0.662073 0.530193 0.082677 0.065217
21 0.171260 0.623188 0.035433 0.067633
2 0.097769 0.536232 0.035433 0.072464
31 0.477690 0.708937 0.034121 0.065217
41 0.072835 0.624396 0.035433 0.070048
34 0.551837 0.795894 0.035433 0.065217
53 0.368110 0.620773 0.035433 0.067633
39 0.611549 0.621981 0.034121 0.070048
4 0.198163 0.538647 0.036745 0.072464
