35 0.347164 0.768491 0.032563 0.051775
0 0.469538 0.582101 0.031513 0.051775
43 0.140231 0.707840 0.032563 0.051775
9 0.424370 0.582101 0.031513 0.051775
30 0.501050 0.659024 1.000000 0.457101
31 0.457983 0.705621 0.031513 0.050296
39 0.579832 0.642751 0.031513 0.051775
10 0.092962 0.707101 0.032563 0.053254
14 0.476366 0.828402 0.043067 0.050296
26 0.591387 0.705621 0.033613 0.050296
8 0.378151 0.582101 0.031513 0.051775
4 0.194853 0.582101 0.032563 0.054734
12 0.546744 0.705621 0.032563 0.050296
2 0.099790 0.578402 0.033613 0.056213
5 0.240021 0.579142 0.032563 0.054734
32 0.071429 0.771450 0.031513 0.051775
6 0.286765 0.579882 0.033613 0.053254
33 0.390756 0.769231 0.033613 0.053254
21 0.173319 0.643491 0.031513 0.053254
50 0.640756 0.826923 0.046218 0.050296
37 0.503151 0.705621 0.031513 0.050296
36 0.447479 0.644970 0.031513 0.050296
19 0.185924 0.706361 0.031513 0.051775
25 0.323529 0.705621 0.031513 0.050296
59 0.310924 0.642012 0.031513 0.050296
23 0.231618 0.705621 0.032563 0.050296
3 0.147059 0.579882 0.033613 0.053254
13 0.136029 0.833580 0.043067 0.051775
16 0.210084 0.769970 0.033613 0.051775
40 0.481092 0.767751 0.031513 0.050296
15 0.301996 0.768491 0.032563 0.051775
27 0.402311 0.642012 0.031513 0.050296
1 0.053571 0.580621 0.033613 0.054734
29 0.413340 0.705621 0.032563 0.050296
20 0.624475 0.577663 0.078782 0.051775
38 0.491597 0.642012 0.031513 0.050296
18 0.436975 0.768491 0.031513 0.051775
52 0.025210 0.642751 0.048319 0.054734
53 0.357143 0.641272 0.031513 0.051775
46 0.607668 0.766272 0.110294 0.050296
58 0.117122 0.771450 0.032563 0.051775
41 0.079832 0.643491 0.033613 0.053254
47 0.306723 0.830621 0.273109 0.051775
44 0.021534 0.772189 0.040966 0.053254
24 0.277311 0.705621 0.031513 0.050296
45 0.032038 0.707101 0.061975 0.053254
57 0.163866 0.769970 0.031513 0.051775
7 0.334034 0.580621 0.031513 0.051775
28 0.368697 0.704882 0.031513 0.048817
22 0.637605 0.672337 0.052521 0.116864
11 0.558824 0.579142 0.031513 0.051775
17 0.012080 0.579142 0.022059 0.051775
55 0.255777 0.769231 0.030462 0.050296
49 0.022059 0.834320 0.039916 0.050296
51 0.265231 0.642012 0.030462 0.050296
54 0.536239 0.642012 0.032563 0.053254
56 0.126576 0.643491 0.032563 0.053254
34 0.525210 0.767751 0.033613 0.050296
48 0.513655 0.580621 0.031513 0.051775
42 0.219013 0.642751 0.032563 0.051775
