56 0.116348 0.582599 0.032220 0.063877
54 0.519093 0.579295 0.031026 0.061674
5 0.229117 0.502203 0.033413 0.066079
50 0.627088 0.819383 0.044153 0.061674
26 0.575179 0.657489 0.031026 0.059471
37 0.485680 0.659692 0.031026 0.059471
27 0.385442 0.578194 0.031026 0.059471
47 0.286993 0.820485 0.273270 0.059471
25 0.306086 0.659692 0.032220 0.059471
55 0.238067 0.738987 0.032220 0.059471
18 0.417661 0.740088 0.031026 0.061674
35 0.327566 0.740088 0.032220 0.061674
38 0.473747 0.579295 0.031026 0.061674
42 0.206444 0.581498 0.031026 0.061674
17 0.011337 0.500000 0.020286 0.066079
0 0.452864 0.500000 0.032220 0.061674
3 0.140811 0.504405 0.033413 0.066079
52 0.022673 0.582599 0.042959 0.063877
10 0.081742 0.660793 0.032220 0.061674
24 0.261337 0.659692 0.031026 0.059471
40 0.463007 0.738987 0.031026 0.059471
15 0.283413 0.740088 0.032220 0.061674
12 0.529833 0.658590 0.031026 0.061674
1 0.051909 0.504405 0.032220 0.066079
33 0.372912 0.740088 0.032220 0.061674
59 0.295346 0.580396 0.029833 0.059471
23 0.215990 0.659692 0.031026 0.059471
9 0.408711 0.500000 0.032220 0.061674
44 0.016110 0.741189 0.029833 0.063877
46 0.593079 0.737885 0.114558 0.061674
22 0.621122 0.616740 0.053699 0.145374
28 0.350835 0.659692 0.031026 0.059471
13 0.118138 0.820485 0.042959 0.063877
11 0.541169 0.502203 0.032220 0.070485
57 0.147971 0.740088 0.031026 0.061674
6 0.274463 0.500000 0.033413 0.066079
29 0.396181 0.659692 0.031026 0.059471
19 0.171838 0.660793 0.031026 0.061674
58 0.102625 0.741189 0.031026 0.059471
49 0.014320 0.822687 0.026253 0.063877
8 0.364558 0.500000 0.032220 0.061674
14 0.457041 0.819383 0.042959 0.061674
51 0.251193 0.581498 0.029833 0.061674
36 0.430788 0.583700 0.031026 0.061674
45 0.027446 0.661894 0.052506 0.063877
43 0.127088 0.661894 0.032220 0.059471
32 0.057876 0.741189 0.032220 0.059471
30 0.500000 0.631057 0.997613 0.596916
7 0.318616 0.501101 0.033413 0.063877
16 0.192721 0.738987 0.032220 0.059471
48 0.497017 0.502203 0.032220 0.061674
20 0.607995 0.496696 0.075179 0.059471
21 0.161695 0.581498 0.032220 0.061674
2 0.094869 0.502203 0.032220 0.066079
31 0.440334 0.659692 0.031026 0.059471
41 0.072196 0.582599 0.032220 0.063877
34 0.507757 0.738987 0.032220 0.059471
53 0.340692 0.579295 0.032220 0.061674
39 0.562053 0.580396 0.031026 0.063877
4 0.186158 0.504405 0.033413 0.066079
