40 0.760578 0.715909 0.061354 0.122727
53 0.579337 0.441667 0.059944 0.122727
47 0.494711 0.864394 0.312412 0.146970
14 0.771509 0.861364 0.063470 0.146970
4 0.347673 0.299242 0.059238 0.125758
28 0.595910 0.578788 0.057828 0.121212
26 0.975317 0.437879 0.050776 0.127273
55 0.431241 0.715909 0.061354 0.119697
35 0.562764 0.715909 0.060649 0.122727
10 0.197109 0.578030 0.061354 0.125758
34 0.826869 0.716667 0.062764 0.124242
51 0.447461 0.440152 0.058533 0.122727
48 0.812059 0.300000 0.061354 0.127273
45 0.103667 0.576515 0.112835 0.128788
37 0.793724 0.578788 0.061354 0.124242
22 0.948872 0.576515 0.103667 0.128788
17 0.076516 0.294697 0.061354 0.125758
5 0.413611 0.300758 0.061354 0.125758
27 0.645628 0.440909 0.058533 0.121212
1 0.144922 0.298485 0.061354 0.127273
52 0.094499 0.435606 0.095910 0.128788
43 0.264810 0.578788 0.061354 0.124242
8 0.612482 0.303788 0.061354 0.122727
19 0.331453 0.579545 0.062059 0.122727
42 0.381171 0.440909 0.059944 0.124242
12 0.860719 0.578030 0.061354 0.125758
36 0.711566 0.439394 0.060649 0.124242
30 0.509873 0.531061 0.981664 0.925758
3 0.280324 0.300000 0.062764 0.127273
7 0.547250 0.303030 0.059238 0.121212
29 0.662200 0.578030 0.059238 0.122727
49 0.148096 0.865152 0.066291 0.148485
11 0.878702 0.298485 0.060649 0.127273
38 0.777856 0.439394 0.060649 0.124242
18 0.694288 0.715909 0.061354 0.122727
59 0.513399 0.440909 0.059238 0.121212
24 0.463681 0.577273 0.059944 0.121212
23 0.398096 0.579545 0.059944 0.122727
31 0.728138 0.580303 0.059944 0.124242
20 0.958039 0.297727 0.085331 0.128788
39 0.911848 0.437879 0.062059 0.127273
58 0.232017 0.717424 0.062059 0.122727
41 0.179831 0.439394 0.064880 0.130303
2 0.212976 0.297727 0.060649 0.128788
57 0.299365 0.716667 0.061354 0.124242
25 0.529972 0.578788 0.059944 0.121212
21 0.314880 0.440152 0.062764 0.128788
0 0.745769 0.302273 0.061354 0.122727
56 0.247532 0.436364 0.062059 0.127273
9 0.679126 0.303030 0.060649 0.124242
13 0.215092 0.865152 0.064880 0.148485
16 0.365303 0.716667 0.060649 0.121212
6 0.480606 0.302273 0.059944 0.122727
46 0.932299 0.716667 0.136812 0.130303
54 0.844499 0.439394 0.061354 0.127273
33 0.628702 0.716667 0.061354 0.124242
44 0.122708 0.716667 0.148096 0.130303
15 0.497179 0.716667 0.060649 0.121212
