54 0.822311 0.630814 0.054506 0.069767
48 0.789608 0.554748 0.053052 0.068798
35 0.570858 0.791182 0.054506 0.072674
28 0.599927 0.710271 0.053052 0.071705
18 0.692587 0.789244 0.056686 0.072674
51 0.465116 0.634690 0.052326 0.069767
46 0.915698 0.787306 0.133721 0.072674
37 0.780887 0.708818 0.054506 0.070736
59 0.524709 0.633721 0.053779 0.069767
53 0.584666 0.633236 0.053052 0.070736
38 0.762355 0.630814 0.053779 0.069767
30 0.530523 0.699612 0.940407 0.550388
24 0.479651 0.711725 0.055233 0.070736
43 0.296512 0.715601 0.055233 0.070736
34 0.814680 0.788275 0.058140 0.072674
8 0.613735 0.558140 0.053052 0.067829
55 0.448401 0.793120 0.055233 0.072674
57 0.325581 0.795543 0.055233 0.073643
7 0.555233 0.558140 0.052326 0.065891
33 0.631904 0.790213 0.057413 0.074612
17 0.135538 0.562016 0.054506 0.067829
52 0.146439 0.639050 0.085029 0.070736
9 0.672602 0.557171 0.053052 0.067829
4 0.377544 0.560078 0.053052 0.067829
25 0.539971 0.710756 0.053779 0.070736
42 0.405523 0.635659 0.053779 0.069767
58 0.262718 0.797481 0.057413 0.073643
44 0.161337 0.797965 0.136628 0.076550
1 0.195858 0.562500 0.054506 0.068798
14 0.768169 0.875484 0.059593 0.090116
21 0.346294 0.636143 0.055959 0.072674
49 0.179869 0.887597 0.061773 0.091085
39 0.882267 0.629845 0.055233 0.069767
5 0.436410 0.559593 0.053052 0.068798
56 0.284884 0.635174 0.055233 0.070736
22 0.926962 0.706880 0.102471 0.070736
6 0.495640 0.558624 0.052326 0.066860
40 0.754360 0.788760 0.056686 0.071705
3 0.317224 0.560562 0.054506 0.068798
12 0.841206 0.708333 0.055959 0.071705
47 0.506904 0.880329 0.292878 0.090116
10 0.235102 0.717054 0.055959 0.071705
15 0.509811 0.792151 0.055959 0.072674
36 0.703125 0.631298 0.054506 0.070736
41 0.223474 0.638081 0.058866 0.072674
26 0.944041 0.629845 0.056686 0.069767
27 0.644622 0.632267 0.052326 0.070736
16 0.387355 0.794089 0.056686 0.072674
23 0.419331 0.713663 0.053779 0.070736
13 0.242733 0.886628 0.061047 0.091085
0 0.731105 0.556686 0.053779 0.068798
2 0.257631 0.561047 0.054506 0.069767
11 0.848474 0.554264 0.053052 0.067829
19 0.357922 0.715116 0.054506 0.071705
45 0.148983 0.718508 0.101744 0.072674
29 0.660974 0.709787 0.054506 0.070736
20 0.923328 0.553779 0.085029 0.066860
31 0.720930 0.709787 0.053779 0.070736
