0 0.696059 0.304455 0.053440 0.094059
39 0.846693 0.401609 0.052772 0.092822
45 0.112558 0.537748 0.103540 0.097772
56 0.246827 0.422030 0.055444 0.099010
47 0.474282 0.755569 0.297929 0.127475
30 0.504008 0.509901 0.951904 0.769802
4 0.338677 0.314975 0.052104 0.095297
53 0.548764 0.414604 0.052772 0.094059
15 0.475284 0.633045 0.056780 0.097772
48 0.754175 0.301361 0.053440 0.092822
14 0.734135 0.741955 0.057448 0.120050
44 0.125251 0.648515 0.139613 0.101485
21 0.307949 0.421411 0.056112 0.100248
42 0.368403 0.421411 0.054108 0.095297
5 0.398464 0.314975 0.054108 0.095297
46 0.879092 0.617574 0.125585 0.101485
54 0.787575 0.404703 0.054776 0.096535
13 0.208751 0.766089 0.059452 0.121287
7 0.518704 0.311262 0.052772 0.092822
6 0.458584 0.313119 0.052772 0.094059
25 0.505344 0.522277 0.054108 0.096535
22 0.888110 0.506807 0.096860 0.097772
59 0.489646 0.416460 0.054776 0.095297
18 0.657983 0.625619 0.056112 0.100248
10 0.198731 0.534653 0.055444 0.099010
19 0.320975 0.530941 0.055444 0.096535
36 0.668003 0.409035 0.053440 0.095297
24 0.443888 0.524752 0.055444 0.096535
28 0.565464 0.519802 0.052772 0.096535
3 0.278223 0.318069 0.055444 0.094059
35 0.536740 0.631188 0.054108 0.099010
40 0.720107 0.623144 0.056112 0.097772
27 0.608884 0.412129 0.052772 0.094059
29 0.626253 0.517946 0.052772 0.097772
20 0.884436 0.297649 0.078824 0.092822
16 0.351703 0.638614 0.056780 0.099010
2 0.218771 0.319926 0.055444 0.095297
52 0.108216 0.428218 0.086840 0.096535
51 0.428858 0.418317 0.052104 0.094059
1 0.157983 0.321782 0.055444 0.094059
57 0.289579 0.641708 0.055444 0.100248
12 0.806947 0.510520 0.054776 0.095297
33 0.597862 0.628094 0.056112 0.100248
55 0.413160 0.635520 0.056780 0.097772
43 0.260521 0.532178 0.054776 0.096535
31 0.687041 0.517327 0.054108 0.096535
26 0.905144 0.400990 0.052104 0.094059
23 0.382766 0.527228 0.054776 0.096535
11 0.812625 0.299505 0.051436 0.091584
41 0.186373 0.427599 0.058784 0.097772
8 0.577488 0.309406 0.054108 0.094059
34 0.780895 0.621906 0.057448 0.097772
17 0.096860 0.323639 0.056112 0.092822
37 0.746493 0.512995 0.054108 0.097772
9 0.636607 0.306931 0.053440 0.091584
38 0.728457 0.407178 0.051436 0.094059
58 0.227121 0.644802 0.057448 0.099010
49 0.145291 0.768564 0.062124 0.121287
