2 0.131316 0.467368 0.039474 0.040000
49 0.057632 0.633158 0.068947 0.040000
37 0.491842 0.548684 0.037368 0.038421
27 0.399211 0.506316 0.034211 0.034737
40 0.470789 0.589211 0.037368 0.036316
14 0.456579 0.631842 0.061579 0.041579
17 0.047105 0.466316 0.037368 0.037895
44 0.051053 0.590789 0.049474 0.040526
15 0.305000 0.589211 0.038421 0.037368
24 0.283947 0.547632 0.037368 0.036316
38 0.481053 0.506842 0.036842 0.035789
7 0.338421 0.466842 0.038947 0.040000
45 0.062368 0.547632 0.066842 0.038421
9 0.420526 0.467368 0.038947 0.040000
55 0.264211 0.589474 0.035789 0.035789
1 0.089211 0.467105 0.038421 0.039474
29 0.409211 0.547895 0.036316 0.036842
19 0.201316 0.547895 0.035263 0.035789
18 0.430000 0.590263 0.040000 0.039474
0 0.461842 0.467368 0.039474 0.040000
56 0.150789 0.506842 0.036316 0.035789
46 0.592105 0.590263 0.113684 0.040526
32 0.097895 0.590526 0.038947 0.040000
35 0.346579 0.589737 0.037368 0.037368
30 0.500526 0.524474 1.000000 0.354211
54 0.522895 0.507368 0.037368 0.037895
4 0.213158 0.466842 0.037895 0.040000
34 0.511842 0.589737 0.038421 0.037368
28 0.367368 0.548421 0.037895 0.037895
8 0.378684 0.467632 0.040526 0.040526
12 0.533684 0.548684 0.036842 0.038421
25 0.326053 0.547632 0.036316 0.035263
26 0.574737 0.548947 0.037895 0.040000
47 0.322368 0.632632 0.202632 0.043158
21 0.192105 0.507632 0.037895 0.038421
5 0.254737 0.467105 0.038947 0.039474
36 0.440000 0.506579 0.037895 0.036316
43 0.159737 0.548158 0.037368 0.037368
3 0.172632 0.467368 0.040000 0.040000
6 0.296316 0.467368 0.040000 0.041053
39 0.564474 0.508158 0.037368 0.039474
52 0.056579 0.506579 0.057368 0.038421
20 0.606316 0.466316 0.080000 0.041053
58 0.139737 0.590526 0.038421 0.037895
48 0.501842 0.467105 0.038421 0.040526
22 0.616579 0.527368 0.059474 0.084211
57 0.181842 0.590789 0.037368 0.038421
23 0.242895 0.547895 0.035263 0.035789
41 0.109737 0.508421 0.040526 0.040000
42 0.233684 0.507368 0.038947 0.037895
13 0.186842 0.632105 0.062105 0.042105
33 0.388947 0.590263 0.038947 0.039474
51 0.274737 0.506842 0.034737 0.035789
59 0.315526 0.507105 0.035263 0.035263
10 0.120000 0.549474 0.037895 0.038947
31 0.450263 0.548421 0.036316 0.037895
11 0.543421 0.466842 0.037368 0.038947
50 0.620789 0.631842 0.056316 0.041579
16 0.222368 0.588947 0.038421 0.035789
53 0.357368 0.506316 0.035789 0.035789
