8 0.392188 0.326667 0.036875 0.053333
21 0.197500 0.386111 0.040000 0.058889
15 0.309375 0.519444 0.042500 0.065556
47 0.315625 0.600000 0.297500 0.077778
26 0.590625 0.450000 0.038750 0.060000
5 0.269062 0.326667 0.034375 0.051111
39 0.577187 0.386111 0.036875 0.056667
10 0.113750 0.454444 0.041250 0.062222
28 0.378125 0.450556 0.038750 0.063333
46 0.611563 0.520000 0.116875 0.055556
59 0.326875 0.386667 0.038750 0.057778
34 0.528750 0.519444 0.038750 0.061111
51 0.283125 0.385556 0.038750 0.060000
19 0.201563 0.452222 0.040625 0.062222
27 0.411875 0.386667 0.036250 0.057778
3 0.185312 0.328333 0.034375 0.050000
52 0.059062 0.390000 0.060625 0.051111
58 0.127812 0.521667 0.044375 0.065556
37 0.506250 0.451667 0.037500 0.058889
20 0.615625 0.325000 0.076250 0.052222
17 0.057188 0.328333 0.040625 0.047778
33 0.398750 0.520556 0.041250 0.065556
40 0.486250 0.518333 0.038750 0.061111
4 0.226250 0.327222 0.035000 0.050000
6 0.310625 0.327222 0.035000 0.050000
43 0.157500 0.453333 0.040000 0.062222
30 0.500313 0.480556 0.996875 0.576667
29 0.421563 0.451667 0.039375 0.061111
55 0.263750 0.520000 0.042500 0.066667
44 0.031563 0.523333 0.058125 0.064444
42 0.240313 0.386111 0.039375 0.058889
13 0.136875 0.601667 0.060000 0.081111
11 0.555000 0.326111 0.035000 0.052222
45 0.053437 0.456667 0.076875 0.057778
18 0.443125 0.519444 0.038750 0.063333
56 0.153750 0.386111 0.041250 0.058889
48 0.514375 0.326111 0.036250 0.052222
50 0.605000 0.594444 0.056250 0.080000
41 0.111562 0.387222 0.043125 0.058889
9 0.433125 0.326111 0.036250 0.052222
36 0.453437 0.387222 0.036875 0.056667
57 0.172813 0.521111 0.043125 0.066667
0 0.473750 0.326667 0.036250 0.053333
2 0.143437 0.327222 0.036875 0.050000
1 0.100937 0.327222 0.036875 0.050000
7 0.350625 0.325556 0.037500 0.051111
24 0.290312 0.451667 0.039375 0.061111
38 0.495000 0.386667 0.036250 0.055556
54 0.535937 0.387222 0.036875 0.058889
16 0.218125 0.520000 0.043750 0.068889
35 0.355312 0.520000 0.041875 0.064444
23 0.248125 0.453333 0.037500 0.057778
25 0.334375 0.451667 0.040000 0.061111
12 0.548438 0.451111 0.038125 0.060000
14 0.492500 0.594444 0.052500 0.077778
49 0.025625 0.603333 0.050000 0.077778
32 0.083125 0.522222 0.045000 0.064444
22 0.632500 0.421667 0.065000 0.121111
53 0.369375 0.386667 0.038750 0.057778
31 0.463750 0.451111 0.037500 0.062222
