50 0.606355 0.775822 0.054722 0.100939
7 0.334510 0.362676 0.037070 0.100939
49 0.068844 0.775822 0.067079 0.105634
41 0.115181 0.467136 0.039718 0.103286
25 0.324801 0.568075 0.037070 0.098592
9 0.413504 0.362676 0.037952 0.100939
43 0.164607 0.568075 0.036187 0.098592
2 0.135040 0.363850 0.037070 0.098592
3 0.175199 0.365023 0.037952 0.100939
0 0.453222 0.362676 0.037952 0.100939
35 0.343778 0.672535 0.037952 0.100939
46 0.578553 0.671362 0.105031 0.103286
47 0.321271 0.776995 0.194175 0.103286
31 0.443513 0.568075 0.036187 0.098592
27 0.393645 0.464789 0.035305 0.098592
11 0.532657 0.362676 0.036187 0.100939
13 0.191968 0.774648 0.059135 0.103286
42 0.234775 0.464789 0.037070 0.098592
16 0.225066 0.671362 0.037070 0.098592
52 0.065313 0.464789 0.056487 0.098592
57 0.184907 0.671362 0.036187 0.098592
56 0.155340 0.464789 0.037070 0.098592
14 0.452339 0.778169 0.059135 0.100939
39 0.552515 0.465962 0.037070 0.100939
29 0.404237 0.568075 0.037070 0.098592
36 0.432921 0.465962 0.037952 0.100939
15 0.304060 0.670188 0.037952 0.100939
28 0.363636 0.569249 0.037070 0.100939
20 0.593557 0.362676 0.076787 0.105634
24 0.283760 0.568075 0.036187 0.098592
17 0.053839 0.361502 0.037070 0.098592
59 0.313769 0.465962 0.036187 0.100939
23 0.244484 0.568075 0.035305 0.098592
53 0.353928 0.465962 0.037070 0.100939
4 0.214034 0.363850 0.036187 0.103286
30 0.496470 0.508216 0.977052 0.884977
45 0.071933 0.566901 0.066196 0.096244
22 0.602824 0.515258 0.058252 0.208920
21 0.195940 0.465962 0.037070 0.100939
6 0.293910 0.363850 0.037070 0.103286
10 0.125331 0.569249 0.035305 0.096244
58 0.145631 0.672535 0.035305 0.096244
1 0.094881 0.363850 0.037952 0.098592
34 0.502207 0.671362 0.037070 0.098592
38 0.473080 0.465962 0.037070 0.100939
40 0.462930 0.671362 0.036187 0.098592
54 0.512798 0.465962 0.037070 0.100939
37 0.482789 0.569249 0.037070 0.100939
18 0.423213 0.672535 0.036187 0.100939
33 0.384378 0.672535 0.037952 0.100939
32 0.105472 0.670188 0.037952 0.096244
5 0.253310 0.363850 0.038835 0.103286
48 0.492939 0.362676 0.037952 0.100939
19 0.204766 0.568075 0.037070 0.098592
26 0.562665 0.569249 0.037952 0.100939
55 0.264784 0.671362 0.035305 0.098592
44 0.060018 0.672535 0.047661 0.100939
12 0.523389 0.569249 0.037070 0.100939
8 0.373786 0.363850 0.037952 0.103286
51 0.274492 0.465962 0.035305 0.096244
