23 0.287187 0.606225 0.028125 0.067659
39 0.591875 0.524357 0.030000 0.069012
36 0.475000 0.523004 0.030000 0.069012
40 0.503750 0.692152 0.028750 0.069012
22 0.640625 0.568336 0.051250 0.156969
9 0.455625 0.441137 0.028750 0.067659
29 0.445000 0.607578 0.028750 0.070365
11 0.572812 0.440460 0.028125 0.066306
57 0.227813 0.692828 0.028125 0.070365
32 0.147813 0.693505 0.028125 0.069012
25 0.367500 0.606901 0.028750 0.069012
5 0.297500 0.445873 0.030000 0.069012
35 0.388437 0.693505 0.031875 0.071719
24 0.327500 0.606225 0.027500 0.067659
56 0.200313 0.523681 0.031875 0.073072
0 0.494375 0.441137 0.030000 0.067659
50 0.644375 0.785521 0.053750 0.071719
34 0.543438 0.692828 0.029375 0.067659
26 0.601875 0.607578 0.030000 0.067659
53 0.396875 0.525034 0.028750 0.070365
59 0.357812 0.523004 0.026875 0.066306
16 0.266562 0.690798 0.028125 0.069012
13 0.202187 0.777402 0.039375 0.071719
1 0.138750 0.439107 0.028750 0.069012
52 0.111250 0.521651 0.048750 0.071719
44 0.104375 0.696211 0.043750 0.069012
4 0.256563 0.437077 0.028125 0.067659
21 0.237813 0.521651 0.028125 0.069012
3 0.216562 0.437754 0.029375 0.071719
2 0.177813 0.437077 0.030625 0.070365
42 0.278125 0.523004 0.027500 0.066306
49 0.110000 0.778078 0.051250 0.067659
48 0.533438 0.441137 0.029375 0.067659
7 0.376250 0.438430 0.028750 0.064953
28 0.406250 0.606901 0.028750 0.069012
33 0.425938 0.692828 0.030625 0.073072
43 0.210000 0.608931 0.031250 0.070365
14 0.508750 0.777402 0.041250 0.074425
6 0.337500 0.439107 0.030000 0.069012
20 0.632188 0.440460 0.069375 0.069012
38 0.513750 0.525034 0.027500 0.067659
47 0.355312 0.785521 0.253125 0.079838
17 0.098750 0.440460 0.028750 0.066306
10 0.169063 0.606901 0.033125 0.071719
46 0.616250 0.694858 0.100000 0.069012
41 0.158750 0.523681 0.027500 0.067659
8 0.417500 0.445196 0.028750 0.067659
30 0.499688 0.549391 0.973125 0.774019
55 0.306563 0.692828 0.028125 0.064953
19 0.249062 0.608931 0.031875 0.070365
45 0.115000 0.606225 0.058750 0.073072
31 0.484063 0.606225 0.028125 0.073072
27 0.436250 0.523681 0.027500 0.064953
12 0.562500 0.608931 0.030000 0.070365
54 0.553125 0.524357 0.030000 0.066306
58 0.187500 0.692828 0.026250 0.067659
18 0.465000 0.693505 0.028750 0.071719
51 0.317500 0.522327 0.026250 0.064953
37 0.523125 0.608254 0.030000 0.071719
15 0.345938 0.690798 0.029375 0.069012
