29 0.546091 0.556483 0.040560 0.061886
45 0.073746 0.543713 0.084071 0.061886
51 0.367625 0.477898 0.040560 0.061886
33 0.516224 0.629666 0.042773 0.064833
42 0.310103 0.475933 0.040560 0.059921
48 0.672198 0.413556 0.046460 0.064833
16 0.290560 0.622299 0.042773 0.063851
17 0.055678 0.393418 0.039086 0.059921
36 0.586652 0.483301 0.044985 0.062868
19 0.266593 0.547642 0.039086 0.061886
56 0.198009 0.471513 0.039086 0.058939
41 0.140487 0.470530 0.043510 0.062868
27 0.533186 0.482318 0.041298 0.058939
43 0.210177 0.546169 0.039823 0.062868
54 0.698378 0.488703 0.045723 0.063851
37 0.655973 0.560413 0.043510 0.063851
5 0.340339 0.404715 0.043510 0.062868
12 0.712389 0.562868 0.044248 0.064833
57 0.234513 0.622790 0.041298 0.062868
49 0.050885 0.695481 0.058997 0.062868
49 0.910767 0.497544 0.050147 0.067780
44 0.054204 0.617878 0.056785 0.060904
28 0.489676 0.554519 0.041298 0.061886
53 0.478614 0.480354 0.042773 0.060904
23 0.322640 0.549116 0.040560 0.062868
20 0.816372 0.416994 0.100295 0.067780
13 0.194690 0.697937 0.057522 0.063851
24 0.378319 0.551081 0.041298 0.060904
25 0.434366 0.553045 0.041298 0.060904
35 0.460177 0.627210 0.042773 0.063851
50 0.835546 0.721513 0.060472 0.063851
30 0.500737 0.519646 1.000000 0.603143
39 0.755162 0.491159 0.042773 0.062868
3 0.226401 0.398821 0.042773 0.062868
21 0.255162 0.473477 0.039823 0.058939
14 0.620944 0.709234 0.058997 0.066798
47 0.411873 0.709234 0.351770 0.084479
59 0.422566 0.477898 0.041298 0.059921
2 0.169248 0.395874 0.042035 0.062868
31 0.601401 0.558448 0.042035 0.061886
10 0.151549 0.545187 0.042035 0.062868
8 0.506268 0.409627 0.044985 0.062868
4 0.283923 0.399804 0.041298 0.062868
58 0.176991 0.621316 0.042773 0.061886
46 0.792773 0.640472 0.143068 0.062868
34 0.683260 0.635069 0.044985 0.063851
0 0.616888 0.412083 0.046460 0.063851
32 0.117625 0.622299 0.042035 0.063851
1 0.111357 0.394401 0.039823 0.061886
52 0.069322 0.468566 0.069322 0.058939
15 0.403392 0.627701 0.044248 0.062868
26 0.768805 0.564833 0.042035 0.064833
40 0.626475 0.633104 0.043510 0.063851
9 0.561947 0.411100 0.044248 0.063851
22 0.827802 0.531925 0.070059 0.142436
7 0.452434 0.407171 0.043510 0.061886
18 0.571534 0.632122 0.044248 0.065815
55 0.348451 0.625246 0.042035 0.061886
11 0.729351 0.414538 0.041298 0.062868
38 0.643068 0.485756 0.042773 0.061886
6 0.396386 0.404715 0.043510 0.062868
