52 0.068841 0.522333 0.072464 0.101737
4 0.259058 0.418114 0.047101 0.101737
31 0.548309 0.625310 0.045894 0.099256
8 0.460145 0.419355 0.048309 0.104218
47 0.393720 0.833747 0.246377 0.109181
59 0.385266 0.524814 0.048309 0.101737
26 0.700483 0.626551 0.048309 0.101737
1 0.107488 0.420596 0.045894 0.101737
3 0.208937 0.420596 0.048309 0.101737
40 0.574275 0.728288 0.047101 0.096774
45 0.076087 0.625310 0.084541 0.104218
32 0.121377 0.729529 0.049517 0.099256
41 0.133454 0.523573 0.049517 0.104218
48 0.611715 0.419355 0.049517 0.104218
25 0.397947 0.625310 0.047101 0.099256
16 0.271739 0.727047 0.048309 0.099256
30 0.500000 0.552109 0.995169 0.895782
53 0.435386 0.522333 0.047101 0.101737
34 0.623792 0.728288 0.049517 0.096774
7 0.411232 0.419355 0.047101 0.099256
27 0.485507 0.522333 0.045894 0.096774
19 0.246981 0.625310 0.047101 0.099256
18 0.522947 0.728288 0.048309 0.101737
36 0.536232 0.521092 0.048309 0.099256
55 0.322464 0.728288 0.045894 0.096774
29 0.499396 0.625310 0.047101 0.099256
2 0.158213 0.420596 0.048309 0.101737
28 0.447464 0.626551 0.047101 0.101737
54 0.636473 0.523573 0.048309 0.104218
21 0.234300 0.523573 0.048309 0.104218
35 0.423309 0.729529 0.047101 0.099256
43 0.195652 0.625310 0.045894 0.099256
56 0.183575 0.522333 0.045894 0.101737
13 0.230072 0.834988 0.076087 0.106700
14 0.556763 0.834988 0.077295 0.106700
6 0.359300 0.419355 0.049517 0.104218
20 0.737923 0.418114 0.099034 0.101737
0 0.561594 0.419355 0.048309 0.104218
5 0.309179 0.419355 0.048309 0.104218
12 0.649155 0.626551 0.047101 0.101737
33 0.473430 0.728288 0.048309 0.101737
46 0.720411 0.728288 0.134058 0.101737
10 0.145531 0.626551 0.047101 0.101737
49 0.073068 0.834988 0.085749 0.106700
15 0.372585 0.727047 0.049517 0.099256
38 0.586353 0.522333 0.047101 0.101737
11 0.662440 0.419355 0.047101 0.104218
50 0.754227 0.834988 0.068841 0.106700
39 0.687198 0.523573 0.048309 0.104218
24 0.347222 0.625310 0.047101 0.099256
44 0.062198 0.730769 0.059179 0.101737
42 0.285024 0.523573 0.048309 0.099256
17 0.056159 0.418114 0.049517 0.101737
58 0.172101 0.729529 0.047101 0.099256
51 0.335145 0.523573 0.047101 0.099256
37 0.598430 0.625310 0.047101 0.099256
22 0.750604 0.575682 0.073671 0.208437
23 0.297101 0.626551 0.045894 0.101737
57 0.221618 0.728288 0.047101 0.096774
9 0.511473 0.419355 0.049517 0.104218
