26 0.559126 0.694981 0.033419 0.054054
6 0.307198 0.593629 0.033419 0.055985
38 0.472365 0.640927 0.032134 0.050193
39 0.547558 0.638031 0.033419 0.052124
1 0.128535 0.597490 0.030848 0.052124
22 0.597044 0.663127 0.055270 0.113900
10 0.152314 0.707529 0.032134 0.052124
49 0.086118 0.820463 0.038560 0.054054
54 0.509640 0.638996 0.032134 0.054054
24 0.294987 0.703668 0.032134 0.052124
20 0.584833 0.577220 0.071979 0.054054
19 0.222365 0.705598 0.030848 0.052124
45 0.103470 0.707529 0.055270 0.048263
36 0.434447 0.641892 0.033419 0.052124
21 0.215296 0.649614 0.029563 0.052124
55 0.276350 0.759653 0.030848 0.052124
53 0.359897 0.644788 0.030848 0.050193
59 0.322622 0.646718 0.030848 0.050193
7 0.343188 0.589768 0.033419 0.055985
30 0.504499 0.628378 0.934447 0.596525
29 0.406812 0.699807 0.032134 0.052124
34 0.501285 0.754826 0.033419 0.050193
48 0.490360 0.583012 0.032134 0.054054
25 0.332262 0.702703 0.032134 0.050193
23 0.258997 0.705598 0.032134 0.052124
58 0.165810 0.762548 0.030848 0.050193
46 0.574550 0.752896 0.102828 0.054054
50 0.606041 0.809846 0.047558 0.055985
15 0.311697 0.759653 0.032134 0.052124
32 0.129820 0.762548 0.030848 0.050193
17 0.089974 0.596525 0.025707 0.046332
5 0.269923 0.592664 0.030848 0.054054
12 0.520566 0.696911 0.033419 0.054054
14 0.459512 0.814672 0.044987 0.054054
43 0.187018 0.705598 0.032134 0.052124
2 0.161954 0.595560 0.028278 0.052124
57 0.203728 0.761583 0.032134 0.052124
35 0.349614 0.759653 0.030848 0.052124
13 0.176735 0.819498 0.039846 0.052124
27 0.397172 0.643822 0.030848 0.052124
47 0.317481 0.818533 0.228792 0.057915
42 0.250000 0.646718 0.029563 0.050193
28 0.369537 0.701737 0.032134 0.052124
16 0.239075 0.760618 0.030848 0.050193
18 0.425450 0.757722 0.033419 0.055985
51 0.286632 0.646718 0.028278 0.050193
31 0.444087 0.698842 0.032134 0.054054
41 0.143959 0.652510 0.030848 0.050193
11 0.527635 0.582046 0.032134 0.052124
9 0.415810 0.585907 0.032134 0.055985
0 0.453728 0.584942 0.033419 0.054054
44 0.089332 0.763514 0.037275 0.048263
4 0.233290 0.593629 0.029563 0.052124
3 0.199229 0.595560 0.033419 0.052124
33 0.388175 0.759653 0.033419 0.055985
52 0.098972 0.651544 0.043702 0.048263
8 0.379177 0.587838 0.033419 0.055985
37 0.482648 0.698842 0.034704 0.054054
40 0.464653 0.755792 0.032134 0.052124
56 0.178663 0.649614 0.028278 0.048263
