51 0.328508 0.509414 0.042316 0.085774
28 0.432628 0.596234 0.043430 0.087866
25 0.386414 0.595188 0.044543 0.085774
15 0.363029 0.682008 0.046771 0.087866
29 0.479399 0.596234 0.043430 0.083682
18 0.501670 0.684100 0.043430 0.087866
42 0.281737 0.509414 0.044543 0.085774
10 0.153675 0.596234 0.042316 0.083682
55 0.316258 0.683054 0.042316 0.085774
0 0.537305 0.421548 0.045657 0.085774
44 0.078508 0.684100 0.056793 0.087866
17 0.071826 0.421548 0.045657 0.085774
40 0.548998 0.683054 0.044543 0.085774
57 0.223831 0.682008 0.044543 0.083682
46 0.682628 0.682008 0.126949 0.087866
50 0.715479 0.771967 0.063474 0.087866
27 0.467149 0.508368 0.043430 0.083682
24 0.339087 0.595188 0.043430 0.085774
32 0.131403 0.683054 0.046771 0.085774
6 0.350780 0.422594 0.044543 0.087866
16 0.270601 0.683054 0.044543 0.085774
20 0.699889 0.422594 0.092428 0.087866
21 0.236080 0.509414 0.044543 0.085774
54 0.606347 0.508368 0.043430 0.087866
19 0.247216 0.595188 0.044543 0.085774
38 0.560134 0.508368 0.044543 0.087866
9 0.490535 0.421548 0.045657 0.085774
33 0.456013 0.684100 0.045657 0.087866
26 0.664254 0.596234 0.043430 0.087866
13 0.232183 0.771967 0.070156 0.092050
45 0.091314 0.595188 0.077951 0.085774
39 0.652561 0.508368 0.044543 0.087866
31 0.525612 0.594142 0.042316 0.083682
43 0.199889 0.596234 0.043430 0.083682
5 0.304009 0.422594 0.044543 0.087866
59 0.375278 0.510460 0.044543 0.087866
2 0.165924 0.422594 0.044543 0.087866
12 0.618040 0.595188 0.044543 0.085774
23 0.293987 0.597280 0.042316 0.085774
53 0.420935 0.508368 0.044543 0.087866
48 0.582962 0.421548 0.045657 0.085774
3 0.212138 0.422594 0.045657 0.087866
36 0.513363 0.508368 0.044543 0.087866
52 0.084633 0.509414 0.066815 0.085774
11 0.629733 0.422594 0.043430 0.087866
35 0.409800 0.683054 0.044543 0.085774
8 0.444878 0.422594 0.045657 0.087866
41 0.142539 0.510460 0.046771 0.087866
58 0.178174 0.683054 0.044543 0.085774
56 0.189310 0.507322 0.044543 0.085774
34 0.593541 0.683054 0.044543 0.081590
47 0.383630 0.774059 0.230512 0.092050
37 0.571826 0.595188 0.043430 0.085774
49 0.088530 0.771967 0.079065 0.092050
22 0.711024 0.551255 0.070156 0.177824
14 0.533964 0.771967 0.070156 0.092050
30 0.480512 0.535565 0.916481 0.740586
7 0.398664 0.421548 0.044543 0.085774
1 0.119154 0.421548 0.044543 0.085774
4 0.258352 0.421548 0.044543 0.085774
