1 0.011256 0.236220 0.020142 0.141732
27 0.344787 0.395669 0.042654 0.145669
51 0.199052 0.395669 0.040284 0.145669
38 0.441943 0.395669 0.042654 0.145669
20 0.587678 0.234252 0.090047 0.145669
15 0.235782 0.716535 0.042654 0.141732
32 0.011848 0.718504 0.021327 0.145669
7 0.271919 0.234252 0.043839 0.145669
50 0.606635 0.889764 0.059242 0.173228
14 0.435427 0.891732 0.058057 0.177165
59 0.247038 0.395669 0.041469 0.145669
54 0.489929 0.395669 0.043839 0.145669
6 0.223934 0.234252 0.045024 0.145669
42 0.149882 0.393701 0.041469 0.141732
18 0.380924 0.720472 0.043839 0.149606
12 0.502370 0.555118 0.042654 0.149606
40 0.430687 0.718504 0.043839 0.145669
37 0.453791 0.557087 0.042654 0.145669
53 0.296209 0.395669 0.042654 0.145669
46 0.569905 0.718504 0.127962 0.145669
21 0.100711 0.395669 0.042654 0.145669
4 0.126777 0.234252 0.042654 0.145669
5 0.174763 0.234252 0.043839 0.145669
52 0.017773 0.395669 0.033175 0.145669
31 0.405213 0.555118 0.042654 0.141732
36 0.393365 0.395669 0.042654 0.145669
55 0.187204 0.718504 0.042654 0.145669
29 0.356635 0.557087 0.042654 0.145669
11 0.514218 0.234252 0.042654 0.137795
25 0.259479 0.557087 0.042654 0.145669
2 0.029621 0.234252 0.042654 0.145669
39 0.539100 0.395669 0.042654 0.145669
44 0.014810 0.720472 0.027251 0.141732
48 0.466232 0.234252 0.043839 0.145669
47 0.247038 0.893701 0.309242 0.181102
43 0.064573 0.557087 0.041469 0.145669
23 0.161730 0.555118 0.041469 0.141732
34 0.478673 0.720472 0.045024 0.149606
13 0.058649 0.891732 0.055687 0.169291
19 0.113152 0.555118 0.041469 0.141732
49 0.015403 0.891732 0.028436 0.177165
57 0.090047 0.718504 0.042654 0.145669
26 0.550355 0.557087 0.043839 0.145669
56 0.052133 0.391732 0.042654 0.145669
28 0.308057 0.555118 0.042654 0.141732
33 0.332938 0.718504 0.042654 0.145669
35 0.284360 0.718504 0.045024 0.145669
41 0.013033 0.395669 0.023697 0.145669
24 0.210308 0.555118 0.041469 0.141732
8 0.320498 0.236220 0.043839 0.149606
16 0.138626 0.716535 0.042654 0.141732
0 0.417654 0.234252 0.043839 0.145669
9 0.369668 0.236220 0.045024 0.141732
45 0.020735 0.557087 0.039100 0.145669
30 0.501185 0.503937 1.000000 1.000000
10 0.018957 0.557087 0.035545 0.145669
58 0.040284 0.720472 0.042654 0.141732
22 0.599526 0.476378 0.068720 0.322835
17 0.011256 0.232283 0.020142 0.141732
3 0.077607 0.234252 0.043839 0.145669
