4 0.131006 0.473729 0.042793 0.103390
51 0.200450 0.576271 0.040541 0.098305
46 0.554805 0.788136 0.123123 0.105085
42 0.153904 0.577966 0.043544 0.101695
15 0.234985 0.787288 0.045045 0.103390
49 0.019895 0.893220 0.038288 0.108475
48 0.455330 0.472881 0.042793 0.105085
41 0.019144 0.579661 0.036787 0.105085
53 0.293168 0.577119 0.042793 0.103390
5 0.176051 0.472881 0.044294 0.101695
7 0.270646 0.472034 0.042793 0.100000
32 0.013514 0.787288 0.025526 0.100000
54 0.478604 0.578814 0.044294 0.103390
3 0.084084 0.472881 0.045045 0.101695
14 0.406532 0.896610 0.066817 0.105085
22 0.583709 0.630508 0.066817 0.216949
29 0.351727 0.683898 0.042793 0.103390
16 0.142267 0.787288 0.044294 0.100000
43 0.072072 0.683051 0.043544 0.105085
56 0.061186 0.577966 0.042793 0.101695
47 0.255255 0.894068 0.223724 0.110169
34 0.466216 0.787288 0.045045 0.100000
12 0.490616 0.683051 0.044294 0.105085
11 0.502252 0.473729 0.042042 0.103390
45 0.019520 0.682203 0.037538 0.103390
36 0.385135 0.576271 0.043544 0.098305
28 0.304429 0.683051 0.042793 0.101695
33 0.328829 0.788983 0.043544 0.103390
19 0.118994 0.683051 0.042793 0.101695
10 0.026276 0.684746 0.040541 0.101695
8 0.316441 0.473729 0.044294 0.103390
27 0.339715 0.576271 0.039790 0.094915
25 0.258634 0.683051 0.042793 0.101695
52 0.017267 0.577119 0.033033 0.103390
39 0.525150 0.578814 0.042793 0.103390
40 0.420796 0.788136 0.042793 0.098305
50 0.587087 0.894068 0.063063 0.103390
26 0.536787 0.683051 0.043544 0.105085
37 0.443694 0.683051 0.043544 0.105085
21 0.107733 0.577966 0.042793 0.101695
6 0.223348 0.472881 0.045796 0.105085
0 0.409910 0.473729 0.043544 0.103390
57 0.096096 0.788136 0.042042 0.098305
38 0.431682 0.577119 0.042042 0.100000
31 0.397523 0.683051 0.041291 0.101695
13 0.103979 0.899153 0.069820 0.106780
17 0.011637 0.471186 0.021772 0.101695
24 0.211336 0.682203 0.042793 0.100000
30 0.500751 0.582203 1.000000 0.838983
20 0.572072 0.472034 0.090090 0.106780
35 0.282282 0.788136 0.043544 0.101695
23 0.165916 0.683051 0.042042 0.101695
59 0.246622 0.577966 0.041291 0.098305
58 0.050300 0.789831 0.043544 0.101695
18 0.373874 0.788983 0.042042 0.103390
9 0.363363 0.473729 0.043544 0.103390
55 0.189565 0.788136 0.041291 0.098305
44 0.014264 0.788983 0.027027 0.103390
1 0.011261 0.474576 0.021021 0.105085
2 0.038288 0.473729 0.042042 0.103390
