29 0.514523 0.638724 0.040111 0.099407
45 0.052213 0.639466 0.078147 0.097923
38 0.611342 0.521513 0.040111 0.099407
2 0.141079 0.403561 0.040111 0.100890
8 0.474066 0.405045 0.040802 0.103858
30 0.500692 0.585312 1.000000 0.826409
15 0.376902 0.756677 0.041494 0.097923
28 0.458852 0.638724 0.039419 0.099407
4 0.251729 0.403561 0.038728 0.100890
36 0.556017 0.520772 0.041494 0.100890
16 0.266252 0.757418 0.041494 0.099407
25 0.404219 0.639466 0.039419 0.097923
47 0.383126 0.879822 0.336100 0.106825
52 0.044606 0.521513 0.068465 0.096439
10 0.126902 0.639466 0.039419 0.097923
27 0.500692 0.520772 0.038728 0.097923
54 0.666321 0.522255 0.042185 0.100890
6 0.362725 0.404303 0.039419 0.102374
43 0.182573 0.638724 0.040111 0.099407
7 0.418050 0.404303 0.040802 0.102374
46 0.757953 0.759644 0.138313 0.097923
18 0.542531 0.758902 0.040802 0.102374
20 0.779391 0.402819 0.096819 0.099407
32 0.099585 0.756677 0.040111 0.097923
49 0.036999 0.877596 0.056017 0.102374
5 0.307746 0.404303 0.040111 0.102374
59 0.389696 0.521513 0.039419 0.099407
53 0.446058 0.521513 0.038728 0.099407
56 0.168741 0.520772 0.040111 0.097923
23 0.293568 0.637982 0.038036 0.094955
42 0.279737 0.521513 0.039419 0.099407
3 0.196058 0.405045 0.040802 0.103858
13 0.174965 0.876855 0.055325 0.100890
44 0.036653 0.757418 0.053942 0.096439
19 0.238243 0.639466 0.039419 0.097923
22 0.790802 0.584570 0.073997 0.222552
50 0.798755 0.879080 0.060858 0.105341
58 0.154910 0.758902 0.040111 0.096439
48 0.639696 0.405786 0.040111 0.099407
1 0.085062 0.404303 0.038728 0.099407
26 0.735477 0.640950 0.040802 0.100890
21 0.224412 0.522255 0.039419 0.100890
12 0.680844 0.640208 0.040802 0.099407
57 0.210927 0.758160 0.040111 0.097923
9 0.529046 0.404303 0.040111 0.102374
37 0.625173 0.640208 0.040111 0.099407
35 0.432573 0.757418 0.040802 0.099407
31 0.569848 0.639466 0.038728 0.097923
55 0.321577 0.758160 0.040111 0.097923
0 0.584371 0.405045 0.038728 0.103858
33 0.487552 0.758902 0.042877 0.102374
14 0.590595 0.879080 0.059474 0.105341
17 0.029046 0.404303 0.038728 0.099407
24 0.348893 0.637982 0.039419 0.097923
11 0.695021 0.404303 0.038728 0.102374
51 0.335062 0.520030 0.038036 0.099407
34 0.653181 0.758160 0.040802 0.097923
40 0.598548 0.757418 0.039419 0.096439
41 0.113071 0.522255 0.040802 0.100890
39 0.722683 0.522255 0.040111 0.100890
