52 0.087813 0.400000 0.050625 0.058757
17 0.078437 0.333898 0.036875 0.064407
49 0.094687 0.608475 0.061875 0.062147
45 0.094375 0.468927 0.061250 0.058757
28 0.381875 0.458757 0.031250 0.056497
57 0.210000 0.533333 0.030000 0.056497
25 0.344375 0.459322 0.030000 0.053107
24 0.305625 0.462712 0.030000 0.057627
58 0.170625 0.535028 0.030000 0.057627
51 0.295938 0.394350 0.029375 0.054237
56 0.177813 0.397175 0.030625 0.057627
14 0.468750 0.587006 0.032500 0.059887
20 0.587812 0.321469 0.064375 0.059887
13 0.218125 0.606215 0.056250 0.062147
40 0.474062 0.522034 0.029375 0.061017
0 0.464375 0.326554 0.031250 0.061017
29 0.419375 0.455367 0.028750 0.054237
35 0.363750 0.525424 0.030000 0.054237
5 0.277500 0.332203 0.031250 0.061017
11 0.538750 0.325424 0.026250 0.061017
54 0.517188 0.388701 0.029375 0.054237
33 0.400000 0.524294 0.031250 0.056497
44 0.085625 0.539548 0.041250 0.057627
1 0.117500 0.331073 0.032500 0.058757
18 0.429688 0.523729 0.016875 0.064407
22 0.595938 0.418079 0.048125 0.131073
27 0.410938 0.394915 0.031875 0.062147
53 0.373125 0.395480 0.032500 0.058757
26 0.563125 0.454802 0.031250 0.059887
23 0.267813 0.462147 0.030625 0.056497
55 0.287813 0.529379 0.030625 0.057627
3 0.197187 0.329944 0.033125 0.061017
43 0.189062 0.466667 0.030625 0.058757
30 0.470313 0.419774 0.890625 0.622599
48 0.501250 0.328814 0.031250 0.061017
10 0.149375 0.468362 0.031250 0.057627
21 0.217188 0.396045 0.030625 0.057627
9 0.428125 0.327684 0.031250 0.061017
41 0.137500 0.398870 0.032500 0.058757
19 0.228437 0.463842 0.030625 0.057627
6 0.316250 0.332203 0.031250 0.061017
46 0.574688 0.522599 0.091875 0.064407
37 0.490000 0.454802 0.030000 0.055367
16 0.249062 0.531638 0.030625 0.057627
47 0.342813 0.598305 0.184375 0.071186
34 0.509062 0.519774 0.028125 0.058757
59 0.335000 0.397175 0.033750 0.057627
42 0.256563 0.396045 0.030625 0.055367
7 0.353125 0.325424 0.031250 0.058757
39 0.551562 0.389266 0.030625 0.062147
4 0.236250 0.327684 0.032500 0.056497
32 0.131250 0.538418 0.032500 0.059887
38 0.480938 0.390960 0.031875 0.058757
8 0.392500 0.331073 0.031250 0.061017
50 0.599688 0.584181 0.044375 0.061017
12 0.526250 0.454237 0.027500 0.058757
2 0.157500 0.329944 0.032500 0.061017
15 0.325937 0.527119 0.030625 0.057627
