34 0.502528 0.711236 0.037927 0.065169
50 0.606195 0.781461 0.053097 0.068539
15 0.298357 0.714045 0.037927 0.064045
7 0.329962 0.496629 0.037927 0.062921
47 0.314791 0.789326 0.204804 0.073034
57 0.171934 0.719101 0.037927 0.065169
13 0.176675 0.795506 0.063843 0.067416
16 0.214286 0.716854 0.037927 0.065169
59 0.308786 0.569101 0.034766 0.064045
8 0.371681 0.496629 0.037927 0.065169
45 0.047724 0.643820 0.071429 0.067416
58 0.128951 0.719663 0.037927 0.064045
24 0.276865 0.641573 0.036662 0.062921
2 0.120417 0.498876 0.041087 0.067416
18 0.421302 0.711798 0.036030 0.064045
41 0.097977 0.571910 0.040455 0.069663
40 0.462073 0.710674 0.036662 0.064045
9 0.412137 0.497191 0.037927 0.066292
32 0.085651 0.720225 0.039823 0.067416
19 0.193426 0.643820 0.036662 0.065169
53 0.349874 0.567416 0.036030 0.062921
22 0.601454 0.600000 0.057522 0.139326
30 0.487990 0.592697 0.974716 0.666292
46 0.578382 0.707303 0.103666 0.061798
38 0.471871 0.566292 0.034766 0.060674
42 0.225032 0.569663 0.036662 0.065169
49 0.043300 0.794944 0.071429 0.068539
12 0.522756 0.637640 0.035398 0.064045
6 0.289191 0.497753 0.039823 0.067416
33 0.380847 0.712360 0.037295 0.065169
29 0.402023 0.639326 0.035398 0.062921
44 0.035398 0.720787 0.050569 0.068539
28 0.360619 0.641011 0.036030 0.064045
23 0.235461 0.642135 0.036030 0.064045
35 0.339444 0.712921 0.036662 0.064045
52 0.041403 0.570225 0.060051 0.066292
11 0.530973 0.495506 0.035398 0.062921
56 0.140013 0.569101 0.036030 0.064045
55 0.256321 0.714607 0.034766 0.062921
17 0.033502 0.497191 0.040455 0.064045
25 0.319532 0.641573 0.037295 0.062921
10 0.107775 0.644944 0.037295 0.065169
26 0.561947 0.638764 0.036662 0.066292
27 0.390961 0.567416 0.033502 0.060674
3 0.162453 0.498876 0.040455 0.067416
4 0.205120 0.497753 0.038559 0.065169
51 0.267383 0.569663 0.034134 0.062921
36 0.431100 0.565730 0.035398 0.061798
31 0.442162 0.638764 0.036030 0.064045
0 0.452276 0.497191 0.037295 0.066292
48 0.492099 0.497191 0.037295 0.066292
5 0.246839 0.498315 0.039823 0.066292
20 0.592288 0.494382 0.075853 0.062921
1 0.077434 0.497753 0.038559 0.065169
54 0.511694 0.565730 0.036030 0.064045
21 0.182996 0.570225 0.037295 0.066292
39 0.551517 0.565730 0.036030 0.064045
43 0.149810 0.643820 0.037927 0.065169
37 0.482301 0.638202 0.035398 0.065169
14 0.450379 0.787079 0.058786 0.068539
