54 0.577398 0.210271 0.039971 0.050388
35 0.382267 0.334302 0.042151 0.052326
3 0.186410 0.166182 0.039971 0.047481
43 0.165334 0.279554 0.041424 0.051357
20 0.665334 0.154070 0.083576 0.048450
22 0.682413 0.234981 0.068314 0.109496
40 0.525436 0.330426 0.040698 0.052326
39 0.623183 0.209302 0.039971 0.048450
33 0.430959 0.332364 0.042151 0.054264
5 0.279070 0.163275 0.039244 0.047481
31 0.499637 0.272771 0.039971 0.051357
19 0.214390 0.278585 0.040698 0.051357
4 0.232558 0.164244 0.039244 0.047481
58 0.138808 0.339632 0.042151 0.053295
49 0.029797 0.406008 0.058140 0.063953
36 0.485465 0.212694 0.040698 0.051357
2 0.140625 0.168120 0.039971 0.047481
44 0.035610 0.341570 0.055233 0.051357
26 0.639535 0.268895 0.040698 0.049419
23 0.263445 0.278585 0.041424 0.051357
27 0.441497 0.217539 0.039971 0.049419
53 0.394985 0.217539 0.039971 0.051357
55 0.286337 0.335271 0.043605 0.052326
7 0.371003 0.161337 0.039971 0.047481
14 0.533430 0.392442 0.055233 0.062016
42 0.254724 0.221415 0.039971 0.051357
11 0.598110 0.155523 0.037791 0.047481
12 0.593023 0.270833 0.040698 0.051357
37 0.546512 0.270833 0.040698 0.051357
47 0.341206 0.399225 0.313227 0.073643
41 0.111919 0.222384 0.042151 0.049419
51 0.301599 0.221415 0.039244 0.051357
13 0.151526 0.400678 0.058866 0.064922
52 0.053416 0.226260 0.063227 0.049419
48 0.552689 0.156977 0.038517 0.048450
38 0.531613 0.211725 0.038517 0.049419
32 0.092660 0.343023 0.042878 0.052326
25 0.358285 0.275678 0.040698 0.051357
29 0.453852 0.273740 0.041424 0.051357
57 0.187863 0.338663 0.042878 0.053295
17 0.048692 0.171996 0.039244 0.045543
9 0.461846 0.158915 0.039971 0.048450
6 0.325218 0.162306 0.039971 0.047481
24 0.311047 0.276163 0.042151 0.052326
45 0.053779 0.281977 0.074128 0.052326
28 0.406250 0.274709 0.040698 0.051357
50 0.651890 0.387112 0.058140 0.061047
34 0.571948 0.328973 0.042151 0.051357
8 0.417151 0.160853 0.040698 0.048450
18 0.478561 0.330911 0.041424 0.053295
15 0.334666 0.334302 0.042878 0.052326
16 0.237645 0.336240 0.043605 0.052326
46 0.658794 0.323643 0.125727 0.056202
10 0.118459 0.279070 0.040698 0.052326
30 0.500727 0.283430 1.000000 0.537791
56 0.160974 0.224806 0.041424 0.050388
59 0.349201 0.219477 0.039971 0.051357
1 0.094477 0.170058 0.039244 0.047481
0 0.507994 0.158430 0.039244 0.049419
21 0.207849 0.223837 0.040698 0.050388
