28 0.364407 0.571629 0.030907 0.092697
8 0.374377 0.342697 0.032901 0.101124
17 0.044367 0.339888 0.032901 0.101124
20 0.601695 0.339888 0.072782 0.101124
39 0.560319 0.457865 0.031904 0.101124
24 0.282154 0.571629 0.031904 0.092697
54 0.518445 0.456461 0.029910 0.098315
25 0.323031 0.571629 0.031904 0.092697
0 0.457129 0.339888 0.032901 0.101124
13 0.187936 0.808989 0.054835 0.095506
12 0.528913 0.573034 0.030907 0.095506
40 0.467099 0.688202 0.030907 0.095506
46 0.586740 0.686798 0.102692 0.092697
18 0.425224 0.689607 0.030907 0.098315
32 0.097208 0.688202 0.032901 0.101124
57 0.179462 0.688202 0.029910 0.095506
9 0.416750 0.342697 0.031904 0.101124
56 0.148056 0.453652 0.030907 0.098315
37 0.488036 0.573034 0.030907 0.095506
44 0.050847 0.689607 0.041874 0.098315
36 0.436191 0.455056 0.030907 0.095506
21 0.189432 0.456461 0.031904 0.103933
4 0.209870 0.341292 0.032901 0.098315
50 0.615155 0.806180 0.049850 0.101124
6 0.292124 0.341292 0.033898 0.103933
30 0.500000 0.497191 0.998006 0.983146
48 0.497507 0.342697 0.031904 0.101124
41 0.107178 0.457865 0.034895 0.106742
1 0.086740 0.344101 0.031904 0.098315
58 0.138086 0.688202 0.030907 0.095506
5 0.250748 0.341292 0.032901 0.103933
2 0.127617 0.342697 0.031904 0.101124
38 0.477567 0.455056 0.029910 0.095506
3 0.168495 0.341292 0.033898 0.103933
49 0.058824 0.806180 0.059821 0.106742
52 0.055334 0.455056 0.050847 0.095506
16 0.220339 0.686798 0.031904 0.098315
59 0.312562 0.455056 0.030907 0.095506
43 0.158524 0.571629 0.031904 0.098315
51 0.271685 0.455056 0.030907 0.095506
47 0.320040 0.804775 0.193420 0.098315
14 0.454636 0.808989 0.057827 0.101124
19 0.199900 0.571629 0.030907 0.098315
22 0.612164 0.515449 0.051844 0.221910
33 0.384845 0.688202 0.031904 0.101124
35 0.343968 0.686798 0.031904 0.098315
31 0.446660 0.571629 0.031904 0.092697
7 0.333998 0.341292 0.031904 0.098315
53 0.354437 0.455056 0.030907 0.095506
42 0.230309 0.455056 0.031904 0.095506
45 0.061316 0.570225 0.060818 0.095506
26 0.569791 0.574438 0.030907 0.098315
10 0.117647 0.571629 0.031904 0.098315
34 0.507478 0.688202 0.031904 0.095506
29 0.406281 0.571629 0.030907 0.092697
55 0.261715 0.688202 0.030907 0.095506
15 0.302592 0.685393 0.032901 0.095506
11 0.539382 0.339888 0.031904 0.095506
27 0.394816 0.455056 0.029910 0.089888
23 0.241276 0.570225 0.031904 0.095506
