54 0.557187 0.280000 0.034375 0.043333
35 0.389375 0.386667 0.036250 0.045000
3 0.220938 0.242083 0.034375 0.040833
43 0.202813 0.339583 0.035625 0.044167
20 0.632812 0.231667 0.071875 0.041667
22 0.647500 0.301250 0.058750 0.094167
40 0.512500 0.383333 0.035000 0.045000
39 0.596562 0.279167 0.034375 0.041667
33 0.431250 0.385000 0.036250 0.046667
5 0.300625 0.239583 0.033750 0.040833
31 0.490312 0.333750 0.034375 0.044167
19 0.245000 0.338750 0.035000 0.044167
4 0.260625 0.240417 0.033750 0.040833
58 0.180000 0.391250 0.036250 0.045833
49 0.085938 0.448333 0.050625 0.055000
36 0.478125 0.282083 0.035000 0.044167
2 0.181562 0.243750 0.034375 0.040833
44 0.091250 0.392917 0.047500 0.044167
26 0.610625 0.330417 0.035000 0.042500
23 0.287187 0.338750 0.035625 0.044167
27 0.440312 0.286250 0.034375 0.042500
53 0.400313 0.286250 0.034375 0.044167
55 0.306875 0.387500 0.037500 0.045000
7 0.379688 0.237917 0.034375 0.040833
14 0.519375 0.436667 0.047500 0.053333
42 0.279687 0.289583 0.034375 0.044167
11 0.575000 0.232917 0.032500 0.040833
12 0.570625 0.332083 0.035000 0.044167
37 0.530625 0.332083 0.035000 0.044167
47 0.354063 0.442500 0.269375 0.063333
41 0.156875 0.290417 0.036250 0.042500
51 0.320000 0.289583 0.033750 0.044167
13 0.190938 0.443750 0.050625 0.055833
52 0.106563 0.293750 0.054375 0.042500
48 0.535937 0.234167 0.033125 0.041667
38 0.517813 0.281250 0.033125 0.042500
32 0.140313 0.394167 0.036875 0.045000
25 0.368750 0.336250 0.035000 0.044167
29 0.450937 0.334583 0.035625 0.044167
57 0.222188 0.390417 0.036875 0.045833
17 0.102500 0.247083 0.033750 0.039167
9 0.457813 0.235833 0.034375 0.041667
6 0.340313 0.238750 0.034375 0.040833
24 0.328125 0.336667 0.036250 0.045000
45 0.106875 0.341667 0.063750 0.045000
28 0.410000 0.335417 0.035000 0.044167
50 0.621250 0.432083 0.050000 0.052500
34 0.552500 0.382083 0.036250 0.044167
8 0.419375 0.237500 0.035000 0.041667
18 0.472187 0.383750 0.035625 0.045833
15 0.348438 0.386667 0.036875 0.045000
16 0.265000 0.388333 0.037500 0.045000
46 0.627188 0.377500 0.108125 0.048333
10 0.162500 0.339167 0.035000 0.045000
30 0.506250 0.342917 0.981250 0.462500
56 0.199063 0.292500 0.035625 0.043333
59 0.360938 0.287917 0.034375 0.044167
1 0.141875 0.245417 0.033750 0.040833
0 0.497500 0.235417 0.033750 0.042500
21 0.239375 0.291667 0.035000 0.043333
