50 0.804365 0.846096 0.061111 0.121622
20 0.945635 0.350601 0.089683 0.112613
37 0.769444 0.596096 0.061111 0.111111
56 0.224603 0.470721 0.060317 0.112613
22 0.953968 0.533784 0.076190 0.241742
18 0.670635 0.716967 0.061905 0.112613
36 0.681746 0.472973 0.060317 0.111111
26 0.901587 0.596096 0.060317 0.111111
21 0.290873 0.472222 0.059524 0.112613
11 0.864286 0.350601 0.060317 0.109610
25 0.507143 0.594595 0.058730 0.111111
31 0.703571 0.596096 0.059524 0.111111
30 0.509921 0.502252 0.981746 0.935435
28 0.572619 0.594595 0.057937 0.111111
15 0.474603 0.716967 0.061905 0.112613
35 0.540079 0.716967 0.061111 0.112613
59 0.486111 0.472973 0.059524 0.111111
52 0.085714 0.470721 0.073016 0.112613
44 0.077778 0.717718 0.061905 0.114114
58 0.211111 0.717718 0.061905 0.111111
45 0.095238 0.593844 0.095238 0.112613
54 0.813095 0.473724 0.061111 0.109610
13 0.211111 0.845345 0.061905 0.123123
0 0.732540 0.352102 0.060317 0.112613
19 0.311508 0.595345 0.059524 0.112613
53 0.551587 0.473724 0.058730 0.112613
48 0.798016 0.352102 0.061111 0.112613
47 0.475000 0.845345 0.321429 0.123123
46 0.916270 0.719970 0.153175 0.112613
29 0.638095 0.595345 0.058730 0.112613
43 0.245238 0.595345 0.060317 0.112613
2 0.211508 0.350601 0.061111 0.112613
12 0.834921 0.595345 0.060317 0.112613
6 0.473413 0.351351 0.059524 0.111111
17 0.079762 0.346096 0.057937 0.112613
42 0.356349 0.473724 0.058730 0.109610
8 0.602778 0.352853 0.059524 0.111111
10 0.178968 0.594595 0.059524 0.111111
39 0.879365 0.472973 0.061905 0.111111
38 0.747222 0.473724 0.059524 0.109610
23 0.376984 0.594595 0.058730 0.111111
40 0.737302 0.717718 0.061905 0.111111
49 0.076587 0.846096 0.062698 0.121622
32 0.144444 0.717718 0.061905 0.114114
4 0.342857 0.351351 0.058730 0.111111
24 0.442063 0.594595 0.060317 0.111111
27 0.616667 0.472222 0.058730 0.109610
57 0.278175 0.716967 0.061111 0.112613
7 0.537302 0.352102 0.058730 0.112613
9 0.667857 0.352853 0.061111 0.111111
51 0.421429 0.471471 0.057143 0.111111
16 0.343651 0.716216 0.060317 0.114114
34 0.801984 0.717718 0.062698 0.111111
14 0.738492 0.845345 0.062698 0.123123
33 0.605159 0.716216 0.061111 0.114114
1 0.145238 0.349850 0.060317 0.111111
3 0.277381 0.351351 0.059524 0.111111
41 0.158333 0.470721 0.062698 0.112613
5 0.407937 0.351351 0.060317 0.111111
55 0.408730 0.716967 0.060317 0.112613
