22 0.662959 0.464467 0.068665 0.203046
8 0.405222 0.343909 0.038685 0.093909
14 0.506286 0.763959 0.053191 0.106599
18 0.471954 0.656091 0.038685 0.098985
21 0.205029 0.470812 0.036750 0.093909
46 0.644101 0.628173 0.116054 0.098985
49 0.052224 0.838832 0.071567 0.119289
57 0.197776 0.692893 0.037718 0.091371
51 0.295455 0.456853 0.033849 0.086294
3 0.181818 0.369289 0.038685 0.098985
53 0.385397 0.447970 0.037718 0.088832
44 0.045455 0.715736 0.054159 0.096447
33 0.426983 0.659898 0.037718 0.096447
43 0.171663 0.583756 0.037718 0.091371
41 0.112186 0.484772 0.040619 0.096447
59 0.340909 0.453046 0.033849 0.088832
35 0.382012 0.664975 0.036750 0.091371
4 0.227756 0.362944 0.037718 0.091371
50 0.680368 0.739848 0.068665 0.109137
10 0.124275 0.592640 0.039652 0.093909
25 0.355899 0.559645 0.036750 0.088832
12 0.577369 0.527919 0.034816 0.086294
58 0.149420 0.700508 0.037718 0.091371
20 0.641199 0.312183 0.081238 0.091371
1 0.088491 0.380711 0.039652 0.091371
17 0.040619 0.380711 0.038685 0.091371
9 0.447776 0.337563 0.036750 0.096447
36 0.473404 0.436548 0.037718 0.091371
31 0.489362 0.540609 0.034816 0.086294
32 0.100580 0.710660 0.040619 0.106599
54 0.559961 0.423858 0.036750 0.086294
6 0.317215 0.352792 0.038685 0.091371
11 0.575919 0.319797 0.035783 0.086294
50 0.927466 0.703046 0.094778 0.116751
38 0.515957 0.428934 0.035783 0.086294
55 0.290135 0.677665 0.036750 0.091371
42 0.250967 0.464467 0.035783 0.086294
34 0.560445 0.638325 0.037718 0.088832
45 0.058994 0.602792 0.079304 0.098985
30 0.500967 0.502538 1.000000 1.000000
52 0.052224 0.489848 0.063830 0.096447
15 0.335590 0.670051 0.038685 0.091371
16 0.243714 0.684010 0.038685 0.093909
47 0.346228 0.798223 0.263056 0.144670
40 0.516441 0.647208 0.036750 0.091371
2 0.136364 0.375635 0.036750 0.096447
23 0.264507 0.569797 0.033849 0.083756
29 0.445841 0.545685 0.036750 0.086294
5 0.271760 0.357868 0.036750 0.091371
0 0.491296 0.332487 0.036750 0.091371
37 0.533366 0.534264 0.035783 0.088832
26 0.620406 0.521574 0.037718 0.093909
27 0.429884 0.440355 0.033849 0.083756
7 0.361702 0.347716 0.036750 0.091371
24 0.310445 0.563452 0.034816 0.086294
48 0.533849 0.327411 0.036750 0.091371
28 0.400387 0.552030 0.034816 0.088832
56 0.159574 0.475888 0.038685 0.088832
39 0.602998 0.420051 0.037718 0.093909
13 0.180851 0.813452 0.052224 0.104061
19 0.219052 0.578680 0.035783 0.091371
