21 0.289007 0.340909 0.051773 0.095960
19 0.300355 0.448232 0.054610 0.098485
57 0.266667 0.559343 0.051064 0.095960
18 0.647872 0.556818 0.053191 0.103535
50 0.780496 0.672348 0.063121 0.107323
47 0.457801 0.671086 0.311348 0.102273
12 0.806028 0.443813 0.058865 0.102273
42 0.351064 0.341540 0.052482 0.094697
3 0.260284 0.235480 0.052482 0.094697
55 0.393972 0.555556 0.053191 0.101010
36 0.660638 0.337121 0.053191 0.098485
59 0.474113 0.340278 0.051773 0.094697
40 0.713475 0.558081 0.058156 0.106061
26 0.870213 0.443813 0.059574 0.104798
53 0.537234 0.340278 0.053191 0.097222
7 0.506738 0.235480 0.051773 0.097222
16 0.330496 0.558712 0.053901 0.099747
25 0.488652 0.443813 0.052482 0.089646
8 0.568440 0.234848 0.048936 0.095960
29 0.615248 0.445707 0.053191 0.098485
43 0.237943 0.449495 0.051773 0.095960
44 0.071986 0.561237 0.067376 0.097222
41 0.165603 0.342172 0.053191 0.095960
2 0.200709 0.236742 0.049645 0.092172
31 0.678369 0.446970 0.054610 0.101010
52 0.090780 0.340909 0.079433 0.093434
9 0.629433 0.232955 0.050355 0.094697
39 0.852128 0.332702 0.056028 0.102273
23 0.363830 0.446970 0.051064 0.095960
4 0.321277 0.232955 0.049645 0.092172
22 0.930851 0.386995 0.102837 0.213384
24 0.427305 0.443813 0.051773 0.094697
33 0.584043 0.559343 0.057447 0.106061
10 0.176950 0.448864 0.051773 0.094697
30 0.515248 0.450758 0.970922 0.676768
51 0.412057 0.339015 0.051064 0.092172
48 0.752128 0.226641 0.054610 0.099747
37 0.742908 0.444444 0.057447 0.103535
20 0.912766 0.225379 0.116312 0.099747
17 0.080851 0.237374 0.048227 0.088384
11 0.815957 0.226010 0.054610 0.101010
58 0.203546 0.559343 0.052482 0.095960
0 0.691844 0.231061 0.053191 0.098485
5 0.382270 0.232955 0.052482 0.092172
6 0.443972 0.234217 0.051064 0.094697
14 0.649645 0.669823 0.058156 0.104798
49 0.066312 0.674242 0.071631 0.101010
38 0.725177 0.336490 0.056028 0.099747
35 0.519504 0.555556 0.054610 0.101010
45 0.095035 0.450126 0.095035 0.094697
28 0.553546 0.447601 0.051773 0.099747
1 0.139716 0.237374 0.051064 0.093434
34 0.778723 0.556818 0.056738 0.103535
32 0.141489 0.559343 0.053191 0.098485
46 0.900355 0.555556 0.176596 0.106061
56 0.226596 0.339646 0.050355 0.095960
54 0.787234 0.335227 0.058156 0.104798
15 0.457447 0.556818 0.053901 0.098485
13 0.264184 0.672348 0.053191 0.099747
27 0.599645 0.339015 0.051773 0.097222
