14 0.500000 0.852891 0.047143 0.137755
23 0.249643 0.577381 0.045000 0.120748
9 0.488929 0.319728 0.045000 0.115646
8 0.432857 0.319728 0.045714 0.115646
17 0.012500 0.306122 0.023571 0.122449
33 0.444286 0.711735 0.047143 0.120748
1 0.033571 0.308673 0.045714 0.127551
28 0.418214 0.578231 0.045000 0.119048
50 0.610000 0.861395 0.047143 0.137755
42 0.235714 0.444728 0.047143 0.120748
21 0.178929 0.443027 0.045000 0.120748
43 0.135714 0.576531 0.044286 0.122449
13 0.163571 0.851190 0.044286 0.134354
4 0.207143 0.310374 0.045714 0.120748
45 0.023571 0.577381 0.045714 0.127551
16 0.220000 0.710884 0.045714 0.122449
47 0.333929 0.853741 0.269286 0.139456
22 0.750357 0.530612 0.079286 0.258503
52 0.019286 0.441327 0.037143 0.127551
31 0.528214 0.583333 0.045000 0.119048
57 0.163571 0.710034 0.044286 0.120748
32 0.050000 0.708333 0.044286 0.120748
37 0.582500 0.585034 0.045000 0.119048
34 0.609643 0.715986 0.046429 0.119048
56 0.121786 0.440476 0.045000 0.122449
29 0.473214 0.579932 0.046429 0.119048
0 0.543571 0.323129 0.045714 0.119048
30 0.493929 0.547619 0.986429 0.806122
11 0.655357 0.328231 0.045000 0.119048
40 0.554643 0.712585 0.045000 0.119048
10 0.078214 0.575680 0.043571 0.120748
15 0.333571 0.710034 0.048571 0.124150
48 0.598214 0.325680 0.046429 0.117347
46 0.715000 0.724490 0.144286 0.125850
2 0.092500 0.307823 0.046429 0.125850
49 0.017857 0.847789 0.034286 0.134354
12 0.639286 0.588435 0.045714 0.119048
59 0.349643 0.445578 0.046429 0.119048
19 0.192143 0.578231 0.044286 0.119048
7 0.377857 0.317177 0.045714 0.117347
24 0.306429 0.576531 0.045714 0.119048
27 0.460357 0.448129 0.045000 0.117347
18 0.499643 0.712585 0.045000 0.122449
5 0.264643 0.312075 0.047857 0.120748
38 0.570357 0.453231 0.046429 0.120748
3 0.149286 0.309524 0.047143 0.125850
20 0.739643 0.327381 0.100714 0.120748
53 0.405357 0.448129 0.046429 0.120748
41 0.063571 0.442177 0.048571 0.122449
36 0.514286 0.449830 0.047143 0.120748
6 0.322857 0.314626 0.047143 0.119048
58 0.107500 0.709184 0.043571 0.119048
54 0.625357 0.456633 0.046429 0.124150
55 0.276071 0.710884 0.045000 0.122449
39 0.681071 0.457483 0.046429 0.119048
51 0.293214 0.443878 0.046429 0.119048
35 0.389286 0.710034 0.045714 0.120748
25 0.362857 0.575680 0.045714 0.117347
44 0.015714 0.709184 0.030000 0.119048
26 0.694286 0.590986 0.045714 0.124150
