41 0.125625 0.309583 0.031250 0.040833
57 0.195312 0.413750 0.030625 0.042500
31 0.449688 0.365417 0.031875 0.042500
2 0.146563 0.257917 0.030625 0.040833
37 0.487812 0.366667 0.030625 0.041667
55 0.275000 0.414583 0.030000 0.042500
7 0.345000 0.262083 0.031250 0.042500
13 0.179063 0.467083 0.041875 0.044167
58 0.154375 0.414167 0.030000 0.041667
3 0.186875 0.258750 0.030000 0.040833
20 0.592500 0.266667 0.070000 0.043333
45 0.075313 0.361250 0.053125 0.042500
10 0.135000 0.361667 0.030000 0.041667
56 0.166563 0.310000 0.029375 0.041667
38 0.478750 0.315833 0.031250 0.041667
15 0.314375 0.415000 0.031250 0.043333
16 0.234687 0.414167 0.030625 0.041667
49 0.072500 0.466250 0.053750 0.044167
18 0.431250 0.417083 0.032500 0.042500
47 0.318750 0.467917 0.221250 0.047500
11 0.534687 0.265417 0.031875 0.040833
8 0.383125 0.263750 0.032500 0.042500
59 0.325000 0.312917 0.030000 0.040833
30 0.487500 0.305833 0.917500 0.456667
51 0.285625 0.311250 0.030000 0.040833
24 0.295000 0.362500 0.030000 0.040000
4 0.226875 0.259583 0.030000 0.040833
40 0.469687 0.417083 0.030625 0.040833
17 0.065625 0.255417 0.031250 0.042500
22 0.600313 0.342083 0.053125 0.095833
1 0.107188 0.257500 0.030625 0.041667
44 0.068125 0.414167 0.042500 0.043333
21 0.206563 0.310833 0.029375 0.041667
48 0.497500 0.265417 0.031250 0.042500
9 0.422187 0.263750 0.031875 0.042500
50 0.602187 0.469167 0.053125 0.045000
19 0.215625 0.361667 0.030000 0.041667
12 0.525625 0.366250 0.032500 0.042500
28 0.372812 0.364583 0.030625 0.042500
34 0.506875 0.416667 0.030000 0.040000
14 0.455313 0.467500 0.041875 0.043333
53 0.363438 0.313333 0.030625 0.041667
42 0.246250 0.311667 0.030000 0.041667
54 0.516563 0.315833 0.031875 0.043333
46 0.578125 0.417500 0.097500 0.041667
33 0.392188 0.416250 0.031875 0.042500
36 0.440625 0.314583 0.031250 0.040833
32 0.114687 0.413333 0.030625 0.041667
43 0.175625 0.361667 0.030000 0.041667
25 0.334375 0.363750 0.031250 0.040833
0 0.459688 0.265000 0.031875 0.041667
5 0.266562 0.260417 0.030625 0.042500
6 0.305625 0.261667 0.031250 0.041667
39 0.553125 0.316667 0.032500 0.043333
26 0.561875 0.367083 0.032500 0.042500
29 0.412187 0.365417 0.031875 0.042500
27 0.402500 0.313750 0.031250 0.040833
23 0.255312 0.362917 0.030625 0.040833
52 0.075938 0.309583 0.050625 0.042500
35 0.353438 0.415417 0.031875 0.042500
