15 0.308750 0.369651 0.030000 0.043582
33 0.390313 0.374802 0.030625 0.042789
34 0.503750 0.370840 0.031250 0.042789
58 0.150312 0.369255 0.030625 0.042789
54 0.514375 0.270602 0.031250 0.045166
13 0.179688 0.894216 0.041875 0.045166
40 0.467813 0.374802 0.030625 0.042789
4 0.222812 0.697306 0.030625 0.042789
27 0.396875 0.269414 0.028750 0.042789
8 0.375937 0.218700 0.030625 0.044374
27 0.400938 0.746434 0.031875 0.044374
3 0.175000 0.216719 0.032500 0.046751
25 0.331875 0.793582 0.032500 0.045166
38 0.475313 0.270206 0.029375 0.044374
45 0.074063 0.318146 0.060625 0.043582
59 0.322500 0.746038 0.031250 0.043582
29 0.407187 0.320127 0.030625 0.042789
39 0.553438 0.270602 0.030625 0.045166
36 0.435937 0.269810 0.030625 0.043582
33 0.390000 0.842314 0.032500 0.044374
55 0.274062 0.842710 0.031875 0.045166
5 0.262500 0.697306 0.031250 0.044374
8 0.382500 0.700872 0.033750 0.040412
1 0.094062 0.215927 0.031875 0.046751
53 0.357187 0.269017 0.029375 0.043582
16 0.234063 0.843106 0.031875 0.044374
45 0.080625 0.797544 0.061250 0.041997
5 0.258750 0.220681 0.030000 0.043582
23 0.249375 0.318938 0.030000 0.041997
26 0.565000 0.796355 0.032500 0.044374
36 0.439375 0.746038 0.033750 0.046751
28 0.368437 0.321712 0.030625 0.042789
30 0.493125 0.748811 0.962500 0.400951
31 0.447188 0.322504 0.030625 0.042789
30 0.486563 0.292789 0.954375 0.423930
42 0.238437 0.268621 0.029375 0.042789
50 0.603437 0.423930 0.054375 0.042789
13 0.207813 0.420365 0.043125 0.045166
51 0.277813 0.268225 0.029375 0.041997
46 0.580313 0.844295 0.099375 0.038827
24 0.293125 0.794374 0.032500 0.045166
21 0.198437 0.267829 0.029375 0.044374
18 0.427187 0.374010 0.030625 0.042789
59 0.317188 0.268621 0.028125 0.042789
15 0.312500 0.841918 0.033750 0.045166
23 0.253750 0.794770 0.031250 0.044374
11 0.539375 0.701664 0.033750 0.040412
2 0.134687 0.215531 0.030625 0.045959
20 0.593125 0.219493 0.071250 0.045959
47 0.344687 0.423138 0.216875 0.042789
37 0.485312 0.321315 0.030625 0.045166
53 0.361875 0.748811 0.031250 0.039620
29 0.410938 0.797147 0.029375 0.038035
10 0.128438 0.318146 0.029375 0.043582
28 0.370937 0.795166 0.030625 0.043582
12 0.523750 0.321315 0.030000 0.043582
43 0.168125 0.317750 0.030000 0.042789
7 0.342500 0.698098 0.032500 0.044374
1 0.102188 0.698098 0.031875 0.044374
44 0.067500 0.372029 0.046250 0.045166
19 0.213750 0.794770 0.031250 0.045959
49 0.080937 0.894612 0.058125 0.044374
58 0.155000 0.844691 0.032500 0.044374
21 0.204063 0.746434 0.030625 0.044374
12 0.526563 0.795166 0.031875 0.043582
40 0.468438 0.843106 0.031875 0.042789
6 0.298125 0.219889 0.030000 0.043582
54 0.516875 0.746830 0.033750 0.045166
18 0.429375 0.843502 0.032500 0.043582
41 0.116875 0.267433 0.032500 0.045166
14 0.454688 0.896197 0.040625 0.045959
52 0.066250 0.266640 0.048750 0.043582
16 0.230625 0.369651 0.031250 0.043582
35 0.351250 0.843106 0.032500 0.044374
43 0.173750 0.795959 0.031250 0.045166
3 0.183438 0.697702 0.031875 0.045166
14 0.487187 0.423138 0.054375 0.042789
55 0.268750 0.369255 0.027500 0.041204
7 0.338750 0.220681 0.030000 0.043582
50 0.604688 0.896989 0.053125 0.045959
37 0.487187 0.795563 0.031875 0.044374
32 0.110000 0.369255 0.032500 0.045959
48 0.495000 0.219097 0.031250 0.045166
9 0.415312 0.218700 0.030625 0.044374
34 0.506563 0.843899 0.033125 0.042789
35 0.350313 0.374010 0.030625 0.042789
56 0.157500 0.266640 0.030000 0.043582
48 0.500000 0.700079 0.033750 0.040412
11 0.535625 0.222266 0.031250 0.045166
56 0.164687 0.746038 0.033125 0.045166
9 0.421875 0.699287 0.033750 0.040412
19 0.209687 0.318938 0.029375 0.043582
6 0.301563 0.697306 0.031875 0.044374
20 0.595625 0.699683 0.071250 0.042789
10 0.134063 0.795166 0.031875 0.045166
52 0.073750 0.748811 0.050000 0.041204
51 0.283125 0.746434 0.031250 0.044374
49 0.075625 0.422742 0.056250 0.045166
26 0.562500 0.321712 0.031250 0.044374
32 0.115312 0.844295 0.031875 0.045166
17 0.061250 0.698494 0.032500 0.045166
47 0.317812 0.896197 0.219375 0.045959
0 0.456875 0.221474 0.031250 0.045166
17 0.052812 0.215531 0.033125 0.045959
24 0.288125 0.318542 0.030000 0.042789
22 0.604062 0.773376 0.051875 0.095087
41 0.122813 0.746830 0.033125 0.045166
25 0.328125 0.318938 0.030000 0.041997
2 0.143437 0.698098 0.031875 0.044374
0 0.461250 0.700079 0.033750 0.040412
57 0.194688 0.843899 0.031875 0.044374
22 0.602500 0.296751 0.051250 0.095880
44 0.072188 0.845483 0.043125 0.044374
38 0.478125 0.746434 0.032500 0.044374
57 0.190625 0.368859 0.028750 0.041997
39 0.555937 0.747227 0.033125 0.045959
31 0.448125 0.795166 0.031250 0.045166
42 0.244375 0.746434 0.032500 0.044374
4 0.216250 0.216719 0.030000 0.043582
46 0.577812 0.371632 0.098125 0.042789
