22 0.670785 0.638566 0.059593 0.114341
14 0.502180 0.772287 0.050872 0.056202
53 0.404797 0.598837 0.036337 0.054264
45 0.112645 0.640504 0.068314 0.052326
18 0.476017 0.714147 0.039244 0.056202
1 0.138808 0.531977 0.039244 0.048450
57 0.228198 0.700581 0.040698 0.056202
23 0.290698 0.648256 0.037791 0.052326
25 0.373547 0.653101 0.040698 0.054264
58 0.187500 0.698643 0.040698 0.052326
42 0.281250 0.593992 0.039244 0.052326
55 0.310320 0.704457 0.039244 0.056202
4 0.260174 0.535853 0.037791 0.052326
2 0.178052 0.533915 0.036337 0.048450
59 0.364099 0.596899 0.039244 0.054264
33 0.434593 0.713178 0.040698 0.054264
19 0.249273 0.646318 0.039244 0.052326
12 0.582849 0.662791 0.037791 0.054264
3 0.220203 0.534884 0.036337 0.050388
17 0.094477 0.530039 0.031977 0.048450
7 0.386628 0.540698 0.037791 0.054264
35 0.392442 0.710271 0.040698 0.056202
36 0.488372 0.602713 0.037791 0.054264
56 0.199855 0.588178 0.039244 0.052326
41 0.158430 0.587209 0.040698 0.050388
50 0.665698 0.781008 0.066860 0.058140
9 0.468750 0.544574 0.036337 0.050388
21 0.240552 0.591085 0.039244 0.054264
39 0.615552 0.608527 0.039244 0.054264
48 0.553779 0.548450 0.034884 0.050388
6 0.344477 0.539729 0.037791 0.052326
15 0.351017 0.707364 0.039244 0.054264
51 0.322674 0.593992 0.034884 0.052326
37 0.539971 0.661822 0.039244 0.052326
26 0.625727 0.664729 0.039244 0.054264
38 0.530523 0.604651 0.037791 0.054264
34 0.561047 0.718992 0.040698 0.054264
0 0.510901 0.546512 0.036337 0.054264
47 0.356105 0.768411 0.235465 0.067829
40 0.519622 0.715116 0.039244 0.054264
20 0.660610 0.551357 0.079942 0.052326
44 0.101744 0.692829 0.049419 0.052326
32 0.146802 0.694767 0.040698 0.052326
28 0.414244 0.655039 0.040698 0.054264
24 0.331395 0.650194 0.037791 0.052326
43 0.208576 0.644380 0.036337 0.052326
52 0.107558 0.585271 0.055233 0.050388
11 0.595203 0.550388 0.036337 0.050388
54 0.573401 0.607558 0.039244 0.056202
10 0.168605 0.642442 0.037791 0.052326
30 0.524709 0.618217 0.953488 0.507752
29 0.455669 0.656977 0.039244 0.054264
31 0.497820 0.659884 0.036337 0.052326
8 0.428052 0.543605 0.036337 0.052326
5 0.300872 0.537791 0.031977 0.052326
13 0.211483 0.756783 0.050872 0.056202
49 0.106105 0.749031 0.063953 0.056202
27 0.446948 0.600775 0.036337 0.050388
16 0.268895 0.703488 0.040698 0.054264
46 0.640988 0.721899 0.113372 0.056202
