9 0.439688 0.417917 0.031875 0.039167
2 0.152500 0.401667 0.032500 0.038333
14 0.470313 0.628333 0.044375 0.045000
42 0.253437 0.459583 0.033125 0.039167
55 0.275313 0.567500 0.034375 0.041667
24 0.301875 0.514167 0.033750 0.040000
29 0.427500 0.519583 0.031250 0.039167
19 0.216562 0.510833 0.033125 0.041667
48 0.519375 0.420833 0.030000 0.040000
3 0.193750 0.402500 0.033750 0.041667
31 0.468125 0.521250 0.031250 0.039167
22 0.629062 0.504167 0.051875 0.090000
52 0.073125 0.450833 0.055000 0.040000
43 0.172187 0.508750 0.031875 0.040833
1 0.109687 0.399167 0.033125 0.038333
32 0.099687 0.560417 0.038125 0.042500
37 0.508750 0.523333 0.031250 0.040000
57 0.187812 0.564167 0.034375 0.041667
38 0.499375 0.471667 0.030000 0.038333
59 0.337500 0.463750 0.031250 0.039167
7 0.360000 0.413333 0.033750 0.041667
47 0.319375 0.626250 0.246250 0.047500
54 0.538750 0.473750 0.030000 0.039167
6 0.318750 0.410833 0.031250 0.038333
12 0.549063 0.525417 0.030625 0.039167
15 0.318125 0.568750 0.033750 0.040833
49 0.045937 0.615000 0.063125 0.045000
30 0.500625 0.492917 0.996250 0.519167
17 0.068125 0.395833 0.031250 0.041667
8 0.400313 0.415833 0.031875 0.040000
53 0.378437 0.465833 0.031875 0.040000
26 0.588750 0.528333 0.032500 0.040000
16 0.231250 0.565833 0.033750 0.041667
5 0.277500 0.408750 0.031250 0.039167
39 0.578438 0.475833 0.030625 0.040000
23 0.259062 0.512500 0.031875 0.040000
44 0.049375 0.557917 0.048750 0.040833
58 0.142813 0.562500 0.035625 0.040000
21 0.211250 0.457083 0.033750 0.040833
0 0.480625 0.420000 0.030000 0.038333
34 0.527813 0.576250 0.031875 0.039167
27 0.420000 0.468333 0.030000 0.038333
4 0.235313 0.404167 0.031875 0.041667
20 0.618125 0.426667 0.070000 0.040000
11 0.558125 0.423333 0.030000 0.040000
46 0.605625 0.578750 0.103750 0.040833
28 0.385937 0.517500 0.031875 0.040000
41 0.125938 0.453333 0.034375 0.040000
45 0.064687 0.504167 0.056875 0.041667
18 0.445312 0.574167 0.033125 0.041667
25 0.344062 0.516250 0.033125 0.039167
10 0.129375 0.506250 0.033750 0.040833
50 0.632812 0.636667 0.059375 0.045000
40 0.486875 0.575417 0.031250 0.040833
51 0.295312 0.461667 0.031875 0.040000
13 0.163125 0.620000 0.048750 0.045000
36 0.459688 0.469167 0.030625 0.038333
33 0.403750 0.572083 0.035000 0.042500
35 0.361563 0.570833 0.034375 0.041667
56 0.169063 0.454583 0.033125 0.039167
