32 0.088161 0.704202 0.032746 0.045378
25 0.318640 0.649580 0.032746 0.045378
23 0.235516 0.649580 0.030227 0.043697
47 0.300063 0.770588 0.257557 0.048739
54 0.517003 0.595378 0.030227 0.044538
37 0.485516 0.651261 0.031486 0.045378
53 0.352015 0.593277 0.030227 0.043697
43 0.153338 0.648739 0.030856 0.045378
14 0.458438 0.767227 0.044081 0.048739
1 0.086272 0.539496 0.028967 0.042017
22 0.611776 0.628151 0.054786 0.106723
12 0.527393 0.651681 0.032116 0.046218
52 0.054786 0.593277 0.049118 0.042017
16 0.212846 0.705042 0.034005 0.045378
44 0.041877 0.704622 0.040932 0.044538
0 0.455605 0.540756 0.032116 0.042857
51 0.269207 0.593277 0.030856 0.042017
10 0.112091 0.647479 0.030227 0.044538
17 0.048174 0.538235 0.029597 0.041176
45 0.057620 0.649160 0.062343 0.046218
7 0.331864 0.539916 0.031486 0.042857
13 0.140743 0.763025 0.044710 0.048739
20 0.599496 0.541597 0.073048 0.044538
11 0.537783 0.540756 0.031486 0.042857
30 0.492758 0.639496 0.957809 0.398319
34 0.505353 0.710084 0.032116 0.045378
15 0.295655 0.705882 0.033375 0.047059
55 0.253463 0.705462 0.032116 0.046218
8 0.374055 0.540756 0.032746 0.042857
58 0.128778 0.704622 0.032116 0.044538
38 0.475441 0.595378 0.030227 0.042857
57 0.170970 0.704622 0.032116 0.044538
2 0.128463 0.539496 0.031486 0.042017
27 0.392947 0.593697 0.030227 0.042857
35 0.337846 0.707143 0.034635 0.047899
36 0.434194 0.594118 0.030856 0.043697
28 0.361146 0.650000 0.032116 0.046218
21 0.187028 0.593697 0.030227 0.044538
50 0.619647 0.771849 0.046599 0.049580
3 0.167821 0.539916 0.029597 0.041176
46 0.585642 0.712605 0.109572 0.047059
59 0.310139 0.594118 0.030856 0.042017
6 0.290932 0.539496 0.030227 0.043697
56 0.146725 0.593277 0.030227 0.043697
4 0.209068 0.538235 0.031486 0.042857
39 0.558564 0.595798 0.030227 0.043697
29 0.402393 0.649580 0.031486 0.045378
40 0.464421 0.708824 0.032116 0.046218
18 0.421599 0.707563 0.032116 0.047059
48 0.496537 0.540336 0.033375 0.043697
42 0.227960 0.594538 0.031486 0.042857
41 0.105793 0.593697 0.032746 0.042857
24 0.277078 0.649580 0.030227 0.045378
19 0.194584 0.648739 0.030227 0.045378
33 0.380038 0.707143 0.034635 0.047899
49 0.038098 0.760924 0.045970 0.046218
26 0.568955 0.653361 0.032116 0.047899
31 0.443640 0.650420 0.032116 0.045378
5 0.249685 0.539916 0.030856 0.042857
9 0.414358 0.540756 0.031486 0.042857
