23 0.265072 0.533217 0.038663 0.062937
31 0.538008 0.531031 0.039318 0.060315
5 0.275229 0.389423 0.041940 0.058566
39 0.690039 0.457605 0.039318 0.060315
27 0.470511 0.459353 0.040629 0.058566
2 0.106488 0.389423 0.041284 0.060315
11 0.665465 0.384615 0.039974 0.059441
20 0.749345 0.384178 0.096330 0.060315
22 0.760157 0.497378 0.069463 0.134615
40 0.566514 0.603147 0.039974 0.061189
37 0.593381 0.531469 0.038663 0.059441
42 0.249017 0.460227 0.040629 0.058566
47 0.355505 0.678759 0.332241 0.063811
34 0.620577 0.602710 0.039318 0.058566
13 0.150393 0.680944 0.051769 0.057692
17 0.010157 0.388549 0.019004 0.058566
19 0.208388 0.532780 0.038008 0.062063
50 0.765400 0.675262 0.055046 0.058566
30 0.493447 0.487762 0.985583 0.517483
46 0.722805 0.603147 0.141547 0.064685
33 0.458388 0.603584 0.045216 0.063811
51 0.305701 0.459790 0.039974 0.059441
48 0.608453 0.385927 0.039974 0.062063
15 0.348624 0.603584 0.041940 0.062063
21 0.194299 0.461976 0.039974 0.060315
55 0.293250 0.604021 0.041284 0.062937
29 0.486566 0.535839 0.041284 0.061189
3 0.161206 0.389423 0.040629 0.056818
25 0.377785 0.537150 0.042595 0.062063
58 0.127457 0.606206 0.039974 0.060315
7 0.387615 0.388986 0.041284 0.057692
0 0.553735 0.388112 0.041940 0.061189
26 0.702818 0.531031 0.038663 0.060315
36 0.525229 0.459790 0.042595 0.059441
14 0.559305 0.675699 0.058322 0.064685
57 0.183159 0.605769 0.041284 0.062937
56 0.137615 0.460664 0.039318 0.061189
28 0.429882 0.531031 0.039318 0.060315
12 0.648427 0.530157 0.039974 0.060315
44 0.019659 0.608392 0.038008 0.059441
53 0.416448 0.462413 0.041284 0.055944
35 0.403997 0.603584 0.046527 0.063811
43 0.154653 0.533217 0.038008 0.061189
41 0.082896 0.461976 0.041284 0.060315
6 0.332241 0.388986 0.041940 0.059441
24 0.319463 0.531906 0.039974 0.060315
32 0.071756 0.606206 0.041284 0.063811
16 0.238532 0.604895 0.040629 0.062937
38 0.579620 0.458479 0.038663 0.058566
1 0.049803 0.388112 0.041940 0.057692
45 0.032110 0.537587 0.062910 0.059441
59 0.360092 0.459790 0.039974 0.059441
9 0.496723 0.387238 0.040629 0.061189
4 0.218545 0.389423 0.041284 0.055070
10 0.097313 0.534091 0.038663 0.061189
52 0.023263 0.462413 0.045216 0.061189
18 0.511796 0.603147 0.041940 0.062937
8 0.442661 0.388112 0.041284 0.061189
49 0.020315 0.680944 0.039318 0.061189
54 0.634993 0.459353 0.039318 0.060315
