23 0.199715 0.519113 0.024251 0.065749
3 0.138730 0.371560 0.024964 0.064220
28 0.312054 0.514526 0.029244 0.062691
57 0.143367 0.600153 0.025678 0.065749
52 0.036020 0.448777 0.044936 0.065749
39 0.483951 0.430428 0.030670 0.068807
12 0.458274 0.506881 0.032097 0.068807
18 0.367332 0.589450 0.032810 0.068807
10 0.089515 0.525994 0.026391 0.064220
34 0.440442 0.584862 0.032097 0.065749
56 0.117689 0.445719 0.027104 0.062691
16 0.180456 0.596330 0.027104 0.064220
13 0.127318 0.680428 0.042083 0.070336
22 0.528531 0.464832 0.047076 0.146789
1 0.063124 0.370795 0.023538 0.062691
41 0.080956 0.449541 0.026391 0.061162
33 0.330243 0.591743 0.034237 0.073394
36 0.376605 0.433486 0.031384 0.065749
46 0.507133 0.581040 0.092725 0.067278
11 0.465763 0.352446 0.029957 0.068807
40 0.404422 0.587156 0.032810 0.067278
48 0.429743 0.354740 0.032097 0.067278
45 0.039943 0.533639 0.052782 0.064220
31 0.384451 0.510703 0.029957 0.067278
7 0.282454 0.360092 0.031384 0.068807
44 0.030314 0.610092 0.039230 0.061162
50 0.530670 0.659786 0.052782 0.074924
19 0.164408 0.519878 0.026391 0.067278
59 0.266762 0.438073 0.028531 0.062691
53 0.303138 0.435780 0.028531 0.064220
24 0.237874 0.516820 0.026391 0.067278
26 0.494294 0.505352 0.032810 0.068807
4 0.172967 0.365443 0.024964 0.064220
42 0.191155 0.444190 0.028531 0.065749
20 0.519258 0.350917 0.065621 0.065749
30 0.427247 0.517584 0.853067 0.750765
35 0.292796 0.593272 0.032097 0.070336
2 0.101284 0.371560 0.027104 0.064220
0 0.392297 0.355505 0.028531 0.068807
43 0.126248 0.522171 0.027104 0.062691
8 0.321327 0.360856 0.034950 0.073394
55 0.218973 0.596330 0.032810 0.067278
17 0.028174 0.370795 0.023538 0.053517
21 0.154422 0.444954 0.026391 0.064220
32 0.068830 0.603976 0.029244 0.061162
58 0.107347 0.603211 0.032097 0.068807
49 0.031027 0.691131 0.046362 0.064220
38 0.412625 0.432722 0.032097 0.064220
54 0.449001 0.431193 0.030670 0.064220
5 0.209700 0.362385 0.025678 0.064220
29 0.349501 0.513761 0.032810 0.067278
6 0.245364 0.360092 0.027104 0.065749
9 0.355207 0.357034 0.028531 0.065749
37 0.421897 0.509174 0.030670 0.067278
15 0.256776 0.594801 0.034237 0.067278
51 0.230029 0.441131 0.026391 0.065749
27 0.338802 0.434251 0.027104 0.064220
25 0.274608 0.515291 0.028531 0.067278
14 0.389800 0.666667 0.044936 0.073394
47 0.257133 0.673547 0.206134 0.071865
