10 0.243357 0.429571 0.048951 0.071828
58 0.276923 0.516791 0.048951 0.070896
21 0.360839 0.342351 0.048951 0.069030
43 0.311189 0.431437 0.048951 0.069963
27 0.696154 0.344216 0.048252 0.070896
47 0.550350 0.611007 0.402797 0.076493
54 0.895105 0.347481 0.048951 0.071828
59 0.562587 0.344216 0.049650 0.072761
25 0.576224 0.434235 0.050350 0.071828
0 0.798601 0.255131 0.050350 0.073694
26 0.972727 0.436567 0.050350 0.070896
42 0.427622 0.342351 0.049650 0.070896
11 0.932517 0.255597 0.048252 0.070896
2 0.257692 0.249067 0.049650 0.072761
17 0.122727 0.248134 0.048252 0.070896
44 0.136713 0.517724 0.066434 0.069030
37 0.842657 0.434701 0.048951 0.070896
6 0.530070 0.250000 0.051748 0.070896
15 0.543007 0.520056 0.051049 0.069963
5 0.460839 0.251399 0.053147 0.073694
29 0.710490 0.432369 0.048951 0.071828
52 0.143007 0.340019 0.079021 0.068097
34 0.873776 0.522854 0.049650 0.069963
38 0.828322 0.346082 0.048252 0.069030
14 0.798252 0.611007 0.066434 0.070896
20 0.986364 0.257463 0.028671 0.070896
9 0.731469 0.253731 0.048951 0.072761
31 0.777273 0.433769 0.048252 0.072761
41 0.225874 0.340485 0.050350 0.070896
53 0.629021 0.343284 0.049650 0.070896
39 0.959790 0.347015 0.051049 0.070896
32 0.210140 0.516325 0.049650 0.071828
36 0.762238 0.344683 0.048951 0.069963
48 0.865385 0.255131 0.048252 0.071828
1 0.189860 0.249067 0.048252 0.070896
51 0.494056 0.343284 0.049650 0.070896
24 0.509790 0.432836 0.048951 0.070896
56 0.293357 0.341418 0.049650 0.070896
12 0.908392 0.435168 0.048951 0.069963
4 0.393007 0.249067 0.051748 0.072761
3 0.325175 0.250466 0.050350 0.073694
33 0.675874 0.521455 0.051049 0.072761
35 0.609790 0.520056 0.051748 0.069963
18 0.742308 0.521922 0.049650 0.071828
57 0.345105 0.518657 0.049650 0.070896
40 0.808392 0.521922 0.048951 0.069963
46 0.957692 0.523787 0.086014 0.071828
13 0.302098 0.606343 0.067133 0.072761
7 0.596853 0.252799 0.051049 0.072761
55 0.476923 0.520056 0.050350 0.069963
45 0.152448 0.429571 0.096503 0.071828
49 0.136713 0.607276 0.066434 0.070896
19 0.376923 0.431437 0.048951 0.069963
30 0.503846 0.386660 0.993706 0.750933
23 0.443357 0.432369 0.048951 0.071828
8 0.664336 0.253731 0.050350 0.072761
28 0.644056 0.432369 0.048951 0.071828
16 0.410140 0.518657 0.049650 0.069030
