49 0.052477 0.692174 0.056714 0.060870
31 0.563233 0.547391 0.041721 0.060000
54 0.656780 0.476957 0.038462 0.056522
42 0.287810 0.480000 0.043677 0.059130
6 0.368970 0.412609 0.049544 0.066957
26 0.723598 0.547826 0.037810 0.060870
59 0.391786 0.479130 0.041721 0.055652
47 0.386245 0.690870 0.322686 0.066957
33 0.485658 0.618696 0.048240 0.063478
30 0.508801 0.506522 0.983703 0.503478
39 0.709257 0.476087 0.037810 0.058261
27 0.497392 0.477826 0.043025 0.054783
5 0.312256 0.412174 0.044329 0.066087
12 0.670469 0.545652 0.037158 0.058261
0 0.577249 0.412174 0.043677 0.069565
36 0.550847 0.478261 0.043025 0.055652
2 0.150261 0.412174 0.037158 0.062609
13 0.185463 0.690000 0.054107 0.063478
32 0.111147 0.619565 0.038462 0.060000
4 0.257823 0.408261 0.041069 0.058261
9 0.523142 0.411739 0.046284 0.066957
52 0.057692 0.482174 0.063233 0.051304
10 0.137223 0.551739 0.037158 0.054783
48 0.628748 0.409565 0.043677 0.066087
18 0.537810 0.617826 0.044329 0.061739
55 0.328553 0.619565 0.049544 0.063478
28 0.457953 0.547391 0.038462 0.060000
24 0.351695 0.549565 0.038462 0.059130
15 0.381030 0.619130 0.048892 0.064348
19 0.244459 0.550000 0.036506 0.060000
46 0.744785 0.616522 0.136245 0.062609
20 0.765645 0.404783 0.093220 0.054783
7 0.418840 0.411304 0.044980 0.064348
50 0.786506 0.687391 0.055411 0.061739
14 0.583768 0.688261 0.059322 0.065217
57 0.217731 0.620000 0.036506 0.059130
29 0.511082 0.549130 0.044329 0.060000
34 0.643416 0.617391 0.040417 0.059130
22 0.775750 0.513043 0.071708 0.135652
58 0.165254 0.620870 0.038462 0.057391
40 0.591265 0.616957 0.040417 0.060000
21 0.232399 0.480435 0.038462 0.056522
8 0.472295 0.413043 0.047588 0.067826
56 0.178292 0.480435 0.038462 0.058261
35 0.432529 0.618696 0.047588 0.063478
51 0.340939 0.480870 0.041721 0.059130
53 0.444915 0.479130 0.042373 0.055652
16 0.274120 0.620000 0.042373 0.062609
1 0.094850 0.410435 0.038462 0.055652
11 0.683507 0.406087 0.038462 0.059130
37 0.617340 0.547391 0.037810 0.058261
3 0.201434 0.410435 0.037810 0.060870
17 0.043677 0.411304 0.036506 0.052174
43 0.192308 0.550870 0.035202 0.054783
45 0.065841 0.551739 0.076923 0.061739
38 0.603325 0.476087 0.038462 0.054783
44 0.051499 0.621739 0.052151 0.059130
41 0.125489 0.481304 0.038462 0.058261
23 0.299544 0.550870 0.037158 0.060000
25 0.405802 0.548696 0.042373 0.059130
