10 0.125781 0.646542 0.039062 0.052755
50 0.635938 0.767292 0.051562 0.064478
37 0.499609 0.645369 0.036719 0.055100
52 0.070703 0.587339 0.057031 0.051583
40 0.478906 0.705744 0.037500 0.053927
21 0.202734 0.588511 0.038281 0.053927
9 0.428516 0.529894 0.038281 0.051583
31 0.457813 0.643611 0.037500 0.053927
42 0.243359 0.587925 0.038281 0.052755
19 0.207813 0.647128 0.037500 0.053927
41 0.121484 0.588511 0.039844 0.053927
7 0.348047 0.529308 0.036719 0.050410
57 0.183984 0.707503 0.039844 0.057444
43 0.166797 0.646542 0.038281 0.055100
46 0.601172 0.704572 0.113281 0.056272
55 0.267578 0.707503 0.038281 0.059789
18 0.436328 0.706917 0.038281 0.056272
4 0.227344 0.531653 0.037500 0.052755
39 0.572656 0.585580 0.035937 0.055100
23 0.249609 0.645369 0.036719 0.052755
11 0.550781 0.528136 0.035937 0.052755
59 0.325391 0.587339 0.036719 0.051583
6 0.307812 0.529894 0.037500 0.053927
30 0.503516 0.631887 0.972656 0.398593
35 0.351953 0.707503 0.038281 0.057444
49 0.047656 0.770223 0.050000 0.060961
53 0.366016 0.586753 0.038281 0.050410
24 0.291016 0.646542 0.036719 0.052755
15 0.309375 0.706331 0.039062 0.057444
45 0.069922 0.644783 0.067969 0.053927
56 0.162109 0.588511 0.038281 0.053927
25 0.332422 0.645369 0.038281 0.052755
28 0.374219 0.644783 0.037500 0.053927
0 0.469531 0.528136 0.037500 0.055100
58 0.141016 0.706917 0.039844 0.056272
27 0.407031 0.585580 0.037500 0.050410
32 0.098828 0.706917 0.039844 0.058617
12 0.542188 0.645369 0.037500 0.057444
54 0.531250 0.585580 0.037500 0.052755
16 0.225781 0.707503 0.039062 0.057444
44 0.052344 0.706917 0.050000 0.053927
36 0.448828 0.586166 0.038281 0.051583
26 0.583594 0.645955 0.037500 0.058617
17 0.066797 0.533998 0.035156 0.050410
2 0.146875 0.532239 0.037500 0.051583
20 0.612109 0.528136 0.075781 0.052755
13 0.152344 0.769050 0.051562 0.060961
29 0.416016 0.644197 0.038281 0.055100
1 0.106641 0.531653 0.038281 0.052755
14 0.473828 0.769050 0.050781 0.063306
48 0.510547 0.529308 0.036719 0.052755
34 0.521484 0.705744 0.038281 0.056272
38 0.489453 0.586166 0.036719 0.051583
22 0.626563 0.615475 0.057813 0.114889
8 0.388281 0.530481 0.037500 0.052755
5 0.267188 0.531067 0.039062 0.053927
51 0.283984 0.587339 0.038281 0.051583
33 0.394531 0.706331 0.039062 0.057444
47 0.313281 0.770809 0.264062 0.059789
3 0.186719 0.532239 0.037500 0.051583
