55 0.183667 0.602143 0.032667 0.070000
25 0.237000 0.527857 0.031333 0.067143
44 0.012667 0.607857 0.024000 0.064286
48 0.382333 0.381429 0.032667 0.071429
29 0.304333 0.527143 0.031333 0.068571
31 0.338333 0.527143 0.030000 0.068571
15 0.219000 0.602143 0.034000 0.070000
26 0.441333 0.525714 0.030667 0.068571
32 0.043000 0.603571 0.032667 0.064286
11 0.415000 0.379286 0.028667 0.070000
17 0.008333 0.384286 0.015333 0.054286
7 0.246667 0.383571 0.032000 0.072857
39 0.432000 0.454286 0.030667 0.068571
27 0.296333 0.455000 0.030000 0.067143
59 0.229000 0.455714 0.028667 0.065714
40 0.355667 0.600000 0.031333 0.065714
4 0.141667 0.386429 0.026000 0.064286
22 0.474000 0.487857 0.046667 0.144286
16 0.149000 0.601429 0.031333 0.065714
24 0.203000 0.529286 0.031333 0.070000
12 0.406667 0.525714 0.032000 0.068571
56 0.088667 0.456429 0.029333 0.061429
41 0.056667 0.462143 0.029333 0.061429
3 0.110333 0.387857 0.026000 0.064286
45 0.020333 0.534286 0.039333 0.065714
8 0.280333 0.383571 0.032667 0.072857
1 0.042333 0.387857 0.026000 0.064286
52 0.017000 0.460000 0.032667 0.068571
49 0.014000 0.679286 0.026667 0.064286
30 0.390000 0.522143 0.778667 0.690000
36 0.330667 0.455000 0.032000 0.067143
18 0.320667 0.600714 0.030667 0.067143
5 0.177667 0.386429 0.026000 0.064286
42 0.162333 0.458571 0.032667 0.065714
43 0.099333 0.530714 0.034667 0.067143
37 0.372333 0.526429 0.030000 0.067143
23 0.168000 0.529286 0.029333 0.067143
0 0.348000 0.381429 0.030667 0.071429
20 0.466000 0.379286 0.064000 0.064286
14 0.341667 0.675000 0.043333 0.072857
50 0.476000 0.672857 0.052000 0.074286
6 0.213000 0.385000 0.034000 0.072857
2 0.077000 0.387857 0.026000 0.064286
33 0.286667 0.600714 0.030667 0.067143
46 0.454000 0.597857 0.092000 0.067143
58 0.079667 0.606429 0.032667 0.067143
9 0.314000 0.382143 0.032000 0.072857
57 0.114000 0.604286 0.029333 0.068571
35 0.253333 0.602143 0.033333 0.070000
21 0.126333 0.457143 0.028667 0.062857
34 0.389667 0.600000 0.030000 0.065714
13 0.099333 0.678571 0.040000 0.071429
19 0.134667 0.529286 0.030667 0.070000
51 0.195667 0.456429 0.031333 0.064286
47 0.218667 0.677143 0.192000 0.071429
53 0.263000 0.456429 0.031333 0.067143
38 0.363667 0.452857 0.028667 0.062857
28 0.270333 0.527143 0.030000 0.068571
10 0.063000 0.531429 0.030000 0.062857
54 0.398333 0.453571 0.030000 0.064286
