48 0.625313 0.366667 0.036875 0.050000
47 0.382500 0.651667 0.322500 0.063333
5 0.318750 0.364167 0.038750 0.051667
42 0.291250 0.430417 0.037500 0.049167
29 0.508750 0.502083 0.037500 0.050833
35 0.429375 0.568333 0.038750 0.051667
53 0.445312 0.432917 0.036875 0.049167
52 0.076250 0.427083 0.061250 0.049167
25 0.405625 0.500000 0.037500 0.051667
21 0.240000 0.430000 0.037500 0.048333
43 0.198750 0.496667 0.038750 0.051667
4 0.266875 0.362083 0.036250 0.050833
51 0.342813 0.431250 0.036875 0.049167
15 0.377500 0.567500 0.038750 0.051667
3 0.216250 0.362083 0.037500 0.050833
7 0.420938 0.365000 0.036875 0.051667
1 0.114687 0.359583 0.035625 0.049167
58 0.168125 0.564167 0.038750 0.051667
46 0.741250 0.575000 0.135000 0.053333
41 0.138437 0.428333 0.038125 0.050000
45 0.078437 0.494583 0.075625 0.050833
37 0.612500 0.502500 0.037500 0.051667
16 0.273125 0.565417 0.038750 0.050833
39 0.704688 0.436250 0.038125 0.050833
12 0.665937 0.503750 0.038125 0.052500
6 0.369375 0.363333 0.038750 0.051667
56 0.189688 0.429167 0.036875 0.048333
9 0.523125 0.365000 0.037500 0.051667
23 0.302500 0.498333 0.037500 0.051667
26 0.718750 0.505000 0.038750 0.053333
59 0.394062 0.432083 0.036875 0.049167
2 0.166250 0.364583 0.037500 0.050833
8 0.471875 0.366250 0.037500 0.050833
33 0.481250 0.569583 0.037500 0.052500
22 0.771563 0.471250 0.066875 0.124167
11 0.677813 0.366250 0.038125 0.050833
55 0.325000 0.566667 0.037500 0.051667
10 0.147500 0.495417 0.037500 0.050833
17 0.065000 0.359167 0.035000 0.050000
50 0.784062 0.648333 0.056875 0.056667
54 0.652188 0.435000 0.036875 0.051667
14 0.580000 0.642083 0.055000 0.055833
49 0.054062 0.632083 0.054375 0.052500
20 0.757500 0.366667 0.091250 0.050000
34 0.639062 0.572917 0.038125 0.052500
30 0.508750 0.477917 0.982500 0.505833
40 0.586562 0.570833 0.036875 0.051667
19 0.250000 0.497500 0.037500 0.051667
38 0.599375 0.434583 0.037500 0.049167
44 0.059687 0.562500 0.053125 0.051667
27 0.496563 0.433750 0.036875 0.049167
13 0.183438 0.634167 0.054375 0.055000
36 0.548438 0.434583 0.036875 0.049167
28 0.456875 0.500833 0.037500 0.051667
0 0.574063 0.366667 0.038125 0.051667
57 0.220312 0.564583 0.039375 0.052500
24 0.353750 0.498750 0.037500 0.050833
31 0.560625 0.502500 0.037500 0.050000
18 0.533125 0.570000 0.037500 0.053333
32 0.115625 0.562083 0.040000 0.052500
