52 0.045543 0.425388 0.084625 0.061370
9 0.628876 0.356912 0.053618 0.062661
30 0.500646 0.496447 1.000000 0.371447
0 0.695413 0.356912 0.054910 0.063953
31 0.678618 0.493863 0.049742 0.061370
28 0.546189 0.491279 0.049742 0.061370
4 0.298450 0.359496 0.055556 0.063953
27 0.596253 0.427003 0.052972 0.063307
21 0.264212 0.424096 0.051680 0.060078
47 0.456072 0.631460 0.406977 0.063953
26 0.878553 0.494509 0.050388 0.061370
15 0.429910 0.560724 0.049742 0.062016
49 0.036822 0.632106 0.069767 0.061370
6 0.430556 0.356266 0.054910 0.062661
41 0.129522 0.424742 0.053618 0.061370
45 0.055556 0.493863 0.104651 0.062661
33 0.562661 0.560078 0.051680 0.062016
20 0.927649 0.357235 0.120155 0.060724
38 0.729328 0.423773 0.052972 0.063307
13 0.204780 0.630814 0.072351 0.062661
57 0.231266 0.561047 0.051680 0.062661
59 0.463178 0.423127 0.050388 0.060724
35 0.497416 0.560401 0.052972 0.062661
18 0.627907 0.560401 0.050388 0.062661
24 0.414406 0.491925 0.051034 0.062661
58 0.163760 0.561047 0.051034 0.062661
44 0.028424 0.562661 0.054264 0.062016
36 0.662791 0.427649 0.052972 0.063307
53 0.531008 0.427649 0.052972 0.063307
46 0.828811 0.562984 0.050388 0.061370
12 0.813307 0.494509 0.050388 0.061370
14 0.695736 0.630814 0.050388 0.061370
5 0.363695 0.356912 0.055556 0.063953
37 0.745478 0.494509 0.052972 0.061370
7 0.496770 0.356912 0.051680 0.061370
25 0.480297 0.492894 0.051034 0.062016
29 0.613372 0.493863 0.049742 0.061370
22 0.944121 0.460594 0.085917 0.127907
43 0.214470 0.492248 0.051680 0.062016
8 0.563307 0.356912 0.054264 0.063953
1 0.096253 0.357558 0.054264 0.062661
56 0.197997 0.424096 0.052326 0.061370
23 0.347868 0.491602 0.049742 0.060724
39 0.861111 0.426357 0.052972 0.063307
11 0.827842 0.356912 0.053618 0.063953
48 0.760982 0.356912 0.052972 0.062661
55 0.363695 0.560078 0.052972 0.062016
10 0.148579 0.496124 0.051680 0.062016
34 0.761628 0.562339 0.050388 0.061370
3 0.230620 0.356912 0.056848 0.065245
2 0.164083 0.356912 0.056848 0.063953
32 0.096576 0.561693 0.052326 0.062661
51 0.396641 0.423773 0.049096 0.059432
54 0.795866 0.426357 0.052972 0.063307
19 0.281654 0.491602 0.050388 0.062016
40 0.695090 0.559755 0.050388 0.061370
16 0.297804 0.561047 0.050388 0.061370
42 0.331072 0.423773 0.051034 0.059432
17 0.027455 0.357881 0.053618 0.062016
