23 0.185625 0.517403 0.021250 0.057564
3 0.132188 0.388220 0.021875 0.056225
28 0.284062 0.513387 0.025625 0.054886
57 0.136250 0.588353 0.022500 0.057564
52 0.042188 0.455823 0.039375 0.057564
39 0.434688 0.439759 0.026875 0.060241
12 0.412187 0.506693 0.028125 0.060241
18 0.332500 0.578983 0.028750 0.060241
10 0.089063 0.523427 0.023125 0.056225
34 0.396562 0.574967 0.028125 0.057564
56 0.113750 0.453146 0.023750 0.054886
16 0.168750 0.585007 0.023750 0.056225
13 0.122188 0.658635 0.036875 0.061580
22 0.473750 0.469880 0.041250 0.128514
1 0.065937 0.387550 0.020625 0.054886
41 0.081562 0.456493 0.023125 0.053548
33 0.300000 0.580991 0.030000 0.064257
36 0.340625 0.442436 0.027500 0.057564
46 0.455000 0.571620 0.081250 0.058902
11 0.418750 0.371486 0.026250 0.060241
40 0.365000 0.576975 0.028750 0.058902
48 0.387188 0.373494 0.028125 0.058902
45 0.045625 0.530120 0.046250 0.056225
31 0.347500 0.510040 0.026250 0.058902
7 0.258125 0.378179 0.027500 0.060241
44 0.037187 0.597055 0.034375 0.053548
50 0.475625 0.640562 0.046250 0.065596
19 0.154688 0.518072 0.023125 0.058902
59 0.244375 0.446452 0.025000 0.054886
53 0.276250 0.444444 0.025000 0.056225
24 0.219062 0.515395 0.023125 0.058902
26 0.443750 0.505355 0.028750 0.060241
4 0.162188 0.382865 0.021875 0.056225
42 0.178125 0.451807 0.025000 0.057564
20 0.465625 0.370147 0.057500 0.057564
30 0.381250 0.516064 0.755000 0.657296
35 0.267188 0.582329 0.028125 0.061580
2 0.099375 0.388220 0.023750 0.056225
0 0.354375 0.374163 0.025000 0.060241
43 0.121250 0.520080 0.023750 0.054886
8 0.292187 0.378849 0.030625 0.064257
55 0.202500 0.585007 0.028750 0.058902
17 0.035312 0.387550 0.020625 0.046854
21 0.145937 0.452477 0.023125 0.056225
32 0.070938 0.591700 0.025625 0.053548
58 0.104688 0.591031 0.028125 0.060241
49 0.037812 0.668005 0.040625 0.056225
38 0.372188 0.441767 0.028125 0.056225
54 0.404062 0.440428 0.026875 0.056225
5 0.194375 0.380187 0.022500 0.056225
29 0.316875 0.512718 0.028750 0.058902
6 0.225625 0.378179 0.023750 0.057564
9 0.321875 0.375502 0.025000 0.057564
37 0.380312 0.508701 0.026875 0.058902
15 0.235625 0.583668 0.030000 0.058902
51 0.212188 0.449130 0.023125 0.057564
27 0.307500 0.443106 0.023750 0.056225
25 0.251250 0.514056 0.025000 0.058902
14 0.352187 0.646586 0.039375 0.064257
47 0.235937 0.652610 0.180625 0.062918
