23 0.272164 0.535652 0.038462 0.062609
31 0.543677 0.533478 0.039113 0.060000
5 0.282269 0.392609 0.041721 0.058261
39 0.694915 0.460435 0.039113 0.060000
27 0.476532 0.462174 0.040417 0.058261
2 0.114407 0.392609 0.041069 0.060000
11 0.670469 0.387826 0.039765 0.059130
20 0.753911 0.387391 0.095828 0.060000
22 0.764668 0.500000 0.069100 0.133913
40 0.572034 0.605217 0.039765 0.060870
37 0.598761 0.533913 0.038462 0.059130
42 0.256193 0.463043 0.040417 0.058261
47 0.362125 0.680435 0.330508 0.063478
34 0.625815 0.604783 0.039113 0.058261
13 0.158083 0.682609 0.051499 0.057391
17 0.011082 0.391739 0.020860 0.058261
19 0.215776 0.535217 0.037810 0.061739
50 0.769883 0.676957 0.054759 0.058261
30 0.495111 0.490435 0.988918 0.514783
46 0.727510 0.605217 0.140808 0.064348
33 0.464472 0.605652 0.044980 0.063478
51 0.312581 0.462609 0.039765 0.059130
48 0.613755 0.389130 0.039765 0.061739
15 0.355280 0.605652 0.041721 0.061739
21 0.201760 0.464783 0.039765 0.060000
55 0.300196 0.606087 0.041069 0.062609
29 0.492503 0.538261 0.041069 0.060870
3 0.168840 0.392609 0.040417 0.056522
25 0.384289 0.539565 0.042373 0.061739
58 0.135267 0.608261 0.039765 0.060000
7 0.394068 0.392174 0.041069 0.057391
0 0.559322 0.391304 0.041721 0.060870
26 0.707627 0.533478 0.038462 0.060000
36 0.530965 0.462609 0.042373 0.059130
14 0.564863 0.677391 0.058018 0.064348
57 0.190678 0.607826 0.041069 0.062609
56 0.145372 0.463478 0.039113 0.060870
28 0.436115 0.533478 0.039113 0.060000
12 0.653520 0.532609 0.039765 0.060000
44 0.023794 0.610435 0.046284 0.059130
53 0.422751 0.465217 0.041069 0.055652
35 0.410365 0.605652 0.046284 0.063478
43 0.162321 0.535652 0.037810 0.060870
41 0.090939 0.464783 0.041069 0.060000
6 0.338983 0.392174 0.041721 0.059130
24 0.326271 0.534348 0.039765 0.060000
32 0.079857 0.608261 0.041069 0.063478
16 0.245763 0.606957 0.040417 0.062609
38 0.585072 0.461304 0.038462 0.058261
1 0.058018 0.391304 0.041721 0.057391
45 0.036180 0.540000 0.071056 0.059130
59 0.366688 0.462609 0.039765 0.059130
9 0.502608 0.390435 0.040417 0.060870
4 0.225880 0.392609 0.041069 0.054783
10 0.105280 0.536522 0.038462 0.060870
52 0.027379 0.465217 0.053455 0.060870
18 0.517601 0.605217 0.041721 0.062609
8 0.448827 0.391304 0.041069 0.060870
49 0.024446 0.682609 0.047588 0.060870
54 0.640156 0.462174 0.039113 0.060000
