1 0.009505 0.424435 0.017857 0.108757
45 0.018433 0.673023 0.035714 0.103107
6 0.226959 0.423729 0.036866 0.107345
18 0.393721 0.800141 0.036290 0.105932
46 0.592454 0.800141 0.126152 0.103107
27 0.354839 0.547316 0.035714 0.100282
33 0.342454 0.800847 0.037442 0.107345
57 0.085253 0.798023 0.035714 0.104520
21 0.097926 0.546610 0.035714 0.101695
37 0.470622 0.673729 0.035714 0.107345
50 0.631336 0.927260 0.052995 0.108757
55 0.188364 0.798729 0.036866 0.103107
7 0.277650 0.425141 0.035714 0.110169
13 0.052419 0.925141 0.051843 0.104520
3 0.071429 0.423729 0.036866 0.107345
38 0.457373 0.543785 0.036866 0.096045
42 0.149770 0.546610 0.036866 0.104520
47 0.246544 0.929379 0.311060 0.112994
28 0.316820 0.671610 0.034562 0.103107
22 0.624136 0.612994 0.065092 0.237288
41 0.010081 0.548729 0.019009 0.105932
15 0.239055 0.798729 0.036866 0.105932
29 0.368088 0.674435 0.035714 0.105932
11 0.534562 0.424435 0.035714 0.108757
36 0.406394 0.548023 0.037442 0.104520
39 0.559908 0.547316 0.035714 0.105932
44 0.012385 0.797316 0.023618 0.100282
53 0.303571 0.548729 0.036866 0.103107
9 0.380184 0.423729 0.035714 0.107345
4 0.123848 0.423729 0.036866 0.107345
26 0.572293 0.675847 0.036290 0.108757
24 0.213710 0.674435 0.034562 0.100282
59 0.252592 0.546610 0.035138 0.104520
51 0.201037 0.546610 0.035714 0.101695
56 0.047523 0.550141 0.036290 0.103107
5 0.175403 0.424435 0.037442 0.108757
48 0.483583 0.422316 0.036290 0.104520
31 0.419067 0.672316 0.035138 0.104520
2 0.020449 0.425847 0.037442 0.108757
35 0.291475 0.800141 0.036866 0.105932
30 0.500576 0.587571 1.000000 0.827684
17 0.009505 0.423729 0.017857 0.107345
19 0.111175 0.674435 0.035714 0.103107
43 0.059908 0.674435 0.035714 0.103107
49 0.013249 0.924435 0.025346 0.105932
16 0.136521 0.798729 0.036866 0.103107
58 0.033986 0.799435 0.035714 0.104520
20 0.611751 0.424435 0.086406 0.103107
0 0.431452 0.423729 0.038018 0.107345
23 0.162442 0.672316 0.035714 0.101695
54 0.508929 0.549435 0.036290 0.107345
14 0.438364 0.927260 0.052995 0.108757
34 0.496544 0.798023 0.036866 0.101695
40 0.445565 0.797316 0.036290 0.103107
52 0.015841 0.546610 0.030530 0.101695
8 0.329493 0.425141 0.036866 0.110169
10 0.012961 0.673023 0.024770 0.105932
12 0.522465 0.674435 0.034562 0.105932
32 0.009505 0.797316 0.017857 0.105932
25 0.265265 0.674435 0.035138 0.103107
