5 0.271592 0.362410 0.031714 0.044964
21 0.210864 0.418615 0.030364 0.044065
57 0.201754 0.528327 0.031039 0.044065
42 0.252024 0.417266 0.031714 0.043165
36 0.459852 0.412770 0.031714 0.043165
19 0.221660 0.473022 0.030364 0.043165
14 0.488192 0.575989 0.045209 0.045863
30 0.485830 0.450989 0.970310 0.472122
43 0.179825 0.474371 0.030364 0.044065
53 0.377530 0.414568 0.030364 0.043165
15 0.327260 0.524730 0.031039 0.044065
50 0.641700 0.572392 0.043185 0.045863
6 0.313090 0.360612 0.031039 0.043165
26 0.593117 0.465827 0.031039 0.041367
49 0.072537 0.591277 0.042510 0.045863
52 0.073887 0.421763 0.053306 0.044964
2 0.145749 0.365108 0.031039 0.043165
34 0.533401 0.519335 0.030364 0.042266
51 0.293522 0.416367 0.031039 0.043165
9 0.438259 0.359263 0.033063 0.042266
3 0.187584 0.364658 0.031039 0.042266
39 0.582321 0.409173 0.031039 0.043165
45 0.081309 0.477068 0.062753 0.045863
0 0.479757 0.358813 0.033738 0.043165
38 0.500675 0.413219 0.031039 0.042266
7 0.354926 0.361061 0.031039 0.042266
55 0.285088 0.525629 0.031714 0.044065
44 0.070513 0.532374 0.043860 0.044964
23 0.263158 0.472122 0.031039 0.044964
25 0.347166 0.470773 0.031714 0.044065
37 0.512146 0.465827 0.029690 0.043165
24 0.305668 0.470773 0.031039 0.044065
31 0.470310 0.467176 0.031039 0.044065
35 0.368758 0.523831 0.031714 0.044065
20 0.622807 0.354317 0.071525 0.043165
56 0.169028 0.419514 0.030364 0.042266
33 0.409919 0.522932 0.031714 0.045863
41 0.127193 0.421313 0.031714 0.044065
59 0.335695 0.415917 0.030364 0.044065
40 0.492915 0.520683 0.030364 0.043165
18 0.451417 0.522032 0.031039 0.044065
29 0.429825 0.467626 0.033738 0.044964
13 0.175776 0.584982 0.042510 0.045863
48 0.520243 0.357914 0.032389 0.043165
8 0.396761 0.360612 0.032389 0.043165
12 0.552969 0.464478 0.030364 0.044065
49 0.070850 0.010342 0.043185 0.018885
10 0.138327 0.475270 0.031039 0.044065
13 0.166329 0.008543 0.042510 0.015288
32 0.118421 0.530576 0.031714 0.044964
4 0.229082 0.361960 0.030364 0.042266
28 0.388664 0.468525 0.031039 0.043165
54 0.541835 0.410971 0.029690 0.043165
58 0.159582 0.529227 0.030364 0.044065
11 0.561741 0.355665 0.030364 0.042266
1 0.104251 0.366007 0.030364 0.043165
22 0.633941 0.438849 0.051957 0.100719
47 0.332321 0.583183 0.253036 0.051259
27 0.419366 0.413219 0.030364 0.042266
16 0.243252 0.526529 0.030364 0.044065
17 0.061404 0.366906 0.031039 0.043165
46 0.609649 0.517986 0.103239 0.044964
