52 0.032869 0.447211 0.064409 0.063081
9 0.621182 0.376826 0.055113 0.064409
30 0.500664 0.520252 1.000000 0.381806
0 0.689575 0.376826 0.056441 0.065737
31 0.672311 0.517596 0.051129 0.063081
28 0.536189 0.514940 0.051129 0.063081
4 0.281541 0.379482 0.057105 0.065737
27 0.587649 0.448871 0.054449 0.065073
21 0.246348 0.445883 0.053121 0.061753
47 0.443559 0.659031 0.418327 0.065737
26 0.877822 0.518260 0.051793 0.063081
15 0.416667 0.586321 0.051129 0.063745
49 0.024568 0.659695 0.047809 0.063081
6 0.417331 0.376162 0.056441 0.064409
41 0.107902 0.446547 0.055113 0.063081
45 0.043161 0.517596 0.084993 0.064409
33 0.553121 0.585657 0.053121 0.063745
20 0.928287 0.377158 0.123506 0.062417
38 0.724436 0.445551 0.054449 0.065073
13 0.185259 0.658367 0.074369 0.064409
57 0.212483 0.586653 0.053121 0.064409
59 0.450863 0.444887 0.051793 0.062417
35 0.486056 0.585989 0.054449 0.064409
18 0.620186 0.585989 0.051793 0.064409
24 0.400730 0.515604 0.052457 0.064409
58 0.143094 0.586653 0.052457 0.064409
44 0.016268 0.588313 0.031208 0.063745
36 0.656042 0.449535 0.054449 0.065073
53 0.520584 0.449535 0.054449 0.065073
46 0.826693 0.588645 0.051793 0.063081
12 0.810757 0.518260 0.051793 0.063081
14 0.689907 0.658367 0.051793 0.063081
5 0.348606 0.376826 0.057105 0.065737
37 0.741036 0.518260 0.054449 0.063081
7 0.485392 0.376826 0.053121 0.063081
25 0.468459 0.516600 0.052457 0.063745
29 0.605246 0.517596 0.051129 0.063081
22 0.945219 0.483400 0.088313 0.131474
43 0.195219 0.515936 0.053121 0.063745
8 0.553785 0.376826 0.055777 0.065737
1 0.073705 0.377490 0.055777 0.064409
56 0.178287 0.445883 0.053785 0.063081
23 0.332337 0.515272 0.051129 0.062417
39 0.859894 0.448207 0.054449 0.065073
11 0.825697 0.376826 0.055113 0.065737
48 0.756972 0.376826 0.054449 0.064409
55 0.348606 0.585657 0.054449 0.063745
10 0.127490 0.519920 0.053121 0.063745
34 0.757636 0.587981 0.051793 0.063081
3 0.211819 0.376826 0.058433 0.067065
2 0.143426 0.376826 0.058433 0.065737
32 0.074037 0.587317 0.053785 0.064409
51 0.382470 0.445551 0.050465 0.061089
54 0.792829 0.448207 0.054449 0.065073
19 0.264276 0.515272 0.051793 0.063745
40 0.689243 0.585325 0.051793 0.063081
16 0.280876 0.586653 0.051793 0.063081
42 0.315073 0.445551 0.052457 0.061089
17 0.015604 0.377822 0.029880 0.063745
