17 0.086900 0.357751 0.024643 0.035775
59 0.332685 0.369676 0.027237 0.037479
9 0.418612 0.310051 0.027886 0.037479
35 0.368353 0.458688 0.031128 0.040034
58 0.178988 0.487649 0.027237 0.038330
53 0.368677 0.364140 0.027886 0.036627
0 0.454604 0.304514 0.028534 0.036627
21 0.221466 0.386286 0.026589 0.038330
40 0.477626 0.442078 0.030480 0.039182
12 0.525616 0.387138 0.027886 0.038330
47 0.338521 0.514055 0.210117 0.070698
37 0.490597 0.393526 0.029183 0.037479
29 0.418288 0.404174 0.028534 0.038330
55 0.292153 0.469761 0.026589 0.038330
25 0.345331 0.415247 0.027886 0.038330
10 0.157912 0.443782 0.025292 0.040886
44 0.097925 0.500426 0.036316 0.040034
3 0.199741 0.341567 0.027237 0.040886
5 0.272374 0.331346 0.027237 0.039182
33 0.404345 0.453152 0.031777 0.039182
42 0.259403 0.380750 0.027237 0.037479
8 0.382296 0.315588 0.026589 0.038330
1 0.124189 0.352641 0.026589 0.037479
11 0.524643 0.293441 0.027237 0.036627
24 0.308042 0.419932 0.027237 0.037479
36 0.441310 0.353492 0.029183 0.035775
2 0.162127 0.346252 0.028534 0.040034
30 0.481518 0.392249 0.948768 0.459114
52 0.099546 0.404174 0.043450 0.040034
39 0.547665 0.338160 0.029183 0.037479
26 0.560960 0.381601 0.028534 0.039182
31 0.453632 0.398637 0.027886 0.039182
56 0.185149 0.392249 0.027886 0.040034
50 0.608301 0.468910 0.051881 0.046848
6 0.309987 0.326235 0.027237 0.039182
18 0.440337 0.447189 0.029831 0.037479
23 0.271725 0.426320 0.027237 0.038330
16 0.255512 0.475724 0.028534 0.038330
34 0.512322 0.436116 0.029831 0.039182
45 0.104734 0.452726 0.052529 0.041738
20 0.577497 0.286627 0.061608 0.040034
32 0.140078 0.493186 0.027237 0.039182
22 0.593709 0.353918 0.051232 0.087734
57 0.216926 0.481687 0.026589 0.038330
51 0.296044 0.374787 0.026589 0.037479
4 0.235733 0.336031 0.026589 0.040034
7 0.345979 0.320273 0.026589 0.039182
19 0.233787 0.431431 0.026589 0.038330
46 0.579442 0.426320 0.091440 0.045145
41 0.146239 0.397359 0.026589 0.038330
13 0.208171 0.534497 0.046693 0.046848
49 0.104410 0.549830 0.049287 0.048552
15 0.330091 0.463799 0.029831 0.038330
48 0.489948 0.298978 0.027886 0.037479
38 0.477302 0.348382 0.028534 0.035775
27 0.405318 0.358603 0.027237 0.035775
28 0.381647 0.409284 0.027886 0.038330
43 0.196498 0.438245 0.027237 0.038330
54 0.512322 0.342845 0.028534 0.036627
14 0.467575 0.491056 0.040208 0.041738
