39 0.572776 0.602102 0.033693 0.084084
54 0.529650 0.601351 0.032345 0.082583
24 0.276280 0.698949 0.030997 0.079580
12 0.541105 0.699700 0.032345 0.081081
58 0.122305 0.797297 0.031671 0.078078
33 0.386792 0.798799 0.033693 0.081081
9 0.417790 0.504505 0.033693 0.081081
41 0.088275 0.600601 0.035040 0.081081
32 0.077493 0.798048 0.036388 0.082583
20 0.617925 0.503003 0.074124 0.081081
15 0.298854 0.796547 0.034367 0.079580
5 0.242925 0.506006 0.034367 0.084084
18 0.430593 0.799550 0.032345 0.082583
23 0.232143 0.698198 0.030323 0.078078
30 0.500674 0.650901 1.000000 0.701201
0 0.462938 0.503754 0.035040 0.082583
38 0.485849 0.601351 0.033693 0.079580
21 0.176887 0.601351 0.033019 0.079580
53 0.354111 0.599850 0.031671 0.079580
22 0.629380 0.650901 0.055256 0.181682
43 0.143868 0.699700 0.033019 0.081081
31 0.452156 0.698198 0.032345 0.078078
50 0.635108 0.897898 0.047844 0.081081
27 0.397911 0.600601 0.031671 0.078078
3 0.153639 0.506757 0.033693 0.085586
49 0.029650 0.897898 0.045822 0.081081
51 0.265162 0.599850 0.031671 0.079580
7 0.330526 0.504505 0.033019 0.081081
29 0.408693 0.698949 0.031671 0.079580
42 0.221361 0.600601 0.033019 0.078078
14 0.469677 0.897898 0.045822 0.081081
10 0.100404 0.700450 0.032345 0.079580
13 0.138814 0.896396 0.044474 0.081081
2 0.109164 0.506757 0.032345 0.082583
59 0.309636 0.599850 0.033019 0.079580
46 0.601752 0.798048 0.109164 0.079580
40 0.474730 0.796547 0.031671 0.076577
6 0.286725 0.503754 0.034367 0.085586
56 0.133086 0.601351 0.033019 0.079580
55 0.255054 0.798048 0.031671 0.079580
26 0.584232 0.698949 0.030997 0.079580
28 0.364892 0.697447 0.030323 0.079580
17 0.020889 0.503003 0.032345 0.081081
52 0.033693 0.601351 0.055256 0.079580
57 0.166779 0.796547 0.031671 0.079580
35 0.343666 0.798048 0.032345 0.079580
16 0.210916 0.796547 0.033693 0.079580
47 0.304919 0.900901 0.266173 0.084084
37 0.496294 0.699700 0.031671 0.081081
8 0.373989 0.505255 0.035040 0.082583
25 0.320755 0.698198 0.030997 0.078078
36 0.442049 0.599850 0.033693 0.079580
48 0.507075 0.504505 0.033019 0.081081
45 0.039084 0.700450 0.066038 0.082583
19 0.188679 0.698949 0.032345 0.079580
44 0.027628 0.799550 0.044474 0.079580
11 0.551213 0.503003 0.032345 0.081081
4 0.198450 0.505255 0.033019 0.082583
34 0.518194 0.796547 0.032345 0.076577
1 0.066375 0.503754 0.033019 0.082583
