24 0.247917 0.603395 0.037500 0.083333
21 0.152083 0.513117 0.040278 0.087963
54 0.509375 0.506944 0.035417 0.081790
36 0.420833 0.506173 0.037500 0.077160
25 0.294444 0.602623 0.036111 0.081790
35 0.316319 0.699846 0.038194 0.084877
28 0.340278 0.600309 0.034722 0.080247
22 0.610069 0.551698 0.061806 0.177469
32 0.034722 0.710648 0.044444 0.097222
50 0.618403 0.797840 0.067361 0.089506
34 0.500000 0.698302 0.036111 0.081790
56 0.106250 0.516204 0.041667 0.091049
44 0.013542 0.706019 0.025694 0.084877
29 0.385764 0.599537 0.035417 0.081790
14 0.460417 0.798611 0.051389 0.087963
33 0.361111 0.700617 0.037500 0.083333
7 0.310417 0.414352 0.034722 0.078704
49 0.017708 0.810957 0.034028 0.100309
16 0.176042 0.705247 0.042361 0.086420
43 0.111111 0.611883 0.043056 0.094136
45 0.020486 0.608025 0.039583 0.092593
42 0.195833 0.511574 0.038889 0.084877
20 0.595486 0.411265 0.077083 0.078704
41 0.060417 0.515432 0.044444 0.092593
6 0.267014 0.415123 0.038194 0.083333
3 0.134028 0.420525 0.041667 0.094136
1 0.043750 0.422840 0.041667 0.089506
19 0.157986 0.608796 0.040972 0.087963
40 0.453819 0.696759 0.035417 0.078704
48 0.486111 0.412809 0.034722 0.081790
10 0.065972 0.611111 0.041667 0.092593
51 0.240972 0.509259 0.037500 0.083333
12 0.521875 0.598765 0.036806 0.080247
55 0.222569 0.702160 0.038194 0.083333
13 0.092014 0.810957 0.059028 0.100309
26 0.566319 0.597222 0.035417 0.080247
58 0.081944 0.710648 0.044444 0.094136
8 0.354167 0.414352 0.036111 0.084877
0 0.442708 0.412037 0.035417 0.083333
39 0.553472 0.504630 0.034722 0.077160
59 0.285764 0.506944 0.036806 0.078704
23 0.203472 0.607253 0.038889 0.087963
30 0.500694 0.580247 1.000000 0.657407
53 0.331250 0.507716 0.036111 0.080247
17 0.009028 0.417438 0.016667 0.081790
38 0.464931 0.505401 0.035417 0.078704
57 0.128472 0.709105 0.044444 0.094136
11 0.529514 0.408951 0.032639 0.077160
31 0.430556 0.599537 0.034722 0.081790
47 0.275694 0.807870 0.308333 0.094136
4 0.177778 0.419753 0.038889 0.092593
5 0.221528 0.419753 0.038889 0.092593
15 0.269444 0.700617 0.040278 0.083333
2 0.088194 0.421296 0.038889 0.092593
46 0.585764 0.694444 0.115972 0.080247
9 0.398611 0.412037 0.034722 0.080247
27 0.376042 0.505401 0.034028 0.075617
52 0.019097 0.511574 0.036806 0.084877
37 0.476736 0.600309 0.038194 0.083333
18 0.407639 0.697531 0.034722 0.080247
