9 0.476875 0.292121 0.028750 0.055758
7 0.399687 0.289697 0.029375 0.058182
5 0.320937 0.286061 0.030625 0.060606
46 0.633750 0.515758 0.095000 0.056970
16 0.289375 0.507273 0.028750 0.056970
25 0.388437 0.436364 0.028125 0.058182
58 0.208437 0.506061 0.029375 0.056970
56 0.222500 0.357576 0.027500 0.058182
2 0.201875 0.279394 0.030000 0.059394
21 0.262188 0.359394 0.030625 0.056970
18 0.485000 0.512121 0.028750 0.056970
51 0.340625 0.360606 0.028750 0.056970
45 0.135000 0.428485 0.061250 0.061818
33 0.445937 0.512727 0.029375 0.058182
13 0.222500 0.581818 0.042500 0.063030
37 0.543125 0.441212 0.028750 0.060606
48 0.554688 0.293939 0.028125 0.056970
12 0.581250 0.442424 0.028750 0.060606
11 0.591562 0.295152 0.028125 0.056970
55 0.328125 0.509697 0.028750 0.059394
29 0.466250 0.438788 0.027500 0.060606
40 0.523438 0.513939 0.029375 0.058182
1 0.163125 0.278182 0.028750 0.056970
3 0.242500 0.282424 0.030000 0.060606
15 0.367812 0.508485 0.029375 0.056970
19 0.270937 0.433333 0.028125 0.059394
36 0.495625 0.364242 0.027500 0.054545
28 0.428125 0.437576 0.027500 0.058182
23 0.310000 0.433939 0.028750 0.058182
22 0.657500 0.406667 0.046250 0.139394
50 0.663438 0.591515 0.040625 0.060606
14 0.519062 0.587273 0.040625 0.059394
8 0.438750 0.289697 0.028750 0.058182
10 0.190625 0.429697 0.030000 0.059394
4 0.281875 0.282424 0.027500 0.058182
35 0.408125 0.509091 0.027500 0.058182
39 0.610313 0.368485 0.029375 0.058182
43 0.230625 0.432727 0.028750 0.060606
47 0.372188 0.590303 0.240625 0.070303
41 0.181562 0.356364 0.030625 0.058182
34 0.562187 0.514545 0.030625 0.059394
24 0.349375 0.435758 0.028750 0.056970
0 0.515000 0.293333 0.028750 0.058182
20 0.648438 0.293939 0.065625 0.059394
32 0.168750 0.504848 0.030000 0.059394
44 0.123438 0.504242 0.043125 0.060606
17 0.122500 0.277576 0.027500 0.060606
31 0.504375 0.438182 0.027500 0.059394
59 0.379688 0.363030 0.028125 0.056970
49 0.122500 0.580606 0.045000 0.065455
27 0.457188 0.363030 0.026875 0.054545
54 0.572187 0.367879 0.029375 0.056970
42 0.301250 0.360606 0.028750 0.056970
38 0.534375 0.366667 0.027500 0.054545
57 0.250000 0.506667 0.028750 0.055758
52 0.131875 0.353333 0.050000 0.059394
6 0.361250 0.289091 0.030000 0.056970
26 0.618750 0.441818 0.028750 0.059394
53 0.418750 0.362424 0.027500 0.055758
30 0.507188 0.405455 0.945625 0.500606
