58 0.124688 0.619167 0.035625 0.046667
25 0.333750 0.562500 0.032500 0.045000
7 0.348438 0.446667 0.031875 0.045000
34 0.531875 0.623750 0.032500 0.044167
48 0.522500 0.450833 0.032500 0.043333
44 0.027813 0.617500 0.048125 0.048333
37 0.510625 0.564583 0.032500 0.045833
18 0.443125 0.622500 0.032500 0.045000
54 0.543750 0.508333 0.032500 0.045000
57 0.171250 0.619167 0.035000 0.046667
21 0.192812 0.503333 0.035625 0.050000
42 0.235000 0.506250 0.035000 0.049167
49 0.028750 0.678333 0.056250 0.050000
50 0.645625 0.687500 0.057500 0.050000
39 0.585938 0.508333 0.031875 0.045000
9 0.435625 0.448750 0.032500 0.044167
46 0.615625 0.625833 0.111250 0.045000
19 0.199375 0.565417 0.035000 0.049167
8 0.392500 0.448750 0.032500 0.044167
47 0.315625 0.685000 0.292500 0.053333
20 0.630313 0.452917 0.074375 0.044167
36 0.456250 0.506667 0.032500 0.043333
27 0.412187 0.505000 0.031875 0.043333
2 0.124375 0.442917 0.033750 0.045833
38 0.499688 0.507500 0.031875 0.043333
26 0.597812 0.566667 0.031875 0.045000
35 0.353438 0.621667 0.034375 0.046667
16 0.217188 0.619583 0.034375 0.045833
33 0.398438 0.621667 0.034375 0.046667
56 0.147813 0.502500 0.035625 0.050000
0 0.479375 0.449583 0.033750 0.044167
5 0.259062 0.445000 0.033125 0.045000
52 0.044062 0.498750 0.055625 0.045833
31 0.466250 0.564583 0.032500 0.045833
53 0.368437 0.505000 0.031875 0.045000
55 0.263437 0.620000 0.034375 0.046667
40 0.488438 0.622917 0.031875 0.044167
24 0.288750 0.561667 0.032500 0.046667
30 0.500000 0.543750 0.992500 0.392500
17 0.032813 0.437917 0.030625 0.045833
4 0.214375 0.443333 0.032500 0.045000
32 0.078125 0.617917 0.036250 0.047500
45 0.044375 0.558333 0.070000 0.048333
29 0.422500 0.563333 0.032500 0.045000
22 0.641875 0.539583 0.056250 0.105833
3 0.169375 0.443750 0.033750 0.045833
13 0.137500 0.679167 0.050000 0.050000
1 0.078437 0.440833 0.031875 0.045000
15 0.308125 0.620417 0.033750 0.045833
51 0.279375 0.502500 0.031250 0.043333
6 0.304375 0.445833 0.032500 0.046667
28 0.377812 0.562917 0.033125 0.045833
14 0.492812 0.684167 0.046875 0.048333
59 0.324375 0.503750 0.032500 0.044167
11 0.565625 0.451250 0.031250 0.042500
10 0.107813 0.561250 0.038125 0.050833
12 0.554375 0.565833 0.032500 0.046667
41 0.099687 0.500000 0.034375 0.046667
23 0.245000 0.563750 0.035000 0.049167
43 0.154688 0.562083 0.035625 0.049167
