44 0.110312 0.532917 0.078125 0.050833
5 0.467813 0.387083 0.048125 0.044167
25 0.554688 0.542500 0.051875 0.055000
33 0.656875 0.645833 0.063750 0.070000
47 0.510000 0.713333 0.486250 0.188333
16 0.365938 0.582917 0.060625 0.054167
35 0.264688 0.076667 0.043125 0.056667
55 0.435312 0.597083 0.060625 0.055833
45 0.157188 0.470417 0.100625 0.050833
16 0.135000 0.085000 0.053750 0.056667
3 0.350938 0.372083 0.049375 0.042500
57 0.300000 0.569167 0.060000 0.053333
25 0.234063 0.023750 0.040625 0.045833
19 0.354687 0.508750 0.055625 0.052500
1 0.240937 0.356250 0.046875 0.042500
48 0.868125 0.452500 0.056250 0.060000
2 0.295938 0.367083 0.051875 0.049167
55 0.175937 0.081667 0.041875 0.055000
18 0.739688 0.658750 0.061875 0.062500
8 0.657500 0.417917 0.050000 0.049167
23 0.138437 0.026250 0.045625 0.045833
42 0.422187 0.447500 0.050625 0.046667
13 0.230937 0.637500 0.083125 0.066667
28 0.626875 0.556667 0.052500 0.056667
0 0.798125 0.439167 0.056250 0.060000
12 0.944375 0.612917 0.066250 0.062500
23 0.420000 0.519167 0.053750 0.051667
10 0.233750 0.484583 0.055000 0.049167
36 0.759375 0.504167 0.052500 0.053333
52 0.177813 0.409583 0.080625 0.045833
31 0.779687 0.583333 0.056875 0.058333
51 0.484375 0.459583 0.048750 0.050833
56 0.302187 0.428750 0.050625 0.047500
30 0.499688 0.575000 0.996875 0.648333
21 0.360625 0.439583 0.053750 0.047500
35 0.581875 0.625833 0.057500 0.060000
41 0.245000 0.422500 0.053750 0.046667
40 0.823750 0.678333 0.066250 0.070000
28 0.280000 0.021667 0.037500 0.041667
9 0.725625 0.427500 0.052500 0.050000
58 0.234063 0.558333 0.059375 0.056667
7 0.591875 0.409167 0.048750 0.050000
13 0.079062 0.148750 0.055625 0.050833
47 0.237813 0.141250 0.266875 0.055833
50 0.559063 0.123750 0.048125 0.052500
59 0.549375 0.470417 0.052500 0.052500
59 0.043437 0.090000 0.050625 0.056667
6 0.527813 0.400000 0.051875 0.046667
43 0.293438 0.496250 0.056875 0.050833
32 0.174375 0.546250 0.063750 0.052500
38 0.834688 0.515833 0.058125 0.055000
24 0.187188 0.024583 0.040625 0.045833
29 0.701562 0.568750 0.054375 0.054167
54 0.913750 0.529167 0.058750 0.058333
24 0.485625 0.532917 0.053750 0.054167
34 0.914375 0.691250 0.068750 0.064167
15 0.220000 0.080000 0.045000 0.055000
43 0.045625 0.028333 0.056250 0.055000
14 0.398125 0.127083 0.050000 0.040833
15 0.507500 0.610417 0.057500 0.055833
14 0.822812 0.772083 0.091875 0.079167
33 0.310000 0.074167 0.042500 0.055000
4 0.407500 0.381667 0.048750 0.045000
11 0.941875 0.460000 0.056250 0.060000
27 0.686875 0.492083 0.051250 0.052500
49 0.075000 0.602917 0.087500 0.054167
37 0.860313 0.598750 0.061875 0.060833
17 0.189062 0.349167 0.048125 0.045000
19 0.092188 0.026250 0.051875 0.050833
46 0.528438 0.064583 0.114375 0.057500
53 0.617188 0.480417 0.049375 0.050833
57 0.087188 0.086667 0.045625 0.055000
39 0.978437 0.541667 0.040625 0.058333
30 0.475625 0.106250 0.943750 0.205833
