5 0.275184 0.360638 0.039312 0.078723
20 0.646806 0.357447 0.077396 0.068085
16 0.242015 0.587234 0.039312 0.068085
23 0.262899 0.511702 0.036855 0.065957
53 0.384521 0.437234 0.039312 0.070213
28 0.394349 0.512766 0.036855 0.068085
56 0.167690 0.438298 0.040541 0.072340
1 0.101351 0.363830 0.040541 0.072340
0 0.492015 0.360638 0.035627 0.065957
8 0.406020 0.358511 0.038084 0.078723
52 0.068182 0.438298 0.065111 0.072340
17 0.055897 0.358511 0.035627 0.070213
49 0.062654 0.668085 0.056511 0.080851
3 0.187346 0.361702 0.038084 0.076596
34 0.546683 0.586170 0.036855 0.065957
33 0.417076 0.589362 0.040541 0.068085
25 0.351351 0.512766 0.039312 0.068085
2 0.144963 0.363830 0.041769 0.076596
27 0.428133 0.434043 0.038084 0.063830
32 0.111794 0.590426 0.041769 0.074468
6 0.318182 0.360638 0.034398 0.065957
14 0.497543 0.665957 0.051597 0.072340
29 0.438575 0.511702 0.039312 0.070213
48 0.535627 0.359574 0.036855 0.072340
42 0.253686 0.436170 0.040541 0.068085
21 0.210688 0.438298 0.040541 0.072340
55 0.286241 0.587234 0.039312 0.068085
47 0.335381 0.664894 0.267813 0.070213
44 0.062654 0.589362 0.054054 0.076596
57 0.199017 0.589362 0.041769 0.072340
13 0.172604 0.663830 0.052826 0.072340
31 0.482187 0.512766 0.038084 0.072340
15 0.329853 0.587234 0.040541 0.068085
58 0.155405 0.589362 0.040541 0.072340
22 0.656020 0.473404 0.058968 0.142553
54 0.558968 0.436170 0.036855 0.068085
36 0.472359 0.435106 0.038084 0.065957
51 0.297297 0.435106 0.036855 0.065957
10 0.133292 0.515957 0.040541 0.074468
37 0.525184 0.513830 0.038084 0.070213
38 0.514742 0.436170 0.039312 0.068085
11 0.582310 0.358511 0.034398 0.070213
50 0.662162 0.665957 0.054054 0.072340
40 0.504300 0.586170 0.035627 0.065957
9 0.449017 0.358511 0.038084 0.074468
46 0.628993 0.586170 0.113022 0.065957
41 0.123464 0.440426 0.040541 0.076596
30 0.501229 0.485106 1.000000 0.531915
59 0.340909 0.436170 0.038084 0.068085
26 0.613022 0.510638 0.034398 0.063830
4 0.231572 0.358511 0.038084 0.078723
43 0.176290 0.514894 0.040541 0.072340
39 0.601966 0.437234 0.036855 0.070213
35 0.373464 0.588298 0.039312 0.065957
19 0.219902 0.513830 0.039312 0.070213
24 0.307740 0.512766 0.038084 0.068085
18 0.460074 0.588298 0.038084 0.065957
12 0.570025 0.511702 0.036855 0.070213
7 0.361794 0.357447 0.035627 0.072340
45 0.066339 0.513830 0.058968 0.074468
