38 0.532168 0.539646 0.034965 0.053172
27 0.440909 0.539179 0.034266 0.052239
32 0.101748 0.662780 0.034266 0.055037
12 0.589510 0.598881 0.033566 0.054104
39 0.623427 0.539179 0.034266 0.054104
13 0.167133 0.723881 0.047552 0.055970
28 0.406643 0.599347 0.032867 0.053172
4 0.228671 0.478078 0.034965 0.055037
5 0.275874 0.478078 0.035664 0.055037
14 0.526573 0.720616 0.047552 0.055037
0 0.509091 0.478078 0.037762 0.055037
51 0.300350 0.538713 0.034266 0.055037
2 0.133566 0.477612 0.034965 0.054104
41 0.112238 0.540112 0.035664 0.054104
20 0.671678 0.477612 0.080420 0.054104
58 0.347902 0.539179 0.034266 0.054104
34 0.566434 0.659981 0.033566 0.051306
43 0.172727 0.601213 0.033566 0.055037
24 0.313287 0.600746 0.033566 0.054104
11 0.601399 0.477146 0.033566 0.053172
50 0.682867 0.721549 0.059441 0.055037
45 0.060140 0.603078 0.069930 0.055037
40 0.521329 0.659515 0.032867 0.052239
7 0.370280 0.477612 0.035664 0.054104
31 0.497552 0.599347 0.032867 0.053172
25 0.359790 0.600746 0.034266 0.054104
10 0.125175 0.601679 0.034965 0.055970
36 0.486364 0.539646 0.035664 0.053172
3 0.180769 0.477146 0.035664 0.055037
9 0.462587 0.477612 0.035664 0.054104
33 0.429371 0.660448 0.034965 0.054104
35 0.383566 0.661381 0.034266 0.054104
18 0.475874 0.660448 0.032867 0.052239
29 0.452797 0.599347 0.034266 0.055037
30 0.500699 0.565765 1.000000 0.463619
26 0.634965 0.598881 0.032168 0.052239
47 0.347902 0.731343 0.293007 0.054104
6 0.323077 0.477612 0.036364 0.055970
16 0.244056 0.661847 0.033566 0.053172
23 0.266084 0.600746 0.032867 0.055970
1 0.084965 0.476679 0.034266 0.054104
48 0.555944 0.478078 0.036364 0.053172
8 0.415734 0.479011 0.037063 0.055037
42 0.254196 0.539646 0.034266 0.055037
59 0.148951 0.663246 0.033566 0.054104
15 0.336713 0.660914 0.034266 0.053172
22 0.681818 0.569030 0.058741 0.117537
46 0.652797 0.659515 0.112587 0.052239
37 0.544056 0.599347 0.033566 0.055037
57 0.197203 0.662313 0.033566 0.054104
52 0.052448 0.540578 0.057343 0.055037
54 0.578322 0.539646 0.033566 0.055037
55 0.290210 0.660914 0.033566 0.053172
44 0.048601 0.665112 0.045455 0.052239
17 0.037762 0.476679 0.032168 0.052239
19 0.219930 0.601213 0.032867 0.055037
21 0.207343 0.539179 0.034266 0.054104
49 0.055245 0.726213 0.058741 0.055037
53 0.394406 0.540112 0.034965 0.054104
56 0.160490 0.540578 0.035664 0.055037
