19 0.203204 0.481353 0.038786 0.029709
43 0.149663 0.481985 0.037943 0.029709
18 0.497470 0.516751 0.042159 0.029709
57 0.170742 0.520228 0.039629 0.029077
34 0.604132 0.516119 0.044688 0.030973
6 0.326307 0.403919 0.038786 0.029077
23 0.257167 0.480088 0.038786 0.029709
25 0.363406 0.479456 0.040472 0.029709
50 0.746206 0.555310 0.074199 0.032238
24 0.309444 0.480088 0.038786 0.029709
26 0.682968 0.477244 0.042159 0.030341
13 0.132799 0.560999 0.056492 0.030973
12 0.630270 0.476928 0.043002 0.029709
21 0.192664 0.443110 0.037943 0.029077
45 0.032040 0.483565 0.062395 0.029077
53 0.404300 0.440898 0.039629 0.028445
2 0.115936 0.406764 0.037943 0.029709
5 0.273187 0.404551 0.038786 0.029077
11 0.639123 0.400126 0.038786 0.029077
39 0.667369 0.438685 0.039629 0.030341
16 0.225548 0.519912 0.041315 0.029709
40 0.550169 0.516435 0.041315 0.029077
47 0.347386 0.561947 0.347386 0.037927
9 0.482293 0.402655 0.040472 0.030341
44 0.015599 0.521492 0.029511 0.027813
8 0.430438 0.403287 0.039629 0.030341
52 0.027403 0.444690 0.053120 0.028445
14 0.558179 0.556574 0.059022 0.032238
54 0.613828 0.439001 0.040472 0.029709
41 0.086425 0.444374 0.039629 0.029077
10 0.096543 0.482933 0.039629 0.030341
37 0.576728 0.477560 0.042159 0.029709
58 0.116358 0.521176 0.038786 0.028445
22 0.735666 0.457649 0.071669 0.069532
42 0.244941 0.442162 0.037943 0.028445
32 0.063238 0.521176 0.042159 0.029709
36 0.508853 0.440265 0.041315 0.028445
56 0.140809 0.443426 0.038786 0.028445
28 0.416526 0.479456 0.038786 0.029709
49 0.019393 0.561947 0.037099 0.030341
20 0.718381 0.399810 0.091062 0.029709
59 0.351180 0.441530 0.037943 0.028445
3 0.168212 0.406131 0.037943 0.029709
46 0.707420 0.515803 0.138280 0.030341
15 0.334739 0.518647 0.040472 0.029709
30 0.490304 0.471239 0.978921 0.336915
17 0.016442 0.407080 0.031197 0.029077
29 0.470489 0.478824 0.040472 0.029709
33 0.443508 0.517699 0.045531 0.031606
51 0.298061 0.441846 0.037943 0.027813
1 0.063659 0.407080 0.037943 0.029077
0 0.534992 0.402655 0.043002 0.030341
31 0.522344 0.478824 0.041315 0.029709
7 0.378162 0.404235 0.039629 0.029709
48 0.586847 0.401707 0.042159 0.029709
38 0.561130 0.439317 0.039629 0.027813
4 0.221332 0.404867 0.037943 0.029709
35 0.388702 0.517699 0.042159 0.030341
27 0.456577 0.440898 0.039629 0.028445
55 0.280354 0.518963 0.039629 0.029077
