41 0.163667 0.476423 0.026000 0.040036
53 0.379000 0.469751 0.027333 0.040925
52 0.116667 0.473754 0.044000 0.040036
7 0.359667 0.423488 0.027333 0.042705
35 0.370667 0.564947 0.028000 0.040925
57 0.227000 0.568060 0.026000 0.041815
28 0.388333 0.517349 0.026000 0.041815
5 0.287000 0.423488 0.026000 0.040925
55 0.298667 0.566726 0.026667 0.042705
49 0.115667 0.618327 0.036667 0.040925
22 0.602000 0.489324 0.049333 0.092527
10 0.172667 0.521352 0.024000 0.040925
23 0.280000 0.519573 0.025333 0.040925
8 0.395333 0.422598 0.028000 0.042705
32 0.155333 0.569395 0.025333 0.040925
50 0.608000 0.608541 0.042667 0.044484
15 0.335000 0.566281 0.027333 0.041815
39 0.557333 0.467082 0.029333 0.042705
14 0.474000 0.610320 0.040000 0.042705
48 0.503667 0.420374 0.028667 0.041815
56 0.198333 0.472865 0.026000 0.040036
34 0.513333 0.561833 0.029333 0.041815
38 0.485667 0.468416 0.028667 0.041815
20 0.593333 0.419039 0.066667 0.042705
45 0.118333 0.521797 0.044667 0.041815
29 0.423667 0.516904 0.028667 0.042705
31 0.459333 0.516014 0.028000 0.042705
30 0.478667 0.500000 0.893333 0.329181
59 0.342667 0.470196 0.026667 0.040036
27 0.414333 0.469306 0.026000 0.040036
46 0.580667 0.561388 0.092000 0.044484
36 0.450000 0.468861 0.029333 0.040925
12 0.530667 0.515125 0.029333 0.042705
9 0.431333 0.421708 0.029333 0.040925
13 0.205667 0.616103 0.035333 0.040036
16 0.263000 0.567171 0.026000 0.041815
51 0.306667 0.470641 0.026667 0.039146
54 0.521667 0.467972 0.030000 0.042705
11 0.539333 0.419039 0.029333 0.040925
47 0.340333 0.614769 0.220667 0.046263
3 0.214333 0.424822 0.026000 0.040036
24 0.316000 0.518683 0.026667 0.040925
17 0.104667 0.426157 0.025333 0.039146
58 0.191000 0.568950 0.024667 0.040036
25 0.352667 0.518238 0.026667 0.041815
42 0.270000 0.471530 0.026667 0.040925
0 0.468000 0.420819 0.029333 0.042705
18 0.442667 0.563612 0.028000 0.041815
44 0.114000 0.569840 0.036000 0.041815
2 0.177667 0.425267 0.026000 0.039146
40 0.477667 0.562722 0.027333 0.041815
21 0.234333 0.471530 0.026000 0.039146
33 0.407000 0.564502 0.028667 0.041815
37 0.495000 0.516014 0.028667 0.042705
19 0.244667 0.520018 0.025333 0.041815
6 0.323667 0.423043 0.027333 0.041815
1 0.141333 0.425712 0.026667 0.038256
4 0.250667 0.423488 0.025333 0.040925
43 0.208333 0.520463 0.026000 0.040925
26 0.566000 0.513345 0.030667 0.042705
