30 0.495552 0.598532 0.989324 0.387841
29 0.381228 0.629979 0.031139 0.039832
0 0.430605 0.525157 0.033808 0.039832
42 0.195730 0.589623 0.032028 0.040881
23 0.209075 0.639413 0.030249 0.039832
24 0.251779 0.636792 0.032028 0.038784
11 0.516459 0.520440 0.032918 0.038784
5 0.213968 0.538260 0.032918 0.040881
17 0.008007 0.547694 0.014235 0.038784
55 0.232206 0.688155 0.032028 0.038784
48 0.473754 0.523061 0.032918 0.039832
44 0.016014 0.700734 0.030249 0.040881
45 0.026246 0.649371 0.050712 0.042977
25 0.295374 0.634696 0.032028 0.040881
19 0.166815 0.643606 0.032918 0.041929
40 0.447064 0.676101 0.031139 0.037736
27 0.367883 0.579665 0.031139 0.037736
6 0.258452 0.535115 0.032918 0.040881
59 0.282473 0.584382 0.031139 0.038784
1 0.040925 0.546646 0.030249 0.038784
38 0.453737 0.575472 0.032028 0.039832
32 0.058274 0.698113 0.031139 0.039832
28 0.338523 0.632075 0.031139 0.039832
51 0.238879 0.586478 0.031139 0.038784
31 0.423043 0.627358 0.031139 0.038784
15 0.275356 0.685010 0.032918 0.038784
12 0.509786 0.622117 0.032028 0.040881
21 0.152580 0.591719 0.032918 0.040881
18 0.404359 0.678721 0.031139 0.038784
3 0.126779 0.541929 0.032918 0.039832
7 0.301601 0.532495 0.032028 0.039832
9 0.387011 0.528302 0.032028 0.039832
41 0.065391 0.596436 0.032918 0.039832
13 0.118772 0.745283 0.043594 0.039832
53 0.325623 0.582809 0.032028 0.039832
58 0.100979 0.695493 0.031139 0.038784
22 0.594751 0.592767 0.056050 0.093291
56 0.110765 0.594340 0.034698 0.041929
26 0.552046 0.619497 0.031139 0.039832
46 0.570730 0.669811 0.107651 0.039832
33 0.361655 0.681342 0.032918 0.039832
20 0.581851 0.517296 0.076512 0.040881
39 0.540036 0.570231 0.032028 0.039832
34 0.489769 0.674004 0.031139 0.037736
36 0.411477 0.577568 0.032918 0.039832
47 0.287367 0.739518 0.272242 0.053459
4 0.171263 0.539832 0.032918 0.039832
16 0.188612 0.690252 0.032028 0.038784
37 0.467082 0.625262 0.032028 0.040881
14 0.454626 0.726415 0.044484 0.039832
8 0.343861 0.531447 0.032918 0.041929
49 0.022687 0.750000 0.043594 0.042977
52 0.019128 0.598532 0.036477 0.039832
50 0.601423 0.719602 0.056940 0.040881
43 0.123665 0.644654 0.033808 0.041929
57 0.145018 0.692872 0.032028 0.039832
35 0.318505 0.683438 0.032028 0.039832
2 0.083630 0.544025 0.032028 0.039832
54 0.497331 0.573375 0.032028 0.039832
10 0.079626 0.648323 0.034698 0.042977
