3 0.232796 0.456606 0.043924 0.076425
47 0.383236 0.790803 0.262811 0.086788
34 0.608712 0.692358 0.037335 0.076425
53 0.435944 0.529793 0.037335 0.075130
7 0.413616 0.446891 0.038067 0.072539
26 0.676428 0.602332 0.036603 0.075130
44 0.092606 0.715674 0.053441 0.081606
23 0.308931 0.619819 0.038067 0.076425
31 0.538799 0.608161 0.036603 0.076425
32 0.146779 0.712435 0.041728 0.082902
33 0.471083 0.698834 0.040264 0.079016
41 0.160688 0.542098 0.041728 0.076425
18 0.517570 0.696891 0.038067 0.077720
24 0.355417 0.617228 0.038799 0.076425
2 0.184480 0.457254 0.038067 0.075130
9 0.502928 0.442358 0.039531 0.073834
10 0.170205 0.627591 0.037335 0.079016
48 0.594070 0.439119 0.037335 0.072539
29 0.493045 0.610751 0.037335 0.076425
17 0.092606 0.463083 0.037335 0.073834
36 0.526720 0.525907 0.037335 0.072539
25 0.401171 0.615285 0.039531 0.077720
0 0.549414 0.441062 0.040264 0.073834
11 0.638360 0.436528 0.036603 0.069948
19 0.264641 0.622409 0.041728 0.079016
37 0.585652 0.607513 0.038067 0.075130
59 0.390922 0.531736 0.038067 0.073834
21 0.254026 0.538860 0.042460 0.077720
55 0.332357 0.703368 0.039531 0.080311
27 0.481332 0.526554 0.035871 0.071244
39 0.664348 0.520725 0.035871 0.075130
56 0.208638 0.541451 0.043924 0.077720
40 0.563690 0.694301 0.038067 0.077720
52 0.102123 0.546632 0.059297 0.075130
45 0.107247 0.629534 0.079795 0.080311
5 0.321742 0.452720 0.038799 0.076425
42 0.299780 0.536917 0.041728 0.076425
13 0.220351 0.797927 0.055637 0.082902
6 0.368594 0.450777 0.041728 0.077720
49 0.095534 0.803756 0.066618 0.084197
30 0.500732 0.524611 1.000000 0.790155
16 0.286969 0.705959 0.042460 0.080311
20 0.706442 0.435233 0.081991 0.072539
38 0.573206 0.524611 0.036603 0.072539
14 0.547950 0.783679 0.050512 0.077720
46 0.696193 0.689119 0.117130 0.077720
4 0.277452 0.454663 0.039531 0.075130
58 0.192899 0.711140 0.041728 0.080311
50 0.728404 0.775259 0.065886 0.079016
8 0.458272 0.445596 0.039531 0.075130
1 0.140922 0.461140 0.041728 0.077720
35 0.425329 0.700777 0.039531 0.077720
12 0.631772 0.605570 0.036603 0.076425
57 0.239385 0.709197 0.039531 0.079016
51 0.344802 0.533031 0.036603 0.073834
22 0.721449 0.560233 0.062225 0.164508
54 0.618594 0.521373 0.036603 0.073834
28 0.447291 0.612694 0.036603 0.077720
43 0.217423 0.624352 0.040996 0.077720
15 0.378111 0.702720 0.040264 0.079016
