5 0.291946 0.395551 0.035794 0.071567
20 0.630313 0.392650 0.070470 0.061896
16 0.261745 0.601547 0.035794 0.061896
23 0.280761 0.532882 0.033557 0.059961
53 0.391499 0.465184 0.035794 0.063830
28 0.400447 0.533849 0.033557 0.061896
56 0.194072 0.466151 0.036913 0.065764
1 0.133669 0.398453 0.036913 0.065764
0 0.489374 0.395551 0.032438 0.059961
8 0.411074 0.393617 0.034676 0.071567
52 0.103468 0.466151 0.059284 0.065764
17 0.092282 0.393617 0.032438 0.063830
49 0.098434 0.675048 0.051454 0.073501
3 0.211969 0.396518 0.034676 0.069632
34 0.539150 0.600580 0.033557 0.059961
33 0.421141 0.603482 0.036913 0.061896
25 0.361298 0.533849 0.035794 0.061896
2 0.173378 0.398453 0.038031 0.069632
27 0.431208 0.462282 0.034676 0.058027
32 0.143177 0.604449 0.038031 0.067698
6 0.331096 0.395551 0.031320 0.059961
14 0.494407 0.673114 0.046980 0.065764
29 0.440716 0.532882 0.035794 0.063830
48 0.529083 0.394584 0.033557 0.065764
42 0.272371 0.464217 0.036913 0.061896
21 0.233221 0.466151 0.036913 0.065764
55 0.302013 0.601547 0.035794 0.061896
47 0.346756 0.672147 0.243848 0.063830
44 0.098434 0.603482 0.049217 0.069632
57 0.222595 0.603482 0.038031 0.065764
13 0.198546 0.671180 0.048098 0.065764
31 0.480425 0.533849 0.034676 0.065764
15 0.341723 0.601547 0.036913 0.061896
58 0.182886 0.603482 0.036913 0.065764
22 0.638702 0.498066 0.053691 0.129594
54 0.550336 0.464217 0.033557 0.061896
36 0.471477 0.463250 0.034676 0.059961
51 0.312081 0.463250 0.033557 0.059961
10 0.162752 0.536750 0.036913 0.067698
37 0.519575 0.534816 0.034676 0.063830
38 0.510067 0.464217 0.035794 0.061896
11 0.571588 0.393617 0.031320 0.063830
50 0.644295 0.673114 0.049217 0.065764
40 0.500559 0.600580 0.032438 0.059961
9 0.450224 0.393617 0.034676 0.067698
46 0.614094 0.600580 0.102908 0.059961
41 0.153803 0.468085 0.036913 0.069632
30 0.501119 0.508704 0.993289 0.483559
59 0.351790 0.464217 0.034676 0.061896
26 0.599553 0.531915 0.031320 0.058027
4 0.252237 0.393617 0.034676 0.071567
43 0.201902 0.535783 0.036913 0.065764
39 0.589485 0.465184 0.033557 0.063830
35 0.381432 0.602515 0.035794 0.059961
19 0.241611 0.534816 0.035794 0.063830
24 0.321588 0.533849 0.034676 0.061896
18 0.460291 0.602515 0.034676 0.059961
12 0.560403 0.532882 0.033557 0.063830
7 0.370805 0.392650 0.032438 0.065764
45 0.101790 0.534816 0.053691 0.067698
