54 0.556287 0.407303 0.033626 0.067416
35 0.382310 0.564607 0.033626 0.067416
45 0.095760 0.485955 0.054094 0.073034
13 0.203216 0.644663 0.043860 0.070225
17 0.082602 0.328652 0.030702 0.067416
20 0.638889 0.330056 0.073099 0.070225
26 0.606725 0.484551 0.032164 0.070225
11 0.576754 0.327247 0.033626 0.070225
22 0.649123 0.446629 0.052632 0.157303
47 0.347222 0.646067 0.229532 0.073034
0 0.494883 0.328652 0.036550 0.073034
8 0.413743 0.328652 0.035088 0.073034
37 0.525585 0.487360 0.033626 0.070225
42 0.269006 0.407303 0.032164 0.067416
36 0.474415 0.407303 0.033626 0.067416
49 0.095029 0.646067 0.055556 0.073034
52 0.095029 0.407303 0.052632 0.067416
30 0.501462 0.453652 1.000000 0.564607
25 0.361842 0.487360 0.033626 0.070225
2 0.165205 0.328652 0.032164 0.073034
38 0.515351 0.407303 0.033626 0.067416
18 0.463450 0.564607 0.032164 0.067416
23 0.278509 0.485955 0.030702 0.067416
41 0.145468 0.407303 0.033626 0.067416
44 0.089912 0.564607 0.042398 0.067416
3 0.207602 0.328652 0.035088 0.073034
19 0.238304 0.484551 0.032164 0.070225
43 0.197368 0.485955 0.032164 0.067416
55 0.300439 0.563202 0.030702 0.064607
14 0.489766 0.644663 0.043860 0.070225
39 0.597222 0.407303 0.030702 0.067416
53 0.392544 0.407303 0.033626 0.067416
40 0.505117 0.564607 0.030702 0.067416
5 0.289474 0.328652 0.035088 0.073034
6 0.330409 0.328652 0.035088 0.073034
59 0.350877 0.407303 0.032164 0.067416
1 0.125000 0.330056 0.033626 0.070225
57 0.218567 0.563202 0.030702 0.064607
50 0.649123 0.643258 0.055556 0.073034
46 0.623538 0.564607 0.100877 0.067416
7 0.371345 0.327247 0.035088 0.070225
56 0.187135 0.407303 0.032164 0.067416
58 0.176901 0.564607 0.032164 0.067416
28 0.402047 0.487360 0.032164 0.070225
4 0.247807 0.327247 0.033626 0.070225
12 0.567251 0.487360 0.032164 0.070225
33 0.423246 0.566011 0.033626 0.070225
16 0.258772 0.563202 0.032164 0.064607
10 0.155702 0.487360 0.030702 0.070225
31 0.483918 0.487360 0.032164 0.070225
24 0.320175 0.484551 0.032164 0.070225
21 0.228070 0.407303 0.032164 0.067416
32 0.135965 0.566011 0.032164 0.070225
15 0.341374 0.564607 0.033626 0.067416
51 0.309942 0.405899 0.032164 0.064607
48 0.536550 0.327247 0.035088 0.070225
29 0.443713 0.487360 0.033626 0.070225
9 0.453216 0.327247 0.035088 0.070225
34 0.545322 0.564607 0.032164 0.067416
27 0.433480 0.407303 0.030702 0.067416
