6 0.300938 0.403351 0.029375 0.061856
47 0.312188 0.728737 0.266875 0.070876
46 0.589063 0.637242 0.104375 0.060567
53 0.359063 0.481959 0.029375 0.059278
16 0.220312 0.643041 0.031875 0.059278
32 0.098125 0.648196 0.032500 0.061856
37 0.490000 0.556701 0.030000 0.061856
27 0.399687 0.479381 0.029375 0.059278
35 0.344062 0.641108 0.031875 0.060567
13 0.149375 0.728737 0.043750 0.063144
40 0.468750 0.637887 0.030000 0.059278
57 0.180000 0.644330 0.031250 0.059278
36 0.439688 0.479381 0.030625 0.061856
30 0.498437 0.545747 0.973125 0.725515
55 0.262188 0.642397 0.031875 0.057990
11 0.540625 0.396263 0.028750 0.057990
17 0.062500 0.412371 0.028750 0.059278
29 0.407813 0.560567 0.029375 0.059278
10 0.123125 0.566366 0.030000 0.060567
31 0.449375 0.558634 0.028750 0.060567
7 0.340000 0.402062 0.030000 0.061856
45 0.068750 0.570876 0.061250 0.061856
24 0.285000 0.563789 0.030000 0.060567
5 0.260937 0.407216 0.030625 0.061856
18 0.427500 0.639175 0.030000 0.059278
44 0.052812 0.648196 0.041875 0.059278
22 0.613750 0.515464 0.052500 0.141753
41 0.118125 0.488402 0.031250 0.061856
56 0.158438 0.485825 0.029375 0.059278
38 0.480312 0.478093 0.029375 0.059278
4 0.220312 0.408505 0.029375 0.059278
39 0.561875 0.475515 0.030000 0.061856
49 0.051562 0.730026 0.055625 0.063144
21 0.198437 0.485825 0.030625 0.059278
9 0.420625 0.400773 0.030000 0.061856
50 0.617812 0.719072 0.054375 0.064433
51 0.277500 0.485180 0.030000 0.057990
14 0.474062 0.722294 0.043125 0.063144
2 0.141250 0.411727 0.030000 0.060567
48 0.500938 0.397552 0.030625 0.060567
23 0.244688 0.565077 0.029375 0.060567
43 0.163750 0.566366 0.030000 0.060567
59 0.317812 0.482603 0.029375 0.060567
34 0.510312 0.637887 0.030625 0.059278
0 0.460313 0.398840 0.030625 0.063144
8 0.380312 0.403995 0.030625 0.063144
28 0.366875 0.561856 0.030000 0.059278
15 0.303125 0.641753 0.031250 0.059278
1 0.101562 0.410438 0.029375 0.060567
20 0.601562 0.394974 0.069375 0.057990
19 0.204375 0.565722 0.030000 0.061856
42 0.238437 0.484536 0.029375 0.059278
54 0.520938 0.476804 0.028125 0.059278
12 0.531563 0.555412 0.030625 0.061856
25 0.325625 0.563144 0.031250 0.059278
3 0.180625 0.409149 0.030000 0.060567
26 0.572812 0.556701 0.029375 0.061856
33 0.385313 0.641108 0.031875 0.060567
52 0.069062 0.490335 0.050625 0.063144
58 0.138750 0.646263 0.030000 0.057990
