21 0.157895 0.598459 0.034660 0.047945
54 0.535623 0.592038 0.034018 0.047089
52 0.017330 0.601455 0.033376 0.047089
46 0.616175 0.715753 0.119384 0.049658
24 0.262516 0.658818 0.035944 0.048801
16 0.185815 0.726027 0.037869 0.049658
55 0.234275 0.725171 0.037227 0.049658
2 0.090501 0.538527 0.034660 0.046233
42 0.205392 0.598031 0.035944 0.047089
27 0.396341 0.593322 0.034018 0.046233
51 0.253209 0.596318 0.035302 0.045377
9 0.419769 0.532106 0.034660 0.047089
35 0.333119 0.721747 0.037227 0.053082
39 0.581194 0.589897 0.034018 0.047945
45 0.020860 0.664384 0.040436 0.051370
15 0.284018 0.723031 0.037869 0.052226
37 0.501605 0.653253 0.035302 0.051370
17 0.008986 0.541096 0.016688 0.047945
57 0.137035 0.726027 0.036585 0.051370
47 0.294288 0.792380 0.316431 0.060788
5 0.231386 0.536387 0.035302 0.048801
50 0.651476 0.781678 0.062901 0.054795
32 0.039474 0.726884 0.037869 0.051370
30 0.500642 0.635274 1.000000 0.547945
29 0.407253 0.654966 0.034018 0.051370
38 0.489730 0.592466 0.034660 0.046233
14 0.485558 0.784247 0.050706 0.054795
8 0.373235 0.533390 0.035302 0.047945
31 0.454108 0.653682 0.034018 0.050514
48 0.511553 0.531678 0.034660 0.046233
6 0.279846 0.535103 0.035944 0.049658
23 0.213415 0.660531 0.035302 0.048801
20 0.625160 0.528682 0.078306 0.045377
1 0.043646 0.537671 0.033376 0.047945
58 0.087933 0.726884 0.035944 0.049658
59 0.301348 0.596318 0.035302 0.048801
11 0.556483 0.529966 0.033376 0.046233
41 0.064185 0.600599 0.035944 0.048801
7 0.326701 0.534247 0.034660 0.047945
36 0.443196 0.592466 0.034018 0.046233
56 0.111361 0.600171 0.035302 0.046233
26 0.594673 0.651113 0.034018 0.050514
22 0.639602 0.621575 0.062259 0.113014
3 0.137035 0.537243 0.035302 0.048801
0 0.465661 0.531250 0.035302 0.048801
43 0.118421 0.662243 0.036585 0.050514
34 0.525995 0.716182 0.035302 0.050514
4 0.183890 0.535959 0.034018 0.047945
25 0.311617 0.657962 0.035302 0.050514
49 0.008665 0.795805 0.016046 0.053938
12 0.548460 0.651969 0.035302 0.050514
13 0.101091 0.793236 0.053273 0.053938
40 0.479140 0.717038 0.034018 0.050514
53 0.349166 0.594606 0.034660 0.048801
44 0.007702 0.729880 0.014121 0.050514
18 0.430039 0.718322 0.034660 0.051370
19 0.165918 0.661387 0.035302 0.048801
28 0.359435 0.655822 0.034660 0.051370
10 0.070603 0.662243 0.035944 0.050514
33 0.381579 0.720462 0.037869 0.052226
