5 0.288265 0.399336 0.040816 0.081858
20 0.674107 0.396018 0.080357 0.070796
16 0.253827 0.634956 0.040816 0.070796
23 0.275510 0.556416 0.038265 0.068584
53 0.401786 0.478982 0.040816 0.073009
28 0.411990 0.557522 0.038265 0.070796
56 0.176658 0.480088 0.042092 0.075221
1 0.107781 0.402655 0.042092 0.075221
0 0.513393 0.399336 0.036990 0.068584
8 0.424107 0.397124 0.039541 0.081858
52 0.073342 0.480088 0.067602 0.075221
17 0.060587 0.397124 0.036990 0.073009
49 0.067602 0.719027 0.058673 0.084071
3 0.197066 0.400442 0.039541 0.079646
34 0.570153 0.633850 0.038265 0.068584
33 0.435587 0.637168 0.042092 0.070796
25 0.367347 0.557522 0.040816 0.070796
2 0.153061 0.402655 0.043367 0.079646
27 0.447066 0.475664 0.039541 0.066372
32 0.118622 0.638274 0.043367 0.077434
6 0.332908 0.399336 0.035714 0.068584
14 0.519133 0.716814 0.053571 0.075221
29 0.457908 0.556416 0.040816 0.073009
48 0.558673 0.398230 0.038265 0.075221
42 0.265944 0.477876 0.042092 0.070796
21 0.221301 0.480088 0.042092 0.075221
55 0.299745 0.634956 0.040816 0.070796
47 0.350765 0.715708 0.278061 0.073009
44 0.067602 0.637168 0.056122 0.079646
57 0.209184 0.637168 0.043367 0.075221
13 0.181760 0.714602 0.054847 0.075221
31 0.503189 0.557522 0.039541 0.075221
15 0.345026 0.634956 0.042092 0.070796
58 0.163903 0.637168 0.042092 0.075221
22 0.683673 0.516593 0.061224 0.148230
54 0.582908 0.477876 0.038265 0.070796
36 0.492985 0.476770 0.039541 0.068584
51 0.311224 0.476770 0.038265 0.068584
10 0.140944 0.560841 0.042092 0.077434
37 0.547832 0.558628 0.039541 0.073009
38 0.536990 0.477876 0.040816 0.070796
11 0.607143 0.397124 0.035714 0.073009
50 0.690051 0.716814 0.056122 0.075221
40 0.526148 0.633850 0.036990 0.068584
9 0.468750 0.397124 0.039541 0.077434
46 0.655612 0.633850 0.117347 0.068584
41 0.130740 0.482301 0.042092 0.079646
30 0.501276 0.528761 1.000000 0.553097
59 0.356505 0.477876 0.039541 0.070796
26 0.639031 0.555310 0.035714 0.066372
4 0.242985 0.397124 0.039541 0.081858
43 0.185587 0.559735 0.042092 0.075221
39 0.627551 0.478982 0.038265 0.073009
35 0.390306 0.636062 0.040816 0.068584
19 0.230867 0.558628 0.040816 0.073009
24 0.322066 0.557522 0.039541 0.070796
18 0.480230 0.636062 0.039541 0.068584
12 0.594388 0.556416 0.038265 0.073009
7 0.378189 0.396018 0.036990 0.075221
45 0.071429 0.558628 0.061224 0.077434
