46 0.644330 0.450266 0.106038 0.031972
19 0.251473 0.405861 0.033137 0.035524
4 0.268041 0.317052 0.033873 0.040853
52 0.108616 0.362789 0.056701 0.039964
11 0.595361 0.316607 0.031664 0.036412
50 0.677467 0.504440 0.051546 0.055062
33 0.439617 0.449378 0.032401 0.035524
48 0.554860 0.317940 0.033137 0.039076
3 0.227172 0.317940 0.033137 0.044405
40 0.523196 0.449378 0.031664 0.033748
7 0.391753 0.317496 0.032401 0.039964
35 0.397275 0.449822 0.034610 0.038188
54 0.575110 0.361901 0.030928 0.036412
32 0.141384 0.451599 0.035346 0.041741
16 0.269514 0.448490 0.033873 0.033748
0 0.512887 0.317496 0.030191 0.036412
47 0.357143 0.503108 0.262150 0.057726
38 0.533873 0.361456 0.030928 0.035524
53 0.411267 0.360568 0.031664 0.035524
18 0.481222 0.449378 0.031664 0.033748
28 0.418999 0.405417 0.030928 0.034636
36 0.493004 0.361456 0.031664 0.035524
15 0.354934 0.449822 0.035346 0.038188
2 0.185567 0.317940 0.032401 0.042629
43 0.209131 0.406750 0.033873 0.037300
12 0.585788 0.406750 0.031664 0.035524
1 0.144698 0.316163 0.034610 0.039076
41 0.160530 0.362789 0.033873 0.041741
8 0.431885 0.317496 0.031664 0.039964
24 0.335420 0.405417 0.031664 0.034636
6 0.350515 0.317052 0.032401 0.037300
27 0.451767 0.361012 0.030191 0.034636
39 0.616348 0.363233 0.032401 0.039076
14 0.518409 0.503108 0.050074 0.054174
42 0.286082 0.360124 0.031664 0.036412
29 0.460604 0.405861 0.033137 0.035524
55 0.312592 0.447602 0.033137 0.033748
34 0.564801 0.449822 0.033873 0.034636
37 0.544183 0.405861 0.032401 0.035524
10 0.166789 0.405861 0.033137 0.037300
58 0.187040 0.450710 0.032401 0.034636
21 0.244477 0.361456 0.033873 0.039076
44 0.092784 0.450710 0.045655 0.038188
59 0.368925 0.360568 0.032401 0.035524
20 0.656480 0.317496 0.071429 0.038188
9 0.473490 0.317940 0.032401 0.040853
31 0.502209 0.405861 0.032401 0.035524
30 0.517305 0.396980 0.966863 0.360568
49 0.089102 0.502664 0.053019 0.055062
13 0.197349 0.501776 0.051546 0.053286
45 0.110825 0.405861 0.068483 0.035524
23 0.293078 0.404973 0.030928 0.033748
26 0.627393 0.407638 0.032401 0.039076
22 0.668999 0.383215 0.052283 0.080817
5 0.309278 0.316607 0.032401 0.039964
17 0.102725 0.315719 0.031664 0.039964
25 0.377393 0.405861 0.031664 0.035524
51 0.328056 0.360124 0.031664 0.034636
56 0.202504 0.361901 0.033873 0.039964
57 0.226804 0.448934 0.032401 0.034636
