26 0.574224 0.690048 0.032389 0.065947
9 0.412618 0.541367 0.033063 0.068345
36 0.433536 0.613309 0.033063 0.063549
40 0.466937 0.768585 0.033738 0.067146
6 0.283401 0.543165 0.032389 0.067146
54 0.519906 0.613909 0.034413 0.064748
33 0.381242 0.769185 0.032389 0.065947
31 0.445682 0.691247 0.033063 0.065947
11 0.541161 0.537770 0.033738 0.065947
32 0.080297 0.773381 0.032389 0.064748
58 0.123144 0.772782 0.031714 0.063549
47 0.300945 0.847122 0.261808 0.070743
45 0.043522 0.697842 0.061404 0.059952
48 0.498650 0.539568 0.035088 0.069544
34 0.509447 0.767386 0.033738 0.064748
46 0.593792 0.766787 0.109312 0.063549
18 0.423414 0.769185 0.033063 0.065947
13 0.138327 0.848321 0.044534 0.063549
10 0.101889 0.697242 0.031039 0.063549
25 0.317476 0.693645 0.030364 0.063549
53 0.348516 0.616906 0.031714 0.063549
39 0.563428 0.613909 0.032389 0.064748
41 0.090081 0.621103 0.031714 0.062350
5 0.239204 0.543165 0.031714 0.067146
55 0.252024 0.769784 0.030364 0.062350
2 0.109649 0.545564 0.031714 0.064748
23 0.230432 0.694844 0.030364 0.063549
12 0.532051 0.690647 0.033063 0.064748
49 0.031714 0.850120 0.043185 0.062350
7 0.327260 0.541966 0.032389 0.067146
4 0.197031 0.543765 0.031039 0.065947
42 0.218961 0.618705 0.031714 0.062350
35 0.338394 0.769784 0.030364 0.062350
43 0.144737 0.696643 0.031714 0.064748
57 0.165992 0.772182 0.031039 0.064748
38 0.477058 0.614508 0.033738 0.063549
28 0.359312 0.692446 0.030364 0.065947
37 0.488529 0.691247 0.033738 0.068345
0 0.455128 0.540168 0.035762 0.070743
56 0.133603 0.619904 0.031039 0.062350
21 0.176113 0.619904 0.031039 0.062350
52 0.037112 0.620504 0.051282 0.061151
16 0.209514 0.770983 0.031714 0.062350
20 0.608300 0.537770 0.077598 0.063549
17 0.023954 0.547362 0.030364 0.061151
51 0.262483 0.618106 0.031039 0.063549
50 0.626518 0.845923 0.047908 0.065947
44 0.032389 0.773981 0.041835 0.061151
22 0.618084 0.649880 0.059379 0.143885
14 0.462888 0.845324 0.045884 0.067146
29 0.403171 0.693046 0.031714 0.064748
8 0.369433 0.541367 0.031714 0.068345
30 0.500675 0.637290 1.000000 0.564748
1 0.066802 0.546163 0.031039 0.063549
59 0.305331 0.618106 0.029015 0.063549
15 0.294872 0.769784 0.032389 0.064748
3 0.153509 0.544964 0.031714 0.065947
27 0.390688 0.615108 0.031039 0.062350
24 0.273954 0.694245 0.031039 0.064748
19 0.187584 0.695444 0.031039 0.062350
