5 0.316250 0.528889 0.025000 0.046667
11 0.551562 0.530000 0.023125 0.044444
58 0.203437 0.699444 0.028125 0.043333
56 0.225312 0.585000 0.026875 0.045556
47 0.609688 0.363333 0.209375 0.080000
40 0.492188 0.695556 0.024375 0.042222
49 0.116250 0.762778 0.043750 0.050000
35 0.385625 0.697222 0.026250 0.043333
25 0.370625 0.640556 0.025000 0.043333
2 0.213125 0.529444 0.026250 0.045556
36 0.466875 0.585556 0.023750 0.042222
55 0.313125 0.697778 0.027500 0.044444
52 0.145937 0.586667 0.045625 0.044444
42 0.295000 0.585000 0.025000 0.043333
10 0.192188 0.641111 0.028125 0.044444
6 0.350313 0.528889 0.024375 0.044444
20 0.600625 0.530000 0.057500 0.044444
53 0.399375 0.585000 0.023750 0.043333
43 0.227813 0.641111 0.026875 0.044444
17 0.143750 0.529444 0.026250 0.045556
30 0.503750 0.629444 0.855000 0.425556
24 0.335313 0.641111 0.025625 0.042222
59 0.364375 0.584444 0.025000 0.042222
45 0.142813 0.642778 0.055625 0.043333
3 0.246562 0.529444 0.025625 0.047778
29 0.441250 0.640000 0.023750 0.042222
51 0.330000 0.585556 0.025000 0.042222
33 0.421875 0.697778 0.026250 0.044444
19 0.264062 0.642222 0.026875 0.044444
31 0.475625 0.640556 0.023750 0.043333
12 0.545312 0.639444 0.024375 0.043333
7 0.384375 0.530000 0.023750 0.046667
39 0.568750 0.585000 0.025000 0.043333
15 0.349687 0.697222 0.026875 0.043333
38 0.501563 0.584444 0.023125 0.042222
28 0.405938 0.641667 0.024375 0.043333
44 0.125000 0.701111 0.040000 0.044444
0 0.485312 0.530000 0.024375 0.046667
46 0.593437 0.695000 0.088125 0.043333
23 0.300312 0.641667 0.026875 0.043333
57 0.240313 0.698889 0.028125 0.044444
1 0.177813 0.529444 0.025625 0.045556
32 0.167187 0.701111 0.030625 0.046667
9 0.451250 0.529444 0.023750 0.045556
41 0.189688 0.585556 0.026875 0.044444
4 0.280938 0.528889 0.024375 0.046667
21 0.260313 0.585556 0.025625 0.044444
18 0.456875 0.696667 0.026250 0.044444
8 0.417500 0.529444 0.022500 0.045556
16 0.276562 0.698333 0.028125 0.043333
34 0.527500 0.695556 0.025000 0.042222
14 0.488750 0.755556 0.037500 0.046667
47 0.350625 0.757222 0.228750 0.045556
54 0.534687 0.584444 0.023125 0.042222
13 0.210625 0.760000 0.041250 0.046667
48 0.518125 0.529444 0.023750 0.045556
50 0.624375 0.755000 0.038750 0.047778
22 0.612187 0.612778 0.046875 0.101111
27 0.433750 0.585000 0.023750 0.041111
37 0.510000 0.640000 0.023750 0.044444
26 0.578438 0.640000 0.024375 0.044444
