5 0.281003 0.509390 0.026385 0.049296
11 0.529354 0.510563 0.024406 0.046948
58 0.161939 0.689554 0.029683 0.045775
56 0.185026 0.568662 0.028364 0.048122
47 0.590699 0.334507 0.220976 0.084507
40 0.466689 0.685446 0.025726 0.044601
49 0.069921 0.756455 0.046174 0.052817
35 0.354222 0.687207 0.027704 0.045775
25 0.338391 0.627347 0.026385 0.045775
2 0.172164 0.509977 0.027704 0.048122
36 0.439974 0.569249 0.025066 0.044601
55 0.277704 0.687793 0.029024 0.046948
52 0.101253 0.570423 0.048153 0.046948
42 0.258575 0.568662 0.026385 0.045775
10 0.150066 0.627934 0.029683 0.046948
6 0.316953 0.509390 0.025726 0.046948
20 0.581135 0.510563 0.060686 0.046948
53 0.368734 0.568662 0.025066 0.045775
43 0.187665 0.627934 0.028364 0.046948
17 0.098945 0.509977 0.027704 0.048122
30 0.478892 0.615610 0.902375 0.449531
24 0.301121 0.627934 0.027045 0.044601
59 0.331794 0.568075 0.026385 0.044601
45 0.097955 0.629695 0.058707 0.045775
3 0.207454 0.509977 0.027045 0.050469
29 0.412929 0.626761 0.025066 0.044601
51 0.295515 0.569249 0.026385 0.044601
33 0.392480 0.687793 0.027704 0.046948
19 0.225923 0.629108 0.028364 0.046948
31 0.449208 0.627347 0.025066 0.045775
12 0.522757 0.626174 0.025726 0.045775
7 0.352902 0.510563 0.025066 0.049296
39 0.547493 0.568662 0.026385 0.045775
15 0.316293 0.687207 0.028364 0.045775
38 0.476583 0.568075 0.024406 0.044601
28 0.375660 0.628521 0.025726 0.045775
44 0.079156 0.691315 0.042216 0.046948
0 0.459433 0.510563 0.025726 0.049296
46 0.573549 0.684859 0.093008 0.045775
23 0.264182 0.628521 0.028364 0.045775
57 0.200858 0.688967 0.029683 0.046948
1 0.134894 0.509977 0.027045 0.048122
32 0.123681 0.691315 0.032322 0.049296
9 0.423483 0.509977 0.025066 0.048122
41 0.147427 0.569249 0.028364 0.046948
4 0.243734 0.509390 0.025726 0.049296
21 0.221966 0.569249 0.027045 0.046948
18 0.429420 0.686620 0.027704 0.046948
8 0.387863 0.509977 0.023747 0.048122
16 0.239116 0.688380 0.029683 0.045775
34 0.503958 0.685446 0.026385 0.044601
14 0.463061 0.748826 0.039578 0.049296
47 0.317282 0.750587 0.241425 0.048122
54 0.511544 0.568075 0.024406 0.044601
13 0.169525 0.753521 0.043536 0.049296
48 0.494063 0.509977 0.025066 0.048122
50 0.606201 0.748239 0.040897 0.050469
22 0.593338 0.598005 0.049472 0.106808
27 0.405013 0.568662 0.025066 0.043427
37 0.485488 0.626761 0.025066 0.046948
26 0.557718 0.626761 0.025726 0.046948
