23 0.264745 0.566826 0.029491 0.047733
45 0.083445 0.582339 0.060992 0.050119
53 0.379021 0.500597 0.027480 0.044153
11 0.551944 0.433771 0.027480 0.048926
37 0.509048 0.550716 0.030161 0.046539
1 0.122989 0.457637 0.030161 0.051313
14 0.489276 0.686158 0.049598 0.081146
26 0.587802 0.547136 0.030831 0.048926
7 0.360925 0.444511 0.027480 0.051313
41 0.137064 0.516110 0.031501 0.046539
18 0.449062 0.615155 0.030831 0.048926
20 0.905831 0.341885 0.058311 0.070406
20 0.608914 0.429594 0.065013 0.045346
34 0.531501 0.607399 0.032172 0.045346
43 0.180295 0.571599 0.029491 0.045346
2 0.163539 0.455251 0.028150 0.046539
44 0.058981 0.643795 0.049598 0.053699
17 0.084115 0.459427 0.030161 0.045346
57 0.196381 0.631862 0.036193 0.046539
29 0.429625 0.556086 0.029491 0.045346
54 0.535188 0.490453 0.028820 0.045346
48 0.514075 0.435561 0.028150 0.050119
6 0.321381 0.446301 0.028820 0.050119
31 0.469839 0.553103 0.029491 0.044153
3 0.202748 0.453461 0.028820 0.052506
55 0.282172 0.625895 0.033512 0.044153
50 0.647453 0.676611 0.053619 0.078759
8 0.399129 0.442124 0.027480 0.053699
32 0.109584 0.639021 0.036863 0.046539
24 0.305965 0.563842 0.030161 0.044153
12 0.548928 0.547733 0.029491 0.045346
35 0.366287 0.619928 0.031501 0.044153
15 0.324062 0.621122 0.032842 0.044153
46 0.609920 0.602029 0.104558 0.041766
52 0.085121 0.519093 0.054960 0.047733
10 0.141421 0.577566 0.034853 0.050119
22 0.625670 0.513723 0.058311 0.106205
40 0.489946 0.610979 0.029491 0.045346
59 0.339142 0.502983 0.028150 0.044153
13 0.160858 0.713604 0.053619 0.083532
47 0.326072 0.703461 0.267426 0.096659
51 0.299598 0.504773 0.028150 0.042959
9 0.437668 0.440334 0.028150 0.054893
19 0.222185 0.568616 0.030161 0.044153
27 0.418231 0.497613 0.026810 0.042959
0 0.475871 0.438544 0.028150 0.051313
21 0.218164 0.511337 0.027480 0.044153
58 0.152480 0.634845 0.036863 0.045346
25 0.348190 0.560859 0.030161 0.045346
36 0.457440 0.494033 0.028820 0.042959
42 0.259383 0.507160 0.029491 0.042959
49 0.048257 0.721360 0.056300 0.077566
16 0.238941 0.628282 0.034182 0.044153
38 0.496649 0.492840 0.028150 0.042959
56 0.178284 0.512530 0.029491 0.044153
39 0.574062 0.489260 0.028820 0.047733
4 0.242292 0.450477 0.028820 0.048926
30 0.500670 0.554296 1.000000 0.507160
5 0.281836 0.449284 0.028820 0.051313
33 0.407842 0.616945 0.030161 0.047733
28 0.388070 0.557876 0.028150 0.044153
