41 0.275121 0.599375 0.044352 0.033750
3 0.351005 0.562813 0.043659 0.031875
15 0.490298 0.673125 0.043659 0.035000
44 0.192654 0.674687 0.055440 0.034375
22 0.837491 0.617188 0.046431 0.071875
39 0.789674 0.597812 0.042273 0.033125
36 0.648649 0.597187 0.041580 0.031875
25 0.516632 0.634062 0.042273 0.033125
23 0.422037 0.634687 0.042966 0.033125
56 0.321899 0.598437 0.043659 0.033125
57 0.345461 0.673750 0.043659 0.035000
48 0.717602 0.562500 0.040887 0.031250
30 0.515593 0.635938 0.745669 0.244375
16 0.393624 0.673125 0.044352 0.035000
52 0.215523 0.599063 0.067914 0.031875
21 0.368676 0.598125 0.042966 0.032500
43 0.326057 0.635312 0.043659 0.033125
6 0.488565 0.562187 0.041580 0.030625
0 0.671518 0.562187 0.041580 0.031875
31 0.658351 0.633437 0.041580 0.033125
12 0.753638 0.634375 0.043659 0.035000
1 0.257796 0.563438 0.042966 0.031875
53 0.555787 0.597187 0.041580 0.031875
49 0.185031 0.715313 0.059598 0.036875
18 0.635135 0.672188 0.042273 0.034375
14 0.635135 0.711875 0.045045 0.036250
47 0.487526 0.712500 0.240471 0.036250
35 0.538808 0.672500 0.043659 0.035000
7 0.534997 0.561875 0.040194 0.030000
58 0.296951 0.674375 0.045045 0.035000
8 0.580388 0.561875 0.040887 0.031250
40 0.683299 0.671875 0.042966 0.033750
10 0.278240 0.635625 0.043659 0.033750
33 0.586972 0.672813 0.044352 0.035625
54 0.742204 0.597500 0.042966 0.032500
37 0.705821 0.633750 0.042273 0.033750
24 0.469161 0.634687 0.041580 0.033125
55 0.442481 0.673125 0.043659 0.035000
34 0.731462 0.672188 0.043659 0.034375
38 0.695080 0.596875 0.041580 0.031250
45 0.213791 0.636563 0.079695 0.034375
5 0.442827 0.562187 0.041580 0.030625
50 0.683992 0.712187 0.044352 0.036875
2 0.304920 0.563125 0.042966 0.031250
27 0.602564 0.596875 0.040887 0.031250
19 0.373874 0.635000 0.042273 0.033750
9 0.626126 0.561875 0.040887 0.031250
4 0.397089 0.562187 0.041580 0.030625
59 0.509702 0.597500 0.040887 0.032500
13 0.339570 0.713750 0.045738 0.036250
17 0.211019 0.564063 0.043659 0.030625
51 0.462578 0.597812 0.040887 0.031875
26 0.801109 0.635000 0.042966 0.033750
46 0.812197 0.672813 0.108108 0.035625
29 0.611573 0.633437 0.042273 0.033125
28 0.564103 0.633437 0.041580 0.033125
11 0.763687 0.562187 0.040194 0.030625
32 0.247401 0.674687 0.045738 0.034375
42 0.415800 0.597812 0.042966 0.031875
20 0.822245 0.562187 0.065835 0.030625
