34 0.741000 0.497000 0.050000 0.046000
48 0.726000 0.344000 0.048000 0.044000
19 0.329000 0.445500 0.050000 0.045000
17 0.138500 0.346000 0.037000 0.044000
11 0.780000 0.343500 0.048000 0.043000
2 0.239500 0.345000 0.049000 0.044000
50 0.687500 0.553500 0.051000 0.055000
54 0.754500 0.395000 0.049000 0.046000
21 0.319500 0.394500 0.049000 0.045000
42 0.374000 0.395000 0.050000 0.044000
46 0.830000 0.496500 0.112000 0.049000
14 0.631500 0.553500 0.051000 0.055000
24 0.438500 0.445500 0.049000 0.045000
57 0.301000 0.497000 0.050000 0.046000
15 0.466000 0.497000 0.050000 0.046000
9 0.617000 0.345000 0.048000 0.044000
41 0.210000 0.395000 0.050000 0.046000
23 0.384500 0.445500 0.049000 0.045000
49 0.132500 0.554000 0.051000 0.056000
53 0.537000 0.395500 0.050000 0.045000
40 0.685500 0.497000 0.051000 0.046000
30 0.498500 0.431000 0.817000 0.336000
56 0.265000 0.394500 0.048000 0.045000
16 0.356000 0.497000 0.050000 0.046000
43 0.274500 0.445500 0.049000 0.045000
39 0.809500 0.394500 0.049000 0.045000
33 0.575000 0.496500 0.050000 0.047000
5 0.402000 0.345000 0.048000 0.044000
10 0.219500 0.445500 0.049000 0.045000
13 0.299500 0.554000 0.051000 0.056000
44 0.162500 0.497000 0.105000 0.048000
20 0.842500 0.344500 0.065000 0.045000
7 0.510000 0.345000 0.046000 0.044000
31 0.656500 0.445500 0.049000 0.045000
26 0.859000 0.394500 0.038000 0.045000
4 0.348000 0.345000 0.048000 0.044000
35 0.520000 0.497000 0.050000 0.046000
52 0.149000 0.395000 0.064000 0.046000
28 0.547000 0.445500 0.048000 0.045000
8 0.563500 0.345000 0.047000 0.044000
51 0.429000 0.395000 0.048000 0.044000
59 0.482500 0.395500 0.049000 0.045000
58 0.245000 0.497000 0.050000 0.046000
36 0.645500 0.394500 0.049000 0.045000
18 0.630000 0.497000 0.050000 0.046000
47 0.465500 0.553000 0.271000 0.056000
0 0.671500 0.344000 0.049000 0.044000
27 0.591000 0.394500 0.048000 0.045000
25 0.493000 0.445500 0.048000 0.045000
22 0.840500 0.444500 0.083000 0.047000
12 0.767500 0.445000 0.049000 0.046000
55 0.411000 0.497000 0.050000 0.046000
3 0.293000 0.345000 0.048000 0.044000
29 0.602000 0.445500 0.050000 0.045000
1 0.186000 0.345000 0.046000 0.044000
38 0.700500 0.394500 0.049000 0.045000
45 0.151000 0.446000 0.076000 0.046000
37 0.711500 0.445000 0.049000 0.046000
6 0.456000 0.345000 0.048000 0.044000
