34 0.730088 0.546460 0.055310 0.050885
48 0.713496 0.377212 0.053097 0.048673
19 0.274336 0.489491 0.055310 0.049779
17 0.063606 0.379425 0.040929 0.048673
11 0.773230 0.376659 0.053097 0.047566
2 0.175332 0.378319 0.054204 0.048673
50 0.670907 0.608960 0.056416 0.060841
54 0.745022 0.433628 0.054204 0.050885
21 0.263827 0.433075 0.054204 0.049779
42 0.324115 0.433628 0.055310 0.048673
46 0.828540 0.545907 0.123894 0.054204
14 0.608960 0.608960 0.056416 0.060841
24 0.395465 0.489491 0.054204 0.049779
57 0.243363 0.546460 0.055310 0.050885
15 0.425885 0.546460 0.055310 0.050885
9 0.592920 0.378319 0.053097 0.048673
41 0.142699 0.433628 0.055310 0.050885
23 0.335730 0.489491 0.054204 0.049779
49 0.056969 0.609513 0.056416 0.061947
53 0.504425 0.434181 0.055310 0.049779
40 0.668695 0.546460 0.056416 0.050885
30 0.461836 0.473451 0.903761 0.371681
56 0.203540 0.433075 0.053097 0.049779
16 0.304204 0.546460 0.055310 0.050885
43 0.214049 0.489491 0.054204 0.049779
39 0.805863 0.433075 0.054204 0.049779
33 0.546460 0.545907 0.055310 0.051991
5 0.355088 0.378319 0.053097 0.048673
10 0.153208 0.489491 0.054204 0.049779
13 0.241704 0.609513 0.056416 0.061947
44 0.090155 0.546460 0.116150 0.053097
20 0.842367 0.377765 0.071903 0.049779
7 0.474558 0.378319 0.050885 0.048673
31 0.636615 0.489491 0.054204 0.049779
26 0.860619 0.433075 0.042035 0.049779
4 0.295354 0.378319 0.053097 0.048673
35 0.485619 0.546460 0.055310 0.050885
52 0.075221 0.433628 0.070796 0.050885
28 0.515487 0.489491 0.053097 0.049779
8 0.533739 0.378319 0.051991 0.048673
51 0.384956 0.433628 0.053097 0.048673
59 0.444137 0.434181 0.054204 0.049779
58 0.181416 0.546460 0.055310 0.050885
36 0.624447 0.433075 0.054204 0.049779
18 0.607301 0.546460 0.055310 0.050885
47 0.425332 0.608407 0.299779 0.061947
0 0.653208 0.377212 0.054204 0.048673
27 0.564159 0.433075 0.053097 0.049779
25 0.455752 0.489491 0.053097 0.049779
22 0.840155 0.488385 0.091814 0.051991
12 0.759403 0.488938 0.054204 0.050885
55 0.365044 0.546460 0.055310 0.050885
3 0.234513 0.378319 0.053097 0.048673
29 0.576327 0.489491 0.055310 0.049779
1 0.116150 0.378319 0.050885 0.048673
38 0.685288 0.433075 0.054204 0.049779
45 0.077434 0.490044 0.084071 0.050885
37 0.697456 0.488938 0.054204 0.050885
6 0.414823 0.378319 0.053097 0.048673
