6 0.472500 0.285000 0.033750 0.043333
4 0.396250 0.284167 0.032500 0.041667
8 0.547813 0.286667 0.033125 0.043333
28 0.536250 0.381250 0.032500 0.044167
45 0.256563 0.380417 0.060625 0.044167
37 0.650312 0.382083 0.033125 0.042500
59 0.490938 0.333333 0.033125 0.043333
42 0.414687 0.333333 0.033125 0.043333
21 0.376563 0.332917 0.033125 0.044167
39 0.718437 0.335000 0.033125 0.043333
18 0.593437 0.429167 0.033125 0.043333
49 0.245938 0.480417 0.040625 0.052500
17 0.245000 0.284583 0.032500 0.042500
31 0.612187 0.381667 0.033125 0.043333
53 0.528750 0.334167 0.033750 0.043333
26 0.725000 0.382083 0.030000 0.042500
23 0.421250 0.380833 0.032500 0.043333
9 0.585625 0.286250 0.033750 0.042500
48 0.661563 0.287500 0.033125 0.041667
51 0.452500 0.332917 0.032500 0.044167
10 0.307500 0.380833 0.032500 0.043333
0 0.623437 0.287083 0.033125 0.042500
3 0.358125 0.285833 0.033750 0.043333
34 0.669687 0.429583 0.033125 0.042500
22 0.755938 0.359167 0.034375 0.091667
32 0.287813 0.428750 0.034375 0.044167
58 0.326562 0.428750 0.033125 0.044167
56 0.338438 0.332500 0.033125 0.043333
16 0.402500 0.429167 0.033750 0.043333
24 0.459688 0.380833 0.033125 0.043333
43 0.345313 0.380833 0.033125 0.043333
52 0.253437 0.332083 0.051875 0.044167
19 0.383437 0.380833 0.031875 0.043333
2 0.320312 0.285417 0.033125 0.042500
47 0.479063 0.481667 0.183125 0.051667
5 0.434375 0.284583 0.032500 0.042500
12 0.688438 0.382500 0.033125 0.043333
7 0.510312 0.285833 0.033125 0.043333
41 0.300625 0.332917 0.033750 0.044167
44 0.246250 0.428333 0.040000 0.045000
33 0.555000 0.430000 0.033750 0.043333
38 0.642813 0.334167 0.033125 0.043333
55 0.440937 0.429583 0.033125 0.044167
29 0.574688 0.381667 0.033125 0.043333
27 0.567187 0.334167 0.033125 0.043333
1 0.282500 0.284583 0.032500 0.042500
36 0.604688 0.334167 0.033125 0.043333
40 0.632188 0.429167 0.033125 0.041667
54 0.680625 0.334583 0.032500 0.044167
30 0.502188 0.371250 0.569375 0.302500
14 0.593750 0.482500 0.033750 0.051667
50 0.631875 0.482917 0.033750 0.050833
13 0.364063 0.481667 0.033125 0.051667
11 0.699375 0.286667 0.032500 0.041667
46 0.731875 0.429583 0.082500 0.044167
15 0.478750 0.429583 0.033750 0.044167
35 0.516875 0.430000 0.033750 0.043333
20 0.746563 0.287500 0.051875 0.041667
57 0.364375 0.428750 0.033750 0.044167
25 0.497812 0.380833 0.033125 0.043333
