13 0.243038 0.456926 0.040506 0.048986
34 0.609494 0.400338 0.039241 0.043919
37 0.585443 0.350507 0.039241 0.045608
25 0.404430 0.349662 0.039241 0.040541
58 0.199367 0.403716 0.039241 0.047297
55 0.337342 0.402872 0.039241 0.045608
41 0.172785 0.302365 0.039241 0.043919
32 0.153797 0.404561 0.041772 0.045608
59 0.396835 0.299831 0.039241 0.042230
0 0.550633 0.250000 0.037975 0.043919
36 0.529747 0.298986 0.039241 0.043919
50 0.566456 0.454392 0.041772 0.047297
35 0.428481 0.402872 0.039241 0.045608
16 0.291139 0.402872 0.040506 0.045608
15 0.382278 0.403716 0.040506 0.043919
20 0.694304 0.250000 0.059494 0.040541
4 0.287342 0.251689 0.037975 0.043919
26 0.674684 0.348818 0.037975 0.045608
9 0.506962 0.250845 0.039241 0.042230
19 0.269620 0.351351 0.037975 0.043919
47 0.381013 0.455236 0.225316 0.045608
38 0.574684 0.298986 0.037975 0.043919
33 0.473418 0.402872 0.040506 0.048986
31 0.539873 0.350507 0.039241 0.045608
17 0.109494 0.252534 0.039241 0.038851
48 0.594304 0.250000 0.039241 0.043919
21 0.263291 0.300676 0.037975 0.043919
45 0.118354 0.353041 0.072152 0.047297
1 0.155063 0.254223 0.039241 0.042230
53 0.441772 0.299831 0.037975 0.045608
2 0.198734 0.252534 0.037975 0.042230
28 0.450000 0.350507 0.039241 0.045608
24 0.358861 0.351351 0.036709 0.043919
11 0.638608 0.250000 0.036709 0.040541
39 0.663924 0.298986 0.039241 0.043919
6 0.375316 0.251689 0.039241 0.040541
52 0.117089 0.300676 0.059494 0.040541
30 0.495570 0.344595 0.867089 0.327703
51 0.351899 0.299831 0.037975 0.042230
44 0.102532 0.404561 0.048101 0.045608
43 0.224684 0.351351 0.039241 0.043919
10 0.179747 0.351351 0.037975 0.043919
14 0.520253 0.454392 0.040506 0.047297
8 0.463291 0.251689 0.037975 0.043919
42 0.307595 0.300676 0.037975 0.043919
23 0.315190 0.351351 0.037975 0.043919
12 0.630380 0.349662 0.040506 0.043919
40 0.563291 0.400338 0.037975 0.043919
57 0.245570 0.402872 0.040506 0.045608
3 0.243038 0.251689 0.037975 0.043919
18 0.519620 0.402027 0.039241 0.043919
29 0.495570 0.351351 0.039241 0.043919
5 0.330380 0.251689 0.037975 0.040541
7 0.420253 0.251689 0.037975 0.043919
54 0.618987 0.298142 0.040506 0.045608
27 0.485443 0.298986 0.036709 0.043919
56 0.218354 0.301520 0.039241 0.045608
49 0.098734 0.456926 0.050633 0.048986
46 0.686076 0.398649 0.098734 0.047297
22 0.707595 0.323480 0.040506 0.096284
