13 0.220000 0.817308 0.060000 0.150000
33 0.456875 0.655769 0.046250 0.157692
5 0.286875 0.184615 0.046250 0.146154
45 0.049375 0.505769 0.086250 0.150000
14 0.535000 0.813462 0.050000 0.150000
42 0.262500 0.344231 0.047500 0.150000
38 0.571875 0.336538 0.046250 0.150000
4 0.235000 0.184615 0.045000 0.146154
40 0.559375 0.655769 0.046250 0.150000
51 0.313125 0.340385 0.043750 0.150000
2 0.129375 0.190385 0.048750 0.150000
50 0.593125 0.813462 0.058750 0.150000
31 0.533125 0.498077 0.043750 0.142308
59 0.365000 0.340385 0.045000 0.150000
24 0.326250 0.498077 0.045000 0.150000
36 0.519375 0.336538 0.046250 0.150000
58 0.148750 0.663462 0.047500 0.150000
1 0.075625 0.190385 0.046250 0.150000
16 0.251875 0.659615 0.048750 0.150000
41 0.103750 0.346154 0.047500 0.153846
57 0.199375 0.659615 0.048750 0.150000
27 0.468125 0.338462 0.046250 0.146154
18 0.508125 0.657692 0.046250 0.153846
9 0.493750 0.178846 0.045000 0.150000
39 0.676875 0.336538 0.046250 0.150000
32 0.094375 0.661538 0.046250 0.153846
53 0.416250 0.340385 0.045000 0.150000
19 0.225000 0.501923 0.047500 0.150000
10 0.120625 0.503846 0.046250 0.153846
56 0.158125 0.346154 0.048750 0.153846
35 0.404375 0.657692 0.046250 0.153846
37 0.584375 0.496154 0.046250 0.146154
52 0.040625 0.344231 0.068750 0.150000
49 0.045625 0.819231 0.073750 0.146154
30 0.500000 0.501923 0.995000 0.988462
15 0.353750 0.659615 0.047500 0.150000
21 0.210000 0.344231 0.047500 0.150000
0 0.545625 0.178846 0.043750 0.150000
48 0.597500 0.176923 0.045000 0.153846
34 0.611875 0.651923 0.046250 0.150000
54 0.623750 0.336538 0.047500 0.157692
12 0.637500 0.494231 0.045000 0.150000
44 0.036875 0.661538 0.058750 0.153846
8 0.441875 0.184615 0.043750 0.146154
29 0.482500 0.498077 0.042500 0.142308
43 0.172500 0.501923 0.047500 0.150000
22 0.742500 0.419231 0.075000 0.315385
26 0.688750 0.494231 0.045000 0.150000
47 0.380625 0.817308 0.248750 0.142308
46 0.708125 0.651923 0.138750 0.157692
17 0.022500 0.190385 0.042500 0.142308
23 0.275625 0.500000 0.043750 0.146154
11 0.650000 0.175000 0.045000 0.150000
3 0.180625 0.188462 0.046250 0.153846
28 0.429375 0.498077 0.043750 0.142308
7 0.390625 0.184615 0.043750 0.146154
55 0.302500 0.659615 0.045000 0.150000
6 0.338125 0.184615 0.046250 0.146154
25 0.378125 0.496154 0.043750 0.138462
20 0.728125 0.175000 0.098750 0.150000
