41 0.263823 0.631241 0.050553 0.038516
3 0.350316 0.589515 0.049763 0.036377
15 0.509084 0.715407 0.049763 0.039943
44 0.169826 0.717190 0.063191 0.039230
22 0.904818 0.651569 0.052923 0.082026
39 0.850316 0.629458 0.048183 0.037803
36 0.689573 0.628745 0.047393 0.036377
25 0.539100 0.670827 0.048183 0.037803
23 0.431280 0.671541 0.048973 0.037803
56 0.317141 0.630171 0.049763 0.037803
57 0.343997 0.716120 0.049763 0.039943
48 0.768167 0.589158 0.046603 0.035663
30 0.537915 0.672967 0.849921 0.278887
16 0.398894 0.715407 0.050553 0.039943
52 0.195893 0.630884 0.077409 0.036377
21 0.370458 0.629815 0.048973 0.037090
43 0.321880 0.672254 0.049763 0.037803
6 0.507109 0.588802 0.047393 0.034950
0 0.715640 0.588802 0.047393 0.036377
31 0.700632 0.670114 0.047393 0.037803
12 0.809242 0.671184 0.049763 0.039943
1 0.244076 0.590228 0.048973 0.036377
53 0.583728 0.628745 0.047393 0.036377
49 0.161137 0.763552 0.067930 0.042083
18 0.674171 0.714337 0.048183 0.039230
14 0.674171 0.759629 0.051343 0.041369
47 0.505924 0.760342 0.274092 0.041369
35 0.564376 0.714693 0.049763 0.039943
7 0.560032 0.588445 0.045814 0.034237
58 0.288705 0.716833 0.051343 0.039943
8 0.611769 0.588445 0.046603 0.035663
40 0.729068 0.713980 0.048973 0.038516
10 0.267378 0.672611 0.049763 0.038516
33 0.619273 0.715050 0.050553 0.040656
54 0.796209 0.629101 0.048973 0.037090
37 0.754739 0.670471 0.048183 0.038516
24 0.484992 0.671541 0.047393 0.037803
55 0.454581 0.715407 0.049763 0.039943
34 0.783965 0.714337 0.049763 0.039230
38 0.742496 0.628388 0.047393 0.035663
45 0.193918 0.673680 0.090837 0.039230
5 0.454976 0.588802 0.047393 0.034950
50 0.729858 0.759986 0.050553 0.042083
2 0.297788 0.589872 0.048973 0.035663
27 0.637046 0.628388 0.046603 0.035663
19 0.376382 0.671897 0.048183 0.038516
9 0.663902 0.588445 0.046603 0.035663
4 0.402844 0.588802 0.047393 0.034950
59 0.531201 0.629101 0.046603 0.037090
13 0.337283 0.761769 0.052133 0.041369
17 0.190758 0.590942 0.049763 0.034950
51 0.477488 0.629458 0.046603 0.036377
26 0.863349 0.671897 0.048973 0.038516
46 0.875987 0.715050 0.123223 0.040656
29 0.647314 0.670114 0.048183 0.037803
28 0.593207 0.670114 0.047393 0.037803
11 0.820695 0.588802 0.045814 0.034950
32 0.232227 0.717190 0.052133 0.039230
42 0.424171 0.629458 0.048973 0.036377
20 0.887441 0.588802 0.075039 0.034950
