56 0.264500 0.396000 0.049000 0.050000
29 0.607500 0.451500 0.049000 0.051000
13 0.303500 0.568000 0.051000 0.060000
46 0.838500 0.505500 0.121000 0.051000
16 0.359000 0.507000 0.050000 0.050000
51 0.431500 0.397000 0.049000 0.050000
54 0.762500 0.397000 0.049000 0.050000
26 0.828500 0.450500 0.049000 0.049000
53 0.541000 0.397000 0.048000 0.050000
28 0.552000 0.451500 0.048000 0.049000
4 0.349500 0.341000 0.049000 0.050000
48 0.734000 0.341500 0.050000 0.049000
57 0.303000 0.506500 0.050000 0.051000
35 0.524500 0.507000 0.049000 0.050000
24 0.442000 0.452000 0.048000 0.050000
25 0.497500 0.451500 0.049000 0.049000
45 0.142500 0.450500 0.091000 0.051000
47 0.469500 0.567000 0.269000 0.062000
8 0.568500 0.342500 0.049000 0.049000
3 0.292500 0.341000 0.051000 0.050000
40 0.692000 0.505500 0.050000 0.049000
17 0.124000 0.340000 0.050000 0.048000
42 0.376500 0.397000 0.049000 0.050000
33 0.580000 0.506500 0.050000 0.051000
52 0.137000 0.395000 0.078000 0.052000
43 0.275000 0.451500 0.050000 0.051000
9 0.624000 0.342000 0.050000 0.050000
59 0.487000 0.397000 0.048000 0.050000
19 0.331500 0.452000 0.049000 0.050000
20 0.859500 0.340500 0.077000 0.049000
18 0.635500 0.506000 0.049000 0.050000
2 0.236500 0.340500 0.051000 0.049000
55 0.414500 0.507000 0.049000 0.050000
37 0.718000 0.451500 0.050000 0.049000
41 0.208500 0.396000 0.051000 0.050000
14 0.637000 0.567000 0.050000 0.060000
7 0.514500 0.342500 0.049000 0.049000
22 0.873500 0.423500 0.049000 0.105000
12 0.773500 0.451000 0.049000 0.050000
27 0.596500 0.396500 0.049000 0.049000
6 0.460000 0.341500 0.050000 0.049000
47 0.344000 0.239500 0.330000 0.031000
21 0.321000 0.396500 0.050000 0.051000
15 0.469000 0.507000 0.050000 0.050000
1 0.180000 0.340500 0.050000 0.049000
58 0.247000 0.507500 0.050000 0.051000
5 0.405000 0.341500 0.050000 0.049000
44 0.126500 0.507000 0.063000 0.052000
32 0.190500 0.507500 0.051000 0.053000
11 0.789500 0.341000 0.049000 0.048000
30 0.496500 0.439000 0.845000 0.348000
38 0.706500 0.396500 0.049000 0.049000
0 0.679000 0.342500 0.050000 0.049000
31 0.662500 0.451500 0.049000 0.049000
23 0.386500 0.451500 0.049000 0.049000
10 0.219000 0.451500 0.050000 0.051000
36 0.651000 0.397000 0.050000 0.050000
39 0.817500 0.396000 0.049000 0.050000
34 0.746000 0.505500 0.050000 0.049000
49 0.126000 0.568500 0.064000 0.063000
50 0.692500 0.567000 0.051000 0.060000
