52 0.115282 0.560241 0.076408 0.072289
38 0.586126 0.272590 0.056971 0.055221
55 0.406836 0.509036 0.060322 0.058233
20 0.669236 0.163655 0.070375 0.054217
4 0.265080 0.405622 0.056971 0.058233
33 0.544236 0.421687 0.057641 0.056225
11 0.620643 0.190763 0.054960 0.052209
39 0.665550 0.222390 0.053619 0.053213
47 0.485255 0.528112 0.250670 0.186747
16 0.359920 0.537149 0.061662 0.060241
50 0.666220 0.409639 0.060322 0.064257
59 0.408847 0.380522 0.058981 0.058233
2 0.168901 0.462851 0.060322 0.066265
25 0.446716 0.419177 0.058311 0.059237
0 0.535188 0.243474 0.055630 0.059237
34 0.676273 0.337851 0.057641 0.055221
36 0.542225 0.300201 0.057641 0.056225
15 0.453083 0.478916 0.060322 0.060241
19 0.306300 0.505020 0.061662 0.062249
3 0.217828 0.433735 0.060322 0.062249
29 0.536863 0.363454 0.057641 0.058233
17 0.075067 0.521586 0.049598 0.059237
31 0.580429 0.335341 0.056300 0.060241
45 0.147453 0.605924 0.087131 0.081325
5 0.311327 0.377510 0.058311 0.060241
22 0.719839 0.213353 0.088472 0.091365
8 0.448056 0.295683 0.056971 0.061245
53 0.453753 0.354418 0.058981 0.058233
48 0.578418 0.216867 0.054960 0.058233
43 0.258713 0.534639 0.061662 0.065261
37 0.623995 0.308233 0.056300 0.058233
10 0.210456 0.563755 0.060322 0.065261
46 0.742627 0.297691 0.101877 0.079317
18 0.589142 0.393072 0.056300 0.055221
49 0.196381 0.710843 0.068365 0.078313
35 0.499330 0.450301 0.058981 0.059237
40 0.633378 0.365462 0.056300 0.052209
42 0.316354 0.436245 0.058981 0.063253
32 0.214477 0.628012 0.061662 0.065261
57 0.311327 0.567771 0.059651 0.061245
56 0.221850 0.493474 0.058981 0.065261
54 0.626676 0.246486 0.052279 0.053213
9 0.492627 0.268574 0.054960 0.059237
51 0.362936 0.408133 0.058311 0.061245
7 0.403485 0.321285 0.054960 0.060241
14 0.622654 0.438253 0.064343 0.065261
41 0.172252 0.522590 0.063003 0.067269
23 0.354223 0.475402 0.059651 0.061245
1 0.120643 0.491466 0.057641 0.063253
6 0.357574 0.349398 0.058311 0.058233
30 0.431971 0.431225 0.827748 0.683735
13 0.344839 0.613956 0.065013 0.073293
44 0.165550 0.663153 0.061662 0.065261
24 0.400804 0.446787 0.058981 0.062249
27 0.499330 0.324799 0.054960 0.059237
28 0.491957 0.390060 0.058981 0.059237
21 0.269102 0.464357 0.059651 0.065261
58 0.264410 0.597390 0.058311 0.062249
26 0.704424 0.256024 0.052279 0.058233
12 0.665214 0.280622 0.052949 0.057229
