52 0.131682 0.542969 0.074316 0.070312
38 0.589635 0.263184 0.055411 0.053711
55 0.415254 0.493164 0.058670 0.056641
20 0.670469 0.157227 0.068449 0.052734
4 0.277379 0.392578 0.055411 0.056641
33 0.548892 0.408203 0.056063 0.054688
11 0.623207 0.183594 0.053455 0.050781
39 0.666884 0.214355 0.052151 0.051758
47 0.491525 0.511719 0.243807 0.181641
16 0.369622 0.520508 0.059974 0.058594
50 0.667536 0.396484 0.058670 0.062500
59 0.417210 0.368164 0.057366 0.056641
2 0.183833 0.448242 0.058670 0.064453
25 0.454042 0.405762 0.056714 0.057617
0 0.540091 0.234863 0.054107 0.057617
34 0.677314 0.326660 0.056063 0.053711
36 0.546936 0.290039 0.056063 0.054688
15 0.460235 0.463867 0.058670 0.058594
19 0.317471 0.489258 0.059974 0.060547
3 0.231421 0.419922 0.058670 0.060547
29 0.541721 0.351562 0.056063 0.056641
17 0.092568 0.505371 0.048240 0.057617
31 0.584094 0.324219 0.054759 0.058594
45 0.162973 0.587402 0.084746 0.079102
5 0.322360 0.365234 0.056714 0.058594
22 0.719687 0.205566 0.086050 0.088867
8 0.455346 0.285645 0.055411 0.059570
53 0.460887 0.342773 0.057366 0.056641
48 0.582138 0.208984 0.053455 0.056641
43 0.271186 0.518066 0.059974 0.063477
37 0.626467 0.297852 0.054759 0.056641
10 0.224250 0.546387 0.058670 0.063477
46 0.741851 0.287598 0.099087 0.077148
18 0.592568 0.380371 0.054759 0.053711
49 0.210561 0.689453 0.066493 0.076172
35 0.505215 0.436035 0.057366 0.057617
40 0.635593 0.353516 0.054759 0.050781
42 0.327249 0.422363 0.057366 0.061523
32 0.228162 0.608887 0.059974 0.063477
57 0.322360 0.550293 0.058018 0.059570
56 0.235332 0.478027 0.057366 0.063477
54 0.629074 0.237793 0.050847 0.051758
9 0.498696 0.259277 0.053455 0.057617
51 0.372555 0.395020 0.056714 0.059570
7 0.411995 0.310547 0.053455 0.058594
14 0.625163 0.424316 0.062581 0.063477
41 0.187093 0.506348 0.061278 0.065430
23 0.364081 0.460449 0.058018 0.059570
1 0.136897 0.476074 0.056063 0.061523
6 0.367340 0.337891 0.056714 0.056641
30 0.439700 0.417480 0.805085 0.665039
13 0.354954 0.595215 0.063233 0.071289
44 0.180574 0.643066 0.059974 0.063477
24 0.409387 0.432617 0.057366 0.060547
27 0.505215 0.313965 0.053455 0.057617
28 0.498044 0.377441 0.057366 0.057617
21 0.281291 0.449707 0.058018 0.063477
58 0.276728 0.579102 0.056714 0.060547
26 0.704694 0.247070 0.050847 0.056641
12 0.666558 0.270996 0.051499 0.055664
