56 0.261687 0.399390 0.049797 0.050813
29 0.610264 0.455793 0.049797 0.051829
13 0.301321 0.574187 0.051829 0.060976
46 0.845020 0.510671 0.122967 0.051829
16 0.357724 0.512195 0.050813 0.050813
51 0.431402 0.400407 0.049797 0.050813
54 0.767785 0.400407 0.049797 0.050813
26 0.834858 0.454776 0.049797 0.049797
53 0.542683 0.400407 0.048780 0.050813
28 0.553862 0.455793 0.048780 0.049797
4 0.348069 0.343496 0.049797 0.050813
48 0.738821 0.344004 0.050813 0.049797
57 0.300813 0.511687 0.050813 0.051829
35 0.525915 0.512195 0.049797 0.050813
24 0.442073 0.456301 0.048780 0.050813
25 0.498476 0.455793 0.049797 0.049797
45 0.137703 0.454776 0.092480 0.051829
47 0.470020 0.573171 0.273374 0.063008
8 0.570630 0.345020 0.049797 0.049797
3 0.290142 0.343496 0.051829 0.050813
40 0.696138 0.510671 0.050813 0.049797
17 0.118902 0.342480 0.050813 0.048780
42 0.375508 0.400407 0.049797 0.050813
33 0.582317 0.511687 0.050813 0.051829
52 0.132114 0.398374 0.079268 0.052846
43 0.272358 0.455793 0.050813 0.051829
9 0.627033 0.344512 0.050813 0.050813
59 0.487805 0.400407 0.048780 0.050813
19 0.329776 0.456301 0.049797 0.050813
20 0.866362 0.342988 0.078252 0.049797
18 0.638720 0.511179 0.049797 0.050813
2 0.233232 0.342988 0.051829 0.049797
55 0.414126 0.512195 0.049797 0.050813
37 0.722561 0.455793 0.050813 0.049797
41 0.204776 0.399390 0.051829 0.050813
14 0.640244 0.573171 0.050813 0.060976
7 0.515752 0.345020 0.049797 0.049797
22 0.880589 0.427337 0.049797 0.106707
12 0.778963 0.455285 0.049797 0.050813
27 0.599085 0.399898 0.049797 0.049797
6 0.460366 0.344004 0.050813 0.049797
47 0.342480 0.240346 0.335366 0.031504
21 0.319106 0.399898 0.050813 0.051829
15 0.469512 0.512195 0.050813 0.050813
1 0.175813 0.342988 0.050813 0.049797
58 0.243902 0.512703 0.050813 0.051829
5 0.404472 0.344004 0.050813 0.049797
44 0.121443 0.512195 0.064024 0.052846
32 0.186484 0.512703 0.051829 0.053862
11 0.795224 0.343496 0.049797 0.048780
30 0.497459 0.443089 0.858740 0.353659
38 0.710874 0.399898 0.049797 0.049797
0 0.682927 0.345020 0.050813 0.049797
31 0.666159 0.455793 0.049797 0.049797
23 0.385671 0.455793 0.049797 0.049797
10 0.215447 0.455793 0.050813 0.051829
36 0.654472 0.400407 0.050813 0.050813
39 0.823679 0.399390 0.049797 0.050813
34 0.751016 0.510671 0.050813 0.049797
49 0.120935 0.574695 0.065041 0.064024
50 0.696646 0.573171 0.051829 0.060976
