53 0.438667 0.577608 0.042667 0.086514
2 0.156000 0.483461 0.045333 0.081425
9 0.514000 0.486005 0.044000 0.081425
45 0.071333 0.667939 0.081333 0.083969
3 0.207333 0.483461 0.046667 0.081425
47 0.371333 0.858779 0.246667 0.099237
21 0.234000 0.576336 0.044000 0.083969
46 0.708667 0.759542 0.110667 0.083969
55 0.320667 0.759542 0.044000 0.083969
44 0.058000 0.760814 0.054667 0.086514
26 0.700000 0.669211 0.042667 0.081425
14 0.523333 0.857506 0.044000 0.096692
15 0.371333 0.760814 0.044000 0.081425
5 0.311333 0.483461 0.044000 0.081425
57 0.218667 0.759542 0.045333 0.083969
34 0.624000 0.759542 0.045333 0.078880
38 0.589333 0.577608 0.042667 0.081425
48 0.615333 0.486005 0.044000 0.081425
17 0.052667 0.482188 0.044000 0.083969
37 0.599333 0.669211 0.044000 0.081425
56 0.182667 0.576336 0.045333 0.083969
39 0.691333 0.576336 0.044000 0.083969
6 0.363333 0.483461 0.044000 0.081425
18 0.523333 0.758270 0.044000 0.081425
25 0.398000 0.669211 0.044000 0.081425
10 0.140667 0.667939 0.044000 0.083969
35 0.422667 0.759542 0.045333 0.083969
19 0.244667 0.667939 0.044000 0.083969
7 0.413333 0.484733 0.042667 0.078880
36 0.539333 0.576336 0.044000 0.083969
50 0.574000 0.857506 0.044000 0.096692
43 0.192667 0.669211 0.044000 0.081425
42 0.285333 0.577608 0.045333 0.081425
49 0.058667 0.862595 0.058667 0.101781
28 0.448000 0.666667 0.042667 0.081425
58 0.167333 0.762087 0.044000 0.083969
30 0.490000 0.650127 0.942667 0.572519
32 0.116000 0.759542 0.045333 0.083969
23 0.295333 0.669211 0.044000 0.081425
4 0.260000 0.483461 0.042667 0.081425
13 0.218667 0.861323 0.042667 0.094148
51 0.337333 0.576336 0.042667 0.083969
20 0.730000 0.484733 0.068000 0.083969
0 0.564000 0.486005 0.045333 0.081425
31 0.548667 0.667939 0.044000 0.083969
59 0.388667 0.576336 0.044000 0.083969
33 0.472667 0.759542 0.044000 0.083969
52 0.066000 0.575064 0.070667 0.086514
22 0.742000 0.620865 0.044000 0.178117
27 0.490000 0.576336 0.044000 0.083969
40 0.574000 0.758270 0.044000 0.081425
54 0.640000 0.576336 0.045333 0.083969
8 0.463333 0.486005 0.044000 0.081425
12 0.650000 0.667939 0.044000 0.083969
41 0.130667 0.576336 0.045333 0.083969
1 0.104667 0.482188 0.044000 0.083969
11 0.666000 0.484733 0.044000 0.078880
29 0.499333 0.669211 0.044000 0.081425
16 0.270000 0.759542 0.044000 0.083969
24 0.346667 0.667939 0.042667 0.078880
