6 0.386230 0.369792 0.041992 0.057292
21 0.268066 0.423828 0.041992 0.058594
58 0.202637 0.544922 0.041992 0.058594
8 0.478516 0.375000 0.041016 0.057292
31 0.557129 0.499349 0.040039 0.055990
10 0.183105 0.481771 0.041992 0.059896
28 0.463379 0.494141 0.040039 0.055990
32 0.155273 0.543620 0.042969 0.061198
33 0.485840 0.557292 0.043945 0.059896
3 0.247559 0.363281 0.041992 0.057292
52 0.116699 0.416667 0.063477 0.057292
18 0.533203 0.560547 0.041016 0.058594
50 0.607422 0.633464 0.052734 0.071615
5 0.339844 0.366536 0.041016 0.055990
55 0.344238 0.551432 0.041992 0.058594
35 0.438477 0.555339 0.041016 0.058594
2 0.201660 0.361328 0.041992 0.055990
22 0.743164 0.477865 0.068359 0.119792
13 0.264648 0.615885 0.054688 0.070312
37 0.603516 0.501953 0.041016 0.055990
19 0.276855 0.486328 0.041992 0.058594
4 0.294434 0.365234 0.040039 0.055990
26 0.696777 0.505859 0.041992 0.058594
40 0.580078 0.563151 0.041016 0.058594
53 0.454102 0.432943 0.041016 0.055990
42 0.314453 0.425781 0.041016 0.057292
30 0.526855 0.491536 0.932617 0.417969
45 0.113281 0.479818 0.066406 0.058594
7 0.433594 0.371745 0.041016 0.055990
24 0.370117 0.489583 0.041016 0.057292
14 0.555176 0.629557 0.045898 0.071615
34 0.625977 0.564453 0.041016 0.058594
51 0.360840 0.427083 0.040039 0.057292
29 0.510254 0.496094 0.040039 0.054688
12 0.650391 0.503906 0.041016 0.057292
54 0.638184 0.441406 0.041992 0.057292
20 0.734375 0.384766 0.091797 0.058594
47 0.413086 0.624349 0.230469 0.076823
38 0.591797 0.439453 0.041016 0.055990
44 0.101074 0.541667 0.053711 0.057292
43 0.230469 0.483724 0.041016 0.058594
36 0.545410 0.436849 0.040039 0.055990
49 0.100586 0.610677 0.068359 0.070312
15 0.391113 0.552734 0.041992 0.058594
23 0.323242 0.488281 0.041016 0.057292
1 0.155273 0.358724 0.041016 0.055990
48 0.616211 0.381510 0.041016 0.057292
25 0.416992 0.491536 0.041016 0.055990
56 0.221680 0.421224 0.041016 0.058594
59 0.407227 0.430339 0.041016 0.055990
46 0.718262 0.569010 0.127930 0.062500
39 0.684570 0.443359 0.041016 0.058594
0 0.570801 0.377604 0.040039 0.057292
16 0.297363 0.548828 0.041992 0.058594
17 0.108398 0.356771 0.041016 0.052083
9 0.525391 0.376953 0.041016 0.055990
27 0.500488 0.434896 0.040039 0.054688
11 0.662598 0.382161 0.040039 0.055990
57 0.250000 0.546224 0.041016 0.058594
41 0.175293 0.419271 0.041992 0.057292
