47 0.463146 0.723214 0.327508 0.086735
41 0.201368 0.449617 0.047112 0.080357
23 0.373100 0.537628 0.041033 0.077806
31 0.642477 0.536990 0.041793 0.076531
27 0.575988 0.447066 0.042553 0.075255
26 0.804711 0.536990 0.042553 0.079082
10 0.212766 0.537628 0.039514 0.077806
12 0.751140 0.536352 0.041793 0.077806
21 0.306991 0.448980 0.044073 0.079082
19 0.319909 0.537628 0.041033 0.077806
34 0.724164 0.627551 0.042553 0.076531
56 0.253040 0.448342 0.041033 0.077806
51 0.413374 0.447704 0.041033 0.076531
2 0.225304 0.360332 0.041793 0.077806
48 0.712766 0.357781 0.042553 0.077806
57 0.293693 0.628189 0.041793 0.077806
42 0.360182 0.447704 0.042553 0.076531
29 0.588906 0.537628 0.042553 0.077806
53 0.522416 0.448342 0.043313 0.077806
14 0.663754 0.716837 0.056991 0.079082
22 0.860562 0.494898 0.070669 0.176020
32 0.186550 0.626913 0.041793 0.080357
49 0.126520 0.717474 0.053951 0.080357
36 0.629559 0.447066 0.043313 0.077806
45 0.140198 0.538265 0.082827 0.076531
39 0.792553 0.446429 0.044073 0.079082
30 0.498860 0.542092 0.844225 0.520408
37 0.696429 0.537628 0.043313 0.077806
38 0.683891 0.447066 0.042553 0.077806
55 0.400836 0.628827 0.043313 0.079082
4 0.332827 0.358418 0.041033 0.076531
43 0.265578 0.537628 0.040274 0.077806
8 0.548632 0.359056 0.044073 0.080357
18 0.617021 0.626913 0.042553 0.077806
3 0.278116 0.359056 0.042553 0.077806
52 0.132219 0.447066 0.065350 0.075255
40 0.670973 0.627551 0.042553 0.076531
11 0.766337 0.356505 0.041793 0.077806
25 0.481003 0.536990 0.041033 0.076531
20 0.847644 0.356505 0.094985 0.077806
54 0.737462 0.446429 0.044833 0.081633
15 0.454407 0.627551 0.044073 0.079082
46 0.824848 0.626913 0.137538 0.080357
33 0.562310 0.628827 0.045593 0.081633
1 0.170973 0.359056 0.039514 0.075255
58 0.239362 0.626913 0.041033 0.077806
44 0.126140 0.627551 0.051672 0.076531
7 0.495061 0.357781 0.041793 0.077806
28 0.534574 0.537628 0.041793 0.077806
24 0.427052 0.536990 0.041033 0.076531
0 0.657675 0.357143 0.043313 0.079082
16 0.346884 0.627551 0.043313 0.076531
35 0.508359 0.628827 0.044073 0.079082
59 0.468085 0.448342 0.042553 0.077806
9 0.602584 0.357143 0.044073 0.079082
6 0.440350 0.357143 0.043313 0.076531
50 0.867021 0.719388 0.057751 0.084184
13 0.260258 0.716837 0.055471 0.079082
5 0.386398 0.357781 0.041793 0.077806
