54 0.516201 0.612288 0.031131 0.046610
7 0.361182 0.567797 0.029860 0.045763
33 0.405337 0.708051 0.030496 0.046610
9 0.429797 0.566949 0.031131 0.044068
4 0.254447 0.569492 0.029860 0.045763
19 0.245235 0.663559 0.030496 0.045763
58 0.192503 0.711864 0.030496 0.045763
37 0.491741 0.660169 0.030496 0.045763
32 0.155972 0.711441 0.032402 0.046610
47 0.338628 0.756356 0.195680 0.048305
35 0.369759 0.709322 0.030496 0.045763
45 0.125159 0.665678 0.059720 0.048305
22 0.594346 0.634746 0.048920 0.093220
16 0.263342 0.710593 0.031131 0.046610
39 0.551779 0.611864 0.031131 0.045763
10 0.174714 0.664407 0.030496 0.045763
59 0.342440 0.614407 0.030496 0.045763
42 0.271919 0.616102 0.031766 0.045763
11 0.534307 0.566102 0.029225 0.044068
5 0.289708 0.568644 0.030496 0.045763
38 0.481576 0.613136 0.030496 0.046610
27 0.413596 0.613983 0.029225 0.044915
51 0.307497 0.615678 0.030496 0.044915
44 0.114358 0.713559 0.039390 0.045763
53 0.377700 0.614407 0.031131 0.045763
41 0.165184 0.617373 0.031766 0.046610
55 0.299238 0.709746 0.030496 0.046610
24 0.316074 0.662712 0.031131 0.045763
25 0.352287 0.661864 0.031131 0.045763
46 0.573062 0.704661 0.090216 0.046610
8 0.395489 0.567373 0.029860 0.044915
20 0.586086 0.564407 0.065438 0.045763
13 0.214422 0.758898 0.041296 0.048305
43 0.209339 0.664407 0.029860 0.045763
12 0.526684 0.659322 0.030496 0.045763
3 0.219187 0.569492 0.031766 0.045763
57 0.228399 0.711441 0.031131 0.046610
52 0.120076 0.617797 0.048285 0.047458
56 0.201080 0.616949 0.031131 0.047458
6 0.324651 0.567797 0.030496 0.045763
49 0.119123 0.760593 0.054003 0.048305
17 0.111499 0.570763 0.031131 0.044915
18 0.439644 0.707203 0.030496 0.046610
21 0.236658 0.615678 0.031131 0.046610
31 0.456798 0.660169 0.030496 0.045763
30 0.492694 0.647034 0.840534 0.417797
1 0.148030 0.570763 0.030496 0.046610
48 0.499365 0.566525 0.029225 0.044915
36 0.446315 0.613559 0.031131 0.045763
2 0.183609 0.570339 0.031766 0.045763
26 0.560991 0.658898 0.030496 0.044915
28 0.387230 0.661017 0.031131 0.045763
29 0.422808 0.661017 0.031131 0.045763
50 0.596252 0.751695 0.051461 0.047458
34 0.508577 0.705085 0.029860 0.044068
15 0.333863 0.709322 0.031131 0.045763
40 0.474587 0.705932 0.030496 0.045763
23 0.281449 0.663136 0.030496 0.044915
0 0.464740 0.566525 0.031131 0.044915
14 0.461881 0.753390 0.040661 0.047458
