57 0.169552 0.626825 0.035642 0.067518
34 0.508147 0.626825 0.036660 0.071168
28 0.359980 0.551095 0.035642 0.072993
32 0.083503 0.626825 0.036660 0.071168
29 0.401731 0.550182 0.035642 0.071168
17 0.029022 0.396898 0.037678 0.071168
3 0.158350 0.398723 0.037678 0.071168
1 0.072811 0.398723 0.035642 0.071168
12 0.529532 0.552007 0.036660 0.071168
35 0.338595 0.626825 0.035642 0.067518
23 0.232179 0.551095 0.034623 0.069343
26 0.571792 0.551095 0.035642 0.072993
58 0.126782 0.626825 0.035642 0.067518
51 0.263747 0.473540 0.034623 0.067518
0 0.455193 0.399635 0.036660 0.072993
33 0.380855 0.627737 0.036660 0.072993
6 0.285642 0.398723 0.035642 0.071168
39 0.561100 0.475365 0.036660 0.074818
42 0.221487 0.474453 0.035642 0.069343
44 0.035642 0.626825 0.046843 0.067518
46 0.588595 0.626825 0.112016 0.071168
30 0.500000 0.496350 0.997963 0.642336
48 0.496945 0.398723 0.036660 0.071168
56 0.136965 0.473540 0.035642 0.067518
19 0.189919 0.550182 0.035642 0.071168
49 0.040224 0.704380 0.062118 0.072993
4 0.201120 0.398723 0.035642 0.071168
31 0.444501 0.551095 0.035642 0.072993
25 0.317210 0.550182 0.035642 0.067518
13 0.152749 0.702555 0.046843 0.069343
38 0.475560 0.474453 0.036660 0.069343
16 0.211303 0.625912 0.035642 0.065693
7 0.327902 0.398723 0.034623 0.071168
8 0.370163 0.399635 0.035642 0.072993
52 0.041242 0.473540 0.058045 0.067518
40 0.465886 0.626825 0.035642 0.067518
18 0.423625 0.627737 0.036660 0.072993
27 0.391039 0.473540 0.034623 0.067518
54 0.517821 0.475365 0.037678 0.071168
9 0.412933 0.399635 0.035642 0.072993
47 0.302444 0.703467 0.238289 0.071168
22 0.614562 0.512774 0.058045 0.153285
53 0.348778 0.475365 0.035642 0.071168
43 0.147149 0.551095 0.035642 0.069343
20 0.603870 0.396898 0.079430 0.067518
14 0.450102 0.704380 0.048880 0.069343
36 0.433299 0.475365 0.035642 0.071168
50 0.615071 0.705292 0.063136 0.074818
2 0.116090 0.398723 0.036660 0.071168
37 0.486762 0.552007 0.036660 0.071168
11 0.540224 0.399635 0.035642 0.069343
15 0.296334 0.625912 0.036660 0.069343
55 0.254073 0.625000 0.035642 0.067518
10 0.105397 0.551095 0.035642 0.069343
5 0.242872 0.398723 0.035642 0.071168
24 0.274949 0.551095 0.034623 0.069343
21 0.178717 0.474453 0.035642 0.069343
59 0.306517 0.473540 0.034623 0.067518
45 0.046843 0.548358 0.069246 0.063869
41 0.094705 0.475365 0.036660 0.071168
