52 0.115625 0.585417 0.052500 0.049167
19 0.245000 0.635833 0.033750 0.050000
24 0.320000 0.636250 0.032500 0.049167
25 0.357812 0.635833 0.033125 0.050000
40 0.486563 0.684583 0.033125 0.049167
3 0.221875 0.537083 0.033750 0.047500
36 0.458750 0.585833 0.032500 0.048333
51 0.312188 0.586667 0.033125 0.048333
43 0.207500 0.636250 0.033750 0.049167
13 0.206875 0.737500 0.045000 0.051667
47 0.339375 0.736250 0.215000 0.052500
44 0.103750 0.686667 0.043750 0.050000
6 0.332188 0.537917 0.033125 0.047500
53 0.386250 0.586250 0.033750 0.049167
7 0.370000 0.537500 0.032500 0.046667
23 0.282500 0.636250 0.032500 0.049167
27 0.422812 0.585833 0.031875 0.048333
9 0.441875 0.537917 0.032500 0.047500
29 0.431875 0.635417 0.032500 0.049167
35 0.374688 0.685833 0.033125 0.050000
48 0.513437 0.538333 0.031875 0.046667
31 0.467813 0.635417 0.033125 0.049167
39 0.567813 0.585833 0.033125 0.048333
49 0.105313 0.737917 0.055625 0.052500
50 0.615938 0.736250 0.055625 0.052500
28 0.395000 0.635833 0.033750 0.050000
26 0.577187 0.635417 0.033125 0.049167
4 0.258125 0.537500 0.032500 0.048333
41 0.162500 0.586250 0.035000 0.049167
56 0.200313 0.586250 0.033125 0.049167
20 0.602812 0.537917 0.069375 0.047500
34 0.522813 0.684167 0.033125 0.048333
1 0.147187 0.537500 0.034375 0.048333
32 0.147500 0.686250 0.035000 0.050833
16 0.261875 0.686250 0.035000 0.049167
57 0.224062 0.686667 0.034375 0.050000
21 0.237813 0.586250 0.034375 0.049167
14 0.472187 0.735833 0.043125 0.051667
42 0.275000 0.587083 0.033750 0.049167
0 0.477500 0.537500 0.032500 0.046667
10 0.170000 0.636250 0.033750 0.049167
37 0.504375 0.635417 0.033750 0.049167
59 0.349062 0.586250 0.033125 0.049167
54 0.530625 0.586667 0.033750 0.050000
45 0.118125 0.635833 0.063750 0.050000
8 0.405938 0.537917 0.031875 0.047500
30 0.504375 0.620000 0.910000 0.438333
58 0.185625 0.686667 0.033750 0.050000
17 0.108750 0.536667 0.033750 0.048333
2 0.185000 0.537083 0.035000 0.047500
12 0.541250 0.635417 0.033750 0.049167
55 0.299687 0.685833 0.034375 0.050000
46 0.592187 0.684167 0.099375 0.050000
11 0.548750 0.538750 0.031250 0.047500
5 0.295000 0.537500 0.032500 0.046667
22 0.613125 0.610417 0.053750 0.100833
38 0.494688 0.586250 0.031875 0.049167
33 0.412187 0.685417 0.034375 0.050833
18 0.449688 0.685000 0.033125 0.050000
15 0.337187 0.685417 0.034375 0.050833
