28 0.373485 0.333333 0.046970 0.070423
23 0.216667 0.335681 0.045455 0.065728
2 0.079545 0.190141 0.046970 0.065728
42 0.206061 0.261737 0.045455 0.068075
41 0.050758 0.264085 0.046970 0.068075
11 0.595455 0.181925 0.045455 0.068075
43 0.112121 0.336854 0.045455 0.068075
14 0.450000 0.485915 0.042424 0.070423
59 0.309091 0.258216 0.045455 0.070423
7 0.337121 0.185446 0.046970 0.065728
44 0.012879 0.414319 0.022727 0.068075
22 0.682576 0.292254 0.062121 0.147887
47 0.293939 0.489437 0.257576 0.072770
0 0.491667 0.183099 0.046970 0.065728
15 0.293939 0.410798 0.048485 0.070423
29 0.425758 0.333333 0.045455 0.070423
10 0.060606 0.336854 0.045455 0.068075
34 0.557576 0.408451 0.048485 0.070423
33 0.399242 0.409624 0.046970 0.072770
5 0.233333 0.185446 0.045455 0.065728
51 0.257576 0.259390 0.045455 0.068075
1 0.028788 0.190141 0.045455 0.065728
31 0.478030 0.332160 0.046970 0.068075
55 0.241667 0.410798 0.046970 0.070423
56 0.102273 0.262911 0.046970 0.070423
39 0.621970 0.255869 0.046970 0.070423
50 0.543182 0.485915 0.040909 0.070423
48 0.543182 0.181925 0.046970 0.068075
53 0.361364 0.258216 0.046970 0.070423
52 0.015909 0.264085 0.028788 0.068075
25 0.321212 0.334507 0.045455 0.068075
16 0.188636 0.413146 0.046970 0.070423
9 0.440152 0.183099 0.046970 0.065728
13 0.134848 0.490610 0.048485 0.070423
18 0.452273 0.408451 0.046970 0.070423
37 0.531061 0.332160 0.046970 0.068075
8 0.387879 0.184272 0.045455 0.068075
26 0.635606 0.332160 0.046970 0.068075
4 0.181818 0.187793 0.045455 0.065728
57 0.137121 0.413146 0.046970 0.070423
24 0.268182 0.334507 0.045455 0.068075
17 0.009091 0.188967 0.015152 0.063380
46 0.650000 0.406103 0.127273 0.070423
35 0.346212 0.410798 0.046970 0.070423
6 0.284848 0.185446 0.045455 0.065728
19 0.164394 0.336854 0.046970 0.068075
21 0.153788 0.261737 0.046970 0.068075
36 0.464394 0.257042 0.046970 0.068075
32 0.032576 0.414319 0.046970 0.068075
58 0.084091 0.414319 0.046970 0.068075
27 0.412879 0.257042 0.046970 0.068075
20 0.665909 0.179577 0.083333 0.068075
30 0.473485 0.325117 0.943939 0.514085
45 0.018939 0.338028 0.034848 0.070423
12 0.584091 0.330986 0.046970 0.070423
49 0.013636 0.491784 0.024242 0.072770
54 0.569697 0.257042 0.048485 0.068075
3 0.131061 0.187793 0.046970 0.065728
40 0.504545 0.408451 0.048485 0.070423
38 0.517424 0.257042 0.046970 0.068075
