58 0.167504 0.471319 0.039455 0.055449
50 0.704089 0.514340 0.043759 0.059273
36 0.501435 0.343690 0.040172 0.052581
53 0.412841 0.345602 0.039455 0.054493
32 0.120516 0.473709 0.044476 0.060229
57 0.216643 0.469885 0.040172 0.054493
20 0.673242 0.280593 0.079627 0.052581
3 0.207317 0.290631 0.041607 0.055449
22 0.686872 0.367113 0.063845 0.114723
42 0.276184 0.348948 0.040172 0.053537
55 0.310976 0.467017 0.040890 0.054493
5 0.299857 0.290153 0.041607 0.056405
11 0.607963 0.283939 0.039455 0.051625
26 0.644548 0.397228 0.039455 0.052581
23 0.287661 0.406788 0.040172 0.052581
30 0.502152 0.374761 0.997131 0.579350
38 0.544835 0.342734 0.039455 0.052581
18 0.492468 0.460325 0.040890 0.056405
49 0.069225 0.538719 0.071019 0.064054
35 0.402080 0.463671 0.039455 0.053537
13 0.192611 0.533939 0.068149 0.062141
37 0.557747 0.400096 0.039455 0.054493
52 0.073171 0.352294 0.061693 0.056405
31 0.514347 0.401052 0.038737 0.052581
14 0.573529 0.519120 0.042324 0.059273
44 0.064562 0.475143 0.053085 0.057361
19 0.240674 0.407744 0.039455 0.054493
41 0.135222 0.353728 0.045194 0.059273
25 0.379484 0.404876 0.040172 0.052581
33 0.448350 0.463671 0.041607 0.057361
10 0.143472 0.411568 0.044476 0.054493
29 0.469512 0.402008 0.039455 0.052581
56 0.181851 0.350382 0.039455 0.052581
40 0.537303 0.458891 0.040172 0.053537
21 0.230273 0.350382 0.043042 0.056405
48 0.565280 0.284895 0.040172 0.053537
59 0.367288 0.346558 0.038737 0.052581
2 0.160330 0.291109 0.043759 0.056405
4 0.252869 0.290153 0.039455 0.054493
54 0.587877 0.342734 0.040890 0.054493
28 0.424677 0.403442 0.038737 0.053537
15 0.356528 0.465105 0.041607 0.056405
43 0.192611 0.409656 0.040890 0.054493
1 0.110832 0.290631 0.039455 0.053537
51 0.321736 0.347036 0.038020 0.051625
17 0.062769 0.291587 0.039455 0.053537
12 0.601865 0.398662 0.040172 0.053537
27 0.457676 0.344168 0.037303 0.051625
46 0.663917 0.454589 0.115495 0.056405
0 0.522238 0.285851 0.041607 0.055449
16 0.263630 0.468451 0.042324 0.055449
47 0.389885 0.528203 0.319225 0.069790
24 0.333572 0.406310 0.040172 0.053537
45 0.074247 0.412524 0.069584 0.056405
6 0.345050 0.289197 0.040172 0.056405
8 0.434720 0.287285 0.040172 0.054493
39 0.632353 0.340822 0.039455 0.054493
34 0.581420 0.457935 0.040890 0.053537
7 0.390244 0.287763 0.040172 0.053537
9 0.478479 0.286807 0.040172 0.055449
