10 0.051346 0.507923 0.038952 0.107394
30 0.496813 0.475352 0.992210 0.947183
0 0.419972 0.290493 0.039660 0.109155
48 0.463173 0.292254 0.038244 0.109155
16 0.163952 0.617958 0.040368 0.109155
17 0.010623 0.282570 0.019830 0.110915
6 0.243626 0.288732 0.039660 0.109155
41 0.040722 0.397007 0.043201 0.110915
39 0.529037 0.400528 0.039660 0.107394
19 0.142351 0.507923 0.039660 0.110915
15 0.253187 0.617077 0.041785 0.110915
14 0.413598 0.727993 0.050992 0.110915
59 0.265227 0.397887 0.038952 0.109155
49 0.017705 0.729754 0.033994 0.114437
9 0.376771 0.290493 0.039660 0.109155
22 0.582861 0.455106 0.062323 0.223592
56 0.085694 0.397007 0.038244 0.107394
4 0.153683 0.286972 0.038244 0.109155
37 0.451841 0.508803 0.039660 0.109155
40 0.429533 0.616197 0.040368 0.109155
5 0.198300 0.287852 0.039660 0.107394
57 0.118980 0.618838 0.039660 0.107394
31 0.408994 0.508803 0.038952 0.109155
28 0.321176 0.507042 0.038952 0.109155
54 0.484419 0.400528 0.041076 0.110915
13 0.100567 0.728873 0.052408 0.112676
20 0.574363 0.292254 0.084986 0.109155
46 0.555949 0.617077 0.114731 0.110915
51 0.220963 0.397887 0.038244 0.109155
38 0.440510 0.399648 0.038244 0.109155
43 0.096671 0.507042 0.040368 0.109155
44 0.013456 0.617958 0.025496 0.109155
21 0.130666 0.397007 0.040368 0.110915
26 0.538952 0.508803 0.039660 0.109155
18 0.385977 0.615317 0.038244 0.110915
33 0.342422 0.617958 0.040368 0.112676
45 0.019476 0.506162 0.037535 0.110915
42 0.175992 0.397007 0.040368 0.110915
50 0.583215 0.731514 0.067280 0.110915
34 0.473442 0.617077 0.038952 0.107394
8 0.332507 0.289613 0.038952 0.110915
1 0.019476 0.285211 0.037535 0.109155
55 0.208569 0.617958 0.038952 0.109155
47 0.257790 0.729754 0.253541 0.114437
24 0.231232 0.507042 0.038952 0.109155
23 0.186969 0.508803 0.038244 0.109155
58 0.073654 0.617958 0.039660 0.109155
29 0.365793 0.507923 0.038952 0.107394
36 0.397309 0.398768 0.039660 0.107394
11 0.507082 0.293134 0.038244 0.107394
52 0.016289 0.395246 0.031161 0.110915
53 0.309844 0.398768 0.038952 0.110915
25 0.276912 0.508803 0.038244 0.109155
27 0.354108 0.398768 0.036827 0.107394
12 0.496105 0.509683 0.038952 0.110915
35 0.298159 0.617958 0.038244 0.109155
7 0.288952 0.288732 0.038244 0.109155
32 0.027620 0.617958 0.041076 0.109155
2 0.064093 0.285211 0.040368 0.109155
3 0.109773 0.285211 0.041076 0.109155
