34 0.456602 0.642079 0.039318 0.050495
24 0.211053 0.576733 0.037834 0.048515
30 0.497774 0.532673 0.994065 0.497030
39 0.512982 0.524257 0.039318 0.050495
47 0.263353 0.700000 0.314540 0.061386
36 0.379451 0.522277 0.037834 0.048515
48 0.447329 0.465842 0.040059 0.050495
37 0.434347 0.582178 0.039318 0.051485
16 0.142062 0.634158 0.037834 0.048515
8 0.316024 0.463861 0.040059 0.050495
9 0.359792 0.464851 0.040059 0.050495
35 0.275223 0.638614 0.038576 0.049505
59 0.247404 0.519307 0.037834 0.048515
57 0.098665 0.633168 0.038576 0.048515
33 0.320104 0.640594 0.039318 0.053465
5 0.185089 0.460891 0.037834 0.048515
22 0.571217 0.553960 0.062315 0.113861
58 0.053783 0.630693 0.037834 0.049505
23 0.168027 0.576733 0.037834 0.050495
41 0.030415 0.516337 0.040059 0.052475
21 0.116469 0.517822 0.038576 0.051485
42 0.159496 0.517327 0.037092 0.048515
7 0.272626 0.462376 0.039318 0.049505
32 0.015579 0.631188 0.029674 0.052475
43 0.080119 0.573267 0.037092 0.049505
54 0.468101 0.524257 0.038576 0.050495
0 0.403561 0.465842 0.040059 0.052475
6 0.228116 0.461386 0.037834 0.049505
45 0.015579 0.570297 0.029674 0.049505
56 0.073442 0.514851 0.035608 0.047525
31 0.389837 0.581188 0.037834 0.049505
51 0.203635 0.518317 0.036350 0.046535
2 0.056009 0.457426 0.037834 0.049505
17 0.008902 0.455941 0.016320 0.044554
49 0.016320 0.689109 0.031157 0.053465
11 0.491469 0.465347 0.037834 0.047525
40 0.410979 0.640594 0.038576 0.049505
25 0.255564 0.578218 0.037834 0.047525
18 0.365727 0.640099 0.040059 0.050495
10 0.035979 0.572772 0.039318 0.048515
1 0.014837 0.456931 0.028190 0.046535
3 0.098665 0.459406 0.038576 0.051485
12 0.479228 0.583168 0.040059 0.051485
29 0.344955 0.580198 0.038576 0.049505
53 0.291172 0.520297 0.036350 0.048515
46 0.543027 0.643564 0.118694 0.051485
15 0.231083 0.637624 0.039318 0.051485
14 0.444362 0.704455 0.043027 0.056436
27 0.335312 0.520297 0.035608 0.046535
50 0.581973 0.706931 0.043769 0.055446
52 0.015208 0.513366 0.028932 0.048515
55 0.186573 0.635644 0.037834 0.049505
20 0.558605 0.465347 0.083086 0.047525
26 0.524481 0.583663 0.040059 0.052475
28 0.299703 0.579208 0.038576 0.049505
4 0.141320 0.459406 0.036350 0.049505
13 0.072700 0.691584 0.062315 0.052475
19 0.123887 0.574257 0.037092 0.049505
38 0.423961 0.522772 0.037834 0.047525
44 0.012611 0.628713 0.023739 0.049505
