11 0.801875 0.190833 0.056250 0.078333
41 0.179375 0.269167 0.058750 0.078333
38 0.713750 0.270000 0.057500 0.080000
47 0.448750 0.506667 0.292500 0.083333
43 0.254375 0.348333 0.056250 0.076667
39 0.831875 0.270000 0.056250 0.080000
2 0.210000 0.190833 0.057500 0.078333
18 0.639375 0.426667 0.056250 0.080000
7 0.507500 0.190833 0.057500 0.078333
58 0.225625 0.427500 0.056250 0.078333
1 0.150000 0.190000 0.055000 0.076667
24 0.431875 0.348333 0.056250 0.076667
14 0.625625 0.506667 0.058750 0.080000
56 0.239375 0.268333 0.056250 0.080000
48 0.742500 0.190833 0.057500 0.078333
29 0.610625 0.348333 0.056250 0.080000
40 0.698750 0.427500 0.057500 0.078333
21 0.298750 0.269167 0.057500 0.078333
20 0.884375 0.189167 0.103750 0.078333
50 0.744375 0.507500 0.058750 0.081667
45 0.112500 0.348333 0.102500 0.080000
9 0.625000 0.190833 0.057500 0.078333
0 0.683750 0.190833 0.057500 0.078333
44 0.097500 0.428333 0.075000 0.080000
59 0.476250 0.269167 0.057500 0.078333
31 0.669375 0.349167 0.056250 0.078333
33 0.580625 0.426667 0.058750 0.080000
3 0.268750 0.190833 0.057500 0.078333
4 0.328125 0.190833 0.056250 0.078333
35 0.520625 0.425833 0.056250 0.078333
51 0.417500 0.269167 0.055000 0.078333
23 0.373125 0.348333 0.056250 0.080000
52 0.105000 0.268333 0.087500 0.080000
5 0.387500 0.190833 0.057500 0.078333
27 0.596250 0.269167 0.057500 0.078333
49 0.091250 0.507500 0.062500 0.081667
22 0.898750 0.310000 0.072500 0.156667
57 0.285000 0.426667 0.057500 0.080000
10 0.195625 0.347500 0.056250 0.078333
6 0.446875 0.190833 0.056250 0.078333
37 0.728750 0.350000 0.057500 0.076667
55 0.403125 0.427500 0.056250 0.078333
13 0.269375 0.506667 0.058750 0.080000
28 0.550625 0.349167 0.056250 0.078333
16 0.344375 0.426667 0.058750 0.076667
17 0.090000 0.189167 0.057500 0.078333
53 0.535625 0.270000 0.058750 0.080000
32 0.166250 0.427500 0.057500 0.078333
54 0.772500 0.270000 0.057500 0.080000
15 0.461250 0.425833 0.057500 0.078333
26 0.846250 0.349167 0.057500 0.078333
8 0.566250 0.191667 0.057500 0.080000
19 0.313750 0.347500 0.057500 0.078333
34 0.758750 0.427500 0.057500 0.078333
25 0.491250 0.348333 0.057500 0.076667
46 0.861875 0.426667 0.146250 0.080000
36 0.653750 0.269167 0.057500 0.078333
12 0.787500 0.349167 0.057500 0.078333
30 0.498125 0.333333 0.921250 0.516667
42 0.358125 0.270000 0.056250 0.076667
