10 0.166788 0.593297 0.039971 0.110507
30 0.514535 0.523551 0.972384 0.956522
0 0.545058 0.369565 0.040698 0.112319
48 0.589390 0.371377 0.039244 0.112319
16 0.282340 0.706522 0.041424 0.112319
17 0.085029 0.361413 0.040698 0.114130
6 0.364099 0.367754 0.040698 0.112319
41 0.155887 0.479167 0.044331 0.114130
39 0.656977 0.482790 0.040698 0.110507
19 0.260174 0.593297 0.040698 0.114130
15 0.373910 0.705616 0.042878 0.114130
14 0.538517 0.819746 0.052326 0.114130
59 0.386265 0.480072 0.039971 0.112319
49 0.094477 0.821558 0.069767 0.117754
9 0.500727 0.369565 0.040698 0.112319
22 0.712209 0.538949 0.063953 0.230072
56 0.202035 0.479167 0.039244 0.110507
4 0.271802 0.365942 0.039244 0.112319
37 0.577762 0.594203 0.040698 0.112319
40 0.554869 0.704710 0.041424 0.112319
5 0.317587 0.366848 0.040698 0.110507
57 0.236192 0.707428 0.040698 0.110507
31 0.533794 0.594203 0.039971 0.112319
28 0.443677 0.592391 0.039971 0.112319
54 0.611192 0.482790 0.042151 0.114130
13 0.217297 0.820652 0.053779 0.115942
20 0.703488 0.371377 0.087209 0.112319
46 0.684593 0.705616 0.117733 0.114130
51 0.340843 0.480072 0.039244 0.112319
38 0.566134 0.481884 0.039244 0.112319
43 0.213299 0.592391 0.041424 0.112319
44 0.089390 0.706522 0.052326 0.112319
21 0.248183 0.479167 0.041424 0.114130
26 0.667151 0.594203 0.040698 0.112319
18 0.510174 0.703804 0.039244 0.114130
33 0.465480 0.706522 0.041424 0.115942
45 0.102471 0.591486 0.077035 0.114130
42 0.294695 0.479167 0.041424 0.114130
50 0.712573 0.823370 0.069041 0.114130
34 0.599927 0.705616 0.039971 0.110507
8 0.455305 0.368659 0.039971 0.114130
1 0.132994 0.364130 0.040698 0.112319
55 0.328125 0.706522 0.039971 0.112319
47 0.378634 0.821558 0.260174 0.117754
24 0.351381 0.592391 0.039971 0.112319
23 0.305959 0.594203 0.039244 0.112319
58 0.189680 0.706522 0.040698 0.112319
29 0.489462 0.593297 0.039971 0.110507
36 0.521802 0.480978 0.040698 0.110507
11 0.634448 0.372283 0.039244 0.110507
52 0.096657 0.477355 0.063953 0.114130
53 0.432049 0.480978 0.039971 0.114130
25 0.398256 0.594203 0.039244 0.112319
27 0.477471 0.480978 0.037791 0.110507
12 0.623183 0.595109 0.039971 0.114130
35 0.420058 0.706522 0.039244 0.112319
7 0.410610 0.367754 0.039244 0.112319
32 0.142442 0.706522 0.042151 0.112319
2 0.179869 0.364130 0.041424 0.112319
3 0.226744 0.364130 0.042151 0.112319
