0 0.595313 0.314583 0.040625 0.057500
18 0.552188 0.495000 0.039375 0.056667
57 0.276562 0.492917 0.036875 0.054167
10 0.209375 0.432083 0.037500 0.054167
46 0.740313 0.495000 0.133125 0.056667
30 0.485000 0.435417 0.765000 0.400833
27 0.520625 0.372500 0.038750 0.053333
21 0.289687 0.373750 0.038125 0.055833
41 0.200000 0.373750 0.041250 0.055833
31 0.578438 0.434167 0.039375 0.055000
34 0.647500 0.496250 0.038750 0.055833
51 0.381563 0.372500 0.036875 0.053333
39 0.707187 0.373750 0.041875 0.057500
6 0.407813 0.313750 0.039375 0.055833
9 0.548750 0.314583 0.041250 0.057500
12 0.672188 0.435000 0.038125 0.055000
33 0.507500 0.495417 0.041250 0.059167
47 0.429688 0.555417 0.180625 0.059167
49 0.174687 0.552917 0.039375 0.055833
23 0.345938 0.433333 0.036875 0.053333
4 0.316563 0.313333 0.038125 0.056667
53 0.473438 0.372500 0.039375 0.055000
55 0.367812 0.493333 0.036875 0.053333
14 0.548438 0.555417 0.041875 0.055833
2 0.226562 0.315000 0.040625 0.058333
48 0.640938 0.313750 0.039375 0.055833
11 0.688125 0.313333 0.038750 0.055000
20 0.762500 0.311250 0.092500 0.054167
37 0.625000 0.434583 0.038750 0.055833
16 0.321875 0.492917 0.038750 0.052500
59 0.427187 0.372500 0.036875 0.053333
32 0.312188 0.556250 0.041875 0.059167
24 0.390625 0.432083 0.036250 0.052500
45 0.148438 0.431667 0.068125 0.055000
56 0.245000 0.372500 0.037500 0.053333
1 0.181875 0.315000 0.038750 0.056667
26 0.719375 0.435000 0.041250 0.056667
5 0.362187 0.313750 0.039375 0.057500
15 0.412500 0.492917 0.038750 0.054167
8 0.500938 0.314167 0.040625 0.058333
40 0.600625 0.495417 0.041250 0.055833
13 0.265625 0.553333 0.038750 0.055000
29 0.531875 0.433750 0.038750 0.054167
17 0.136875 0.314167 0.038750 0.053333
36 0.565937 0.372500 0.039375 0.055000
35 0.459688 0.493750 0.039375 0.054167
19 0.299687 0.433333 0.039375 0.055000
38 0.613750 0.372917 0.040000 0.055833
28 0.485000 0.433333 0.038750 0.055000
25 0.437188 0.432917 0.036875 0.052500
3 0.271875 0.314167 0.041250 0.058333
42 0.335625 0.372500 0.038750 0.053333
52 0.144687 0.371667 0.055625 0.055000
22 0.771563 0.405000 0.070625 0.118333
7 0.454688 0.314167 0.038125 0.056667
54 0.660000 0.372917 0.040000 0.055833
44 0.158125 0.491250 0.090000 0.057500
43 0.253437 0.432083 0.036875 0.054167
58 0.230937 0.492500 0.038125 0.055000
