0 0.500343 0.480440 0.036401 0.068460
13 0.193338 0.779951 0.048764 0.073350
20 0.648008 0.478606 0.080357 0.064792
9 0.459135 0.481051 0.036401 0.067237
46 0.632898 0.704768 0.111951 0.064792
36 0.478022 0.552567 0.035714 0.063570
10 0.151786 0.627751 0.035714 0.072127
11 0.583791 0.481663 0.035714 0.066015
2 0.167582 0.477384 0.037088 0.067237
45 0.094780 0.627139 0.067308 0.070905
17 0.083791 0.475550 0.035714 0.068460
59 0.353365 0.551345 0.036401 0.063570
5 0.291552 0.477384 0.036401 0.064792
4 0.250343 0.477384 0.036401 0.064792
56 0.185783 0.549511 0.035027 0.067237
40 0.509272 0.704156 0.036401 0.068460
14 0.493132 0.782396 0.048077 0.070905
48 0.541896 0.481663 0.035714 0.068460
53 0.394918 0.551956 0.037088 0.064792
50 0.661058 0.789731 0.063874 0.075795
23 0.277473 0.627751 0.037088 0.069682
19 0.235234 0.628362 0.036401 0.070905
15 0.338942 0.702323 0.037775 0.069682
1 0.125687 0.477384 0.035714 0.067237
55 0.296360 0.702934 0.037775 0.070905
44 0.080357 0.702934 0.046703 0.070905
12 0.573489 0.630196 0.037088 0.069682
24 0.320055 0.627139 0.035714 0.068460
28 0.404533 0.626528 0.035714 0.067237
42 0.269231 0.551345 0.037088 0.068460
39 0.604396 0.555623 0.037088 0.069682
54 0.561813 0.555012 0.037088 0.068460
32 0.127747 0.701100 0.038462 0.072127
25 0.361607 0.627751 0.036401 0.064792
21 0.227679 0.553178 0.037775 0.072127
7 0.376030 0.479218 0.036401 0.066015
18 0.466690 0.703545 0.036401 0.069682
3 0.209135 0.477995 0.036401 0.068460
58 0.169986 0.702323 0.036401 0.069682
33 0.424451 0.704768 0.037088 0.072127
30 0.517857 0.596577 0.965659 0.655257
27 0.437157 0.551345 0.035027 0.061125
16 0.254464 0.702323 0.037775 0.069682
37 0.530220 0.629584 0.037088 0.068460
34 0.551168 0.704768 0.036401 0.067237
41 0.143887 0.551956 0.037775 0.069682
47 0.343407 0.780562 0.241758 0.069682
57 0.212569 0.701100 0.036401 0.067237
52 0.092033 0.549511 0.056319 0.067237
22 0.659341 0.592910 0.060440 0.149144
35 0.381525 0.701711 0.037775 0.066015
51 0.311126 0.550733 0.035714 0.064792
29 0.447115 0.628973 0.035714 0.067237
8 0.417582 0.480440 0.035714 0.068460
43 0.193338 0.627139 0.036401 0.070905
26 0.615728 0.631418 0.036401 0.069682
38 0.519574 0.553178 0.036401 0.064792
49 0.082761 0.779951 0.061126 0.075795
6 0.333791 0.477995 0.035714 0.066015
31 0.488324 0.628973 0.035714 0.067237
