59 0.472000 0.282727 0.048000 0.070909
10 0.217000 0.355455 0.048000 0.070909
11 0.759000 0.208182 0.046000 0.067273
46 0.837000 0.434545 0.160000 0.072727
51 0.419500 0.280909 0.047000 0.070909
52 0.134000 0.277273 0.088000 0.070909
57 0.295500 0.434545 0.049000 0.076364
7 0.499500 0.208182 0.047000 0.067273
50 0.731500 0.517273 0.051000 0.078182
32 0.187000 0.434545 0.050000 0.076364
27 0.578000 0.281818 0.048000 0.069091
13 0.291500 0.516364 0.051000 0.076364
15 0.458000 0.436364 0.050000 0.072727
18 0.620000 0.437273 0.050000 0.074545
37 0.699500 0.359091 0.049000 0.070909
12 0.753500 0.360000 0.049000 0.072727
25 0.485000 0.358182 0.048000 0.069091
44 0.117000 0.432727 0.078000 0.076364
31 0.645500 0.359091 0.049000 0.070909
54 0.736000 0.282727 0.050000 0.070909
29 0.592500 0.359091 0.049000 0.070909
5 0.394500 0.206364 0.047000 0.067273
42 0.366000 0.280000 0.048000 0.069091
22 0.866000 0.319091 0.098000 0.147273
28 0.539000 0.358182 0.048000 0.072727
40 0.675000 0.437273 0.050000 0.074545
1 0.185000 0.203636 0.048000 0.069091
20 0.844000 0.206364 0.114000 0.067273
23 0.378000 0.357273 0.048000 0.070909
16 0.349000 0.435455 0.050000 0.074545
41 0.207500 0.279091 0.049000 0.070909
24 0.431000 0.357273 0.048000 0.070909
45 0.136000 0.352727 0.104000 0.072727
55 0.404000 0.435455 0.050000 0.074545
17 0.125500 0.202727 0.061000 0.067273
36 0.630500 0.282727 0.049000 0.070909
53 0.525000 0.282727 0.048000 0.070909
43 0.270500 0.355455 0.049000 0.070909
4 0.342000 0.204545 0.046000 0.067273
38 0.684000 0.282727 0.048000 0.070909
3 0.289500 0.205455 0.049000 0.069091
34 0.729000 0.437273 0.050000 0.074545
58 0.241000 0.434545 0.050000 0.076364
21 0.313500 0.279091 0.049000 0.070909
8 0.551500 0.208182 0.047000 0.067273
48 0.707000 0.209091 0.048000 0.069091
30 0.502500 0.357273 0.873000 0.518182
35 0.512000 0.437273 0.050000 0.074545
6 0.446500 0.206364 0.047000 0.067273
9 0.603000 0.208182 0.048000 0.067273
2 0.238000 0.204545 0.048000 0.067273
26 0.806000 0.358182 0.048000 0.072727
33 0.567500 0.437273 0.049000 0.074545
14 0.622000 0.516364 0.050000 0.076364
0 0.655000 0.209091 0.048000 0.069091
49 0.112000 0.514545 0.082000 0.076364
19 0.324500 0.356364 0.049000 0.072727
47 0.457000 0.514545 0.270000 0.072727
56 0.260500 0.279091 0.049000 0.070909
39 0.789000 0.281818 0.048000 0.069091
