57 0.180862 0.622760 0.035070 0.066308
34 0.514028 0.622760 0.036072 0.069892
28 0.368236 0.548387 0.035070 0.071685
32 0.096192 0.622760 0.036072 0.069892
29 0.409319 0.547491 0.035070 0.069892
17 0.042585 0.396953 0.037074 0.069892
3 0.169840 0.398746 0.037074 0.069892
1 0.085671 0.398746 0.035070 0.069892
12 0.535070 0.549283 0.036072 0.069892
35 0.347194 0.622760 0.035070 0.066308
23 0.242485 0.548387 0.034068 0.068100
26 0.576653 0.548387 0.035070 0.071685
58 0.138778 0.622760 0.035070 0.066308
51 0.273547 0.472222 0.034068 0.066308
0 0.461924 0.399642 0.036072 0.071685
33 0.388778 0.623656 0.036072 0.071685
6 0.295090 0.398746 0.035070 0.069892
39 0.566132 0.474014 0.036072 0.073477
42 0.231964 0.473118 0.035070 0.068100
44 0.049098 0.622760 0.046092 0.066308
46 0.593186 0.622760 0.110220 0.069892
30 0.498998 0.494624 0.995992 0.630824
48 0.503006 0.398746 0.036072 0.069892
56 0.148798 0.472222 0.035070 0.066308
19 0.200902 0.547491 0.035070 0.069892
49 0.053607 0.698925 0.061122 0.071685
4 0.211924 0.398746 0.035070 0.069892
31 0.451403 0.548387 0.035070 0.071685
25 0.326152 0.547491 0.035070 0.066308
13 0.164329 0.697133 0.046092 0.068100
38 0.481964 0.473118 0.036072 0.068100
16 0.221944 0.621864 0.035070 0.064516
7 0.336673 0.398746 0.034068 0.069892
8 0.378257 0.399642 0.035070 0.071685
52 0.054609 0.472222 0.057114 0.066308
40 0.472445 0.622760 0.035070 0.066308
18 0.430862 0.623656 0.036072 0.071685
27 0.398798 0.472222 0.034068 0.066308
54 0.523547 0.474014 0.037074 0.069892
9 0.420341 0.399642 0.035070 0.071685
47 0.311623 0.698029 0.234469 0.069892
22 0.618737 0.510753 0.057114 0.150538
53 0.357214 0.474014 0.035070 0.069892
43 0.158818 0.548387 0.035070 0.068100
20 0.608216 0.396953 0.078156 0.066308
14 0.456914 0.698925 0.048096 0.068100
36 0.440381 0.474014 0.035070 0.069892
50 0.619238 0.699821 0.062124 0.073477
2 0.128257 0.398746 0.036072 0.069892
37 0.492986 0.549283 0.036072 0.069892
11 0.545591 0.399642 0.035070 0.068100
15 0.305611 0.621864 0.036072 0.068100
55 0.264028 0.620968 0.035070 0.066308
10 0.117735 0.548387 0.035070 0.068100
5 0.253006 0.398746 0.035070 0.069892
24 0.284569 0.548387 0.034068 0.068100
21 0.189880 0.473118 0.035070 0.068100
59 0.315631 0.472222 0.034068 0.066308
45 0.060120 0.545699 0.068136 0.062724
41 0.107214 0.474014 0.036072 0.069892
