50 0.710292 0.533051 0.047014 0.050847
8 0.544790 0.314407 0.043837 0.047458
40 0.658831 0.477542 0.045743 0.050000
58 0.256989 0.476271 0.046379 0.050847
41 0.224905 0.366102 0.045743 0.049153
55 0.407243 0.476695 0.045743 0.050000
35 0.507942 0.477119 0.046379 0.050847
0 0.641995 0.315254 0.045108 0.047458
33 0.558767 0.477542 0.046379 0.050000
10 0.234117 0.419915 0.045108 0.048305
17 0.161372 0.312288 0.031766 0.044915
30 0.496823 0.425847 0.792884 0.373729
53 0.520648 0.367797 0.045108 0.049153
4 0.350064 0.313983 0.043202 0.046610
39 0.765565 0.368644 0.044473 0.047458
56 0.274460 0.366525 0.044473 0.048305
16 0.357370 0.476695 0.046379 0.050000
25 0.483164 0.421610 0.045108 0.050000
31 0.632465 0.422458 0.045108 0.050000
49 0.150572 0.530932 0.048285 0.051695
19 0.333227 0.421186 0.045108 0.049153
14 0.608958 0.532627 0.046379 0.051695
7 0.496506 0.314407 0.043837 0.047458
43 0.283672 0.420763 0.045108 0.048305
15 0.457751 0.476695 0.046379 0.050000
42 0.372618 0.367373 0.045108 0.048305
26 0.780496 0.422881 0.045108 0.049153
13 0.303050 0.532627 0.047014 0.051695
28 0.533037 0.421610 0.045743 0.050000
52 0.169632 0.364831 0.057179 0.048305
51 0.421537 0.366525 0.045108 0.048305
29 0.583227 0.422034 0.045743 0.050847
45 0.171855 0.419068 0.070521 0.050000
36 0.618488 0.368220 0.045108 0.050000
1 0.203939 0.313136 0.044473 0.046610
18 0.608323 0.477542 0.045108 0.050000
44 0.155019 0.474576 0.047014 0.050847
21 0.323698 0.366525 0.045108 0.048305
34 0.708386 0.477119 0.045743 0.049153
24 0.432973 0.421186 0.045108 0.049153
38 0.668043 0.368644 0.045108 0.049153
22 0.822109 0.395763 0.060991 0.101695
12 0.731576 0.422881 0.046379 0.049153
59 0.471410 0.367797 0.044473 0.049153
48 0.689962 0.315678 0.044473 0.046610
5 0.398348 0.313983 0.044473 0.046610
57 0.306861 0.475847 0.045743 0.050000
27 0.570203 0.367373 0.045108 0.048305
20 0.805273 0.315254 0.080686 0.045763
9 0.593710 0.314407 0.045108 0.047458
3 0.301461 0.313559 0.045108 0.047458
37 0.681703 0.422881 0.045743 0.049153
46 0.795743 0.476271 0.121347 0.049153
32 0.205845 0.474576 0.047014 0.050847
2 0.253177 0.313136 0.045108 0.046610
6 0.447586 0.313983 0.043837 0.046610
11 0.738564 0.315678 0.043837 0.046610
23 0.383418 0.421186 0.045108 0.049153
54 0.716328 0.369068 0.045108 0.048305
47 0.456798 0.532203 0.250318 0.050847
