51 0.268106 0.544944 0.037604 0.048689
0 0.458914 0.489700 0.037604 0.046816
17 0.035515 0.488764 0.040390 0.052434
8 0.375348 0.490637 0.037604 0.048689
22 0.618384 0.575843 0.061281 0.114232
55 0.258357 0.658240 0.037604 0.046816
13 0.157382 0.717228 0.050139 0.052434
36 0.438022 0.546816 0.037604 0.048689
43 0.153203 0.602996 0.038997 0.052434
32 0.088440 0.659176 0.037604 0.052434
9 0.417131 0.489700 0.037604 0.046816
35 0.342618 0.659176 0.038997 0.048689
30 0.501393 0.558989 1.000000 0.492509
47 0.305014 0.716292 0.239554 0.054307
37 0.490947 0.602996 0.037604 0.048689
39 0.564067 0.547753 0.038997 0.050562
54 0.521588 0.545880 0.037604 0.050562
7 0.333565 0.489700 0.037604 0.050562
14 0.453343 0.718165 0.048747 0.054307
15 0.299443 0.659176 0.038997 0.048689
3 0.163649 0.487828 0.037604 0.050562
4 0.205432 0.488764 0.037604 0.048689
38 0.480501 0.545880 0.036212 0.046816
1 0.079387 0.489700 0.038997 0.050562
27 0.396240 0.546816 0.037604 0.048689
26 0.574513 0.602060 0.037604 0.046816
6 0.289694 0.489700 0.038997 0.050562
53 0.353760 0.547753 0.038997 0.050562
21 0.183844 0.545880 0.038997 0.050562
50 0.617688 0.720037 0.065460 0.054307
28 0.364903 0.602996 0.038997 0.048689
16 0.215181 0.658240 0.037604 0.046816
12 0.532730 0.603933 0.037604 0.050562
48 0.500696 0.489700 0.037604 0.046816
52 0.046657 0.544944 0.059889 0.052434
46 0.591226 0.658240 0.112813 0.046816
20 0.607242 0.489700 0.083565 0.046816
19 0.194986 0.603933 0.036212 0.050562
56 0.142061 0.544007 0.036212 0.046816
40 0.468663 0.656367 0.037604 0.046816
49 0.045961 0.718165 0.064067 0.054307
45 0.052228 0.602996 0.071031 0.052434
42 0.226323 0.545880 0.037604 0.050562
23 0.236769 0.602996 0.038997 0.048689
10 0.110724 0.602060 0.037604 0.050562
58 0.131616 0.659176 0.037604 0.052434
18 0.426880 0.659176 0.037604 0.048689
44 0.040390 0.661049 0.050139 0.052434
2 0.121866 0.487828 0.037604 0.050562
31 0.447772 0.602996 0.037604 0.048689
59 0.311281 0.545880 0.037604 0.046816
24 0.279248 0.602996 0.037604 0.048689
29 0.407382 0.603933 0.037604 0.050562
57 0.172702 0.658240 0.036212 0.046816
41 0.100279 0.546816 0.038997 0.052434
33 0.385097 0.660112 0.037604 0.050562
11 0.543175 0.490637 0.038997 0.048689
25 0.322423 0.602996 0.040390 0.048689
34 0.510446 0.658240 0.037604 0.046816
5 0.247214 0.488764 0.037604 0.048689
