45 0.045156 0.511236 0.089115 0.126404
20 0.805622 0.240871 0.110048 0.125000
15 0.381579 0.650983 0.053828 0.125000
52 0.037978 0.374298 0.074761 0.125000
1 0.079844 0.241573 0.052033 0.123596
21 0.223086 0.377809 0.052632 0.126404
25 0.411184 0.515449 0.052033 0.123596
26 0.761663 0.516152 0.052033 0.125000
43 0.179426 0.513343 0.052632 0.125000
33 0.498804 0.653090 0.053828 0.129213
58 0.150718 0.650281 0.051435 0.126404
28 0.469797 0.514747 0.052033 0.125000
55 0.324462 0.650983 0.052033 0.125000
14 0.557416 0.790028 0.053828 0.122191
12 0.703947 0.516152 0.053828 0.127809
36 0.571471 0.377809 0.054426 0.126404
19 0.237141 0.514747 0.052033 0.125000
39 0.747608 0.377809 0.052632 0.126404
29 0.528708 0.515449 0.052632 0.126404
49 0.030801 0.783708 0.060407 0.129213
44 0.030801 0.647472 0.060407 0.126404
6 0.367823 0.242275 0.052632 0.122191
59 0.397129 0.378511 0.052632 0.125000
17 0.023923 0.240169 0.046651 0.120787
46 0.784390 0.650983 0.156100 0.127809
40 0.615730 0.653090 0.053230 0.123596
35 0.440789 0.653792 0.053828 0.125000
57 0.207835 0.648876 0.052033 0.126404
11 0.718002 0.241573 0.052033 0.123596
54 0.689294 0.379213 0.054426 0.129213
30 0.500598 0.494382 1.000000 0.941011
50 0.673744 0.790730 0.053230 0.123596
47 0.382476 0.789326 0.280502 0.126404
48 0.659689 0.242275 0.052632 0.125000
38 0.630682 0.379213 0.054426 0.126404
42 0.281100 0.378511 0.052632 0.125000
23 0.295156 0.514045 0.052033 0.123596
10 0.121711 0.512640 0.050837 0.123596
27 0.514055 0.378511 0.053230 0.125000
2 0.137560 0.241573 0.052632 0.123596
5 0.309809 0.241573 0.052632 0.123596
53 0.455443 0.379213 0.053230 0.126404
4 0.252392 0.241573 0.051435 0.123596
0 0.601077 0.242978 0.052632 0.126404
51 0.339115 0.378511 0.052632 0.125000
24 0.352572 0.514045 0.052033 0.123596
8 0.484450 0.242978 0.052632 0.126404
9 0.543361 0.242275 0.053230 0.125000
56 0.165371 0.376404 0.052033 0.126404
7 0.426734 0.243680 0.052033 0.125000
41 0.108254 0.377107 0.052632 0.125000
31 0.587022 0.516152 0.052033 0.125000
13 0.207536 0.787921 0.052632 0.123596
34 0.673744 0.653090 0.053230 0.123596
37 0.645036 0.516854 0.053230 0.126404
16 0.265849 0.650281 0.053230 0.123596
22 0.821172 0.447331 0.080144 0.262640
18 0.557117 0.653090 0.053230 0.126404
3 0.194677 0.240871 0.053230 0.125000
32 0.093002 0.649579 0.052033 0.127809
