57 0.176512 0.514124 0.042194 0.056497
16 0.219761 0.513653 0.042897 0.055556
33 0.397328 0.514595 0.040788 0.055556
43 0.156118 0.456215 0.042194 0.055556
47 0.312588 0.572034 0.251055 0.057439
5 0.258790 0.341337 0.040788 0.053672
38 0.494374 0.398305 0.039381 0.054614
49 0.038678 0.573446 0.067511 0.060264
48 0.515471 0.342279 0.039381 0.053672
32 0.087201 0.513653 0.043601 0.055556
44 0.035865 0.514124 0.050633 0.054614
42 0.235935 0.398776 0.041491 0.055556
54 0.537271 0.398776 0.040788 0.055556
34 0.528481 0.512241 0.040084 0.052731
19 0.200422 0.455744 0.042194 0.056497
25 0.332630 0.456215 0.040788 0.055556
30 0.500703 0.443032 1.000000 0.500000
6 0.302039 0.341337 0.041491 0.053672
46 0.609353 0.511770 0.117440 0.055556
23 0.244726 0.456215 0.040788 0.055556
17 0.042897 0.341808 0.040788 0.054614
0 0.473629 0.341808 0.040084 0.052731
35 0.353376 0.515066 0.041491 0.056497
15 0.308720 0.514124 0.042194 0.056497
7 0.345992 0.341337 0.039381 0.053672
27 0.409283 0.398776 0.039381 0.053672
52 0.050633 0.398776 0.061885 0.055556
24 0.288326 0.455744 0.040788 0.056497
9 0.431083 0.342279 0.040788 0.053672
29 0.419831 0.456685 0.040788 0.054614
20 0.622714 0.339925 0.083685 0.054614
28 0.376231 0.456685 0.040788 0.056497
18 0.440225 0.514124 0.040788 0.056497
13 0.156118 0.573446 0.056259 0.060264
40 0.484529 0.513183 0.040788 0.054614
51 0.279184 0.398305 0.040788 0.054614
4 0.215893 0.341337 0.039381 0.053672
11 0.558720 0.342279 0.038678 0.053672
56 0.148734 0.398305 0.041491 0.056497
1 0.086146 0.341808 0.041491 0.054614
22 0.635724 0.426083 0.064698 0.113936
26 0.592475 0.455744 0.038678 0.056497
12 0.549578 0.456215 0.040084 0.055556
53 0.365682 0.398776 0.040788 0.055556
2 0.129747 0.341808 0.041491 0.054614
36 0.451477 0.397834 0.039381 0.053672
58 0.131153 0.514595 0.042897 0.057439
14 0.467300 0.571563 0.052743 0.058380
3 0.172996 0.341337 0.042194 0.053672
45 0.052039 0.456215 0.074543 0.057439
37 0.505626 0.456215 0.040788 0.055556
50 0.637131 0.572034 0.067511 0.059322
31 0.462377 0.456215 0.038678 0.055556
8 0.388537 0.341337 0.040084 0.053672
21 0.192686 0.397834 0.042194 0.057439
55 0.265120 0.514595 0.042194 0.055556
39 0.580872 0.397834 0.040788 0.053672
10 0.112166 0.455744 0.041491 0.056497
59 0.322433 0.398305 0.041491 0.054614
41 0.105485 0.398305 0.043601 0.056497
