51 0.221014 0.580078 0.039130 0.050781
0 0.419565 0.522461 0.039130 0.048828
17 0.011594 0.521484 0.020290 0.054688
8 0.332609 0.523438 0.039130 0.050781
22 0.585507 0.612305 0.063768 0.119141
55 0.210870 0.698242 0.039130 0.048828
13 0.105797 0.759766 0.052174 0.054688
36 0.397826 0.582031 0.039130 0.050781
43 0.101449 0.640625 0.040580 0.054688
32 0.034058 0.699219 0.039130 0.054688
9 0.376087 0.522461 0.039130 0.048828
35 0.298551 0.699219 0.040580 0.050781
30 0.493478 0.594727 0.984058 0.513672
47 0.259420 0.758789 0.249275 0.056641
37 0.452899 0.640625 0.039130 0.050781
39 0.528986 0.583008 0.040580 0.052734
54 0.484783 0.581055 0.039130 0.052734
7 0.289130 0.522461 0.039130 0.052734
14 0.413768 0.760742 0.050725 0.056641
15 0.253623 0.699219 0.040580 0.050781
3 0.112319 0.520508 0.039130 0.052734
4 0.155797 0.521484 0.039130 0.050781
38 0.442029 0.581055 0.037681 0.048828
1 0.024638 0.522461 0.040580 0.052734
27 0.354348 0.582031 0.039130 0.050781
26 0.539855 0.639648 0.039130 0.048828
6 0.243478 0.522461 0.040580 0.052734
53 0.310145 0.583008 0.040580 0.052734
21 0.133333 0.581055 0.040580 0.052734
50 0.584783 0.762695 0.068116 0.056641
28 0.321739 0.640625 0.040580 0.050781
16 0.165942 0.698242 0.039130 0.048828
12 0.496377 0.641602 0.039130 0.052734
48 0.463043 0.522461 0.039130 0.048828
52 0.016667 0.580078 0.030435 0.054688
46 0.557246 0.698242 0.117391 0.048828
20 0.573913 0.522461 0.086957 0.048828
19 0.144928 0.641602 0.037681 0.052734
56 0.089855 0.579102 0.037681 0.048828
40 0.429710 0.696289 0.039130 0.048828
49 0.018116 0.760742 0.033333 0.056641
45 0.019565 0.640625 0.036232 0.054688
42 0.177536 0.581055 0.039130 0.052734
23 0.188406 0.640625 0.040580 0.050781
10 0.057246 0.639648 0.039130 0.052734
58 0.078986 0.699219 0.039130 0.054688
18 0.386232 0.699219 0.039130 0.050781
44 0.014493 0.701172 0.026087 0.054688
2 0.068841 0.520508 0.039130 0.052734
31 0.407971 0.640625 0.039130 0.050781
59 0.265942 0.581055 0.039130 0.048828
24 0.232609 0.640625 0.039130 0.050781
29 0.365942 0.641602 0.039130 0.052734
57 0.121739 0.698242 0.037681 0.048828
41 0.046377 0.582031 0.040580 0.054688
33 0.342754 0.700195 0.039130 0.052734
11 0.507246 0.523438 0.040580 0.050781
25 0.277536 0.640625 0.042029 0.050781
34 0.473188 0.698242 0.039130 0.048828
5 0.199275 0.521484 0.039130 0.050781
