50 0.703750 0.535833 0.046250 0.050000
8 0.540937 0.320833 0.043125 0.046667
40 0.653125 0.481250 0.045000 0.049167
58 0.257812 0.480000 0.045625 0.050000
41 0.226250 0.371667 0.045000 0.048333
55 0.405625 0.480417 0.045000 0.049167
35 0.504687 0.480833 0.045625 0.050000
0 0.636563 0.321667 0.044375 0.046667
33 0.554688 0.481250 0.045625 0.049167
10 0.235313 0.424583 0.044375 0.047500
17 0.163750 0.318750 0.031250 0.044167
30 0.493750 0.430417 0.780000 0.367500
53 0.517188 0.373333 0.044375 0.048333
4 0.349375 0.320417 0.042500 0.045833
39 0.758125 0.374167 0.043750 0.046667
56 0.275000 0.372083 0.043750 0.047500
16 0.356563 0.480417 0.045625 0.049167
25 0.480312 0.426250 0.044375 0.049167
31 0.627188 0.427083 0.044375 0.049167
49 0.153125 0.533750 0.047500 0.050833
19 0.332813 0.425833 0.044375 0.048333
14 0.604062 0.535417 0.045625 0.050833
7 0.493437 0.320833 0.043125 0.046667
43 0.284062 0.425417 0.044375 0.047500
15 0.455313 0.480417 0.045625 0.049167
42 0.371563 0.372917 0.044375 0.047500
26 0.772813 0.427500 0.044375 0.048333
13 0.303125 0.535417 0.046250 0.050833
28 0.529375 0.426250 0.045000 0.049167
52 0.171875 0.370417 0.056250 0.047500
51 0.419687 0.372083 0.044375 0.047500
29 0.578750 0.426667 0.045000 0.050000
45 0.174063 0.423750 0.069375 0.049167
36 0.613437 0.373750 0.044375 0.049167
1 0.205625 0.319583 0.043750 0.045833
18 0.603437 0.481250 0.044375 0.049167
44 0.157500 0.478333 0.046250 0.050000
21 0.323437 0.372083 0.044375 0.047500
34 0.701875 0.480833 0.045000 0.048333
24 0.430937 0.425833 0.044375 0.048333
38 0.662188 0.374167 0.044375 0.048333
22 0.813750 0.400833 0.060000 0.100000
12 0.724688 0.427500 0.045625 0.048333
59 0.468750 0.373333 0.043750 0.048333
48 0.683750 0.322083 0.043750 0.045833
5 0.396875 0.320417 0.043750 0.045833
57 0.306875 0.479583 0.045000 0.049167
27 0.565937 0.372917 0.044375 0.047500
20 0.797188 0.321667 0.079375 0.045000
9 0.589063 0.320833 0.044375 0.046667
3 0.301563 0.320000 0.044375 0.046667
37 0.675625 0.427500 0.045000 0.048333
46 0.787813 0.480000 0.119375 0.048333
32 0.207500 0.478333 0.046250 0.050000
2 0.254063 0.319583 0.044375 0.045833
6 0.445312 0.320417 0.043125 0.045833
11 0.731563 0.322083 0.043125 0.045833
23 0.382188 0.425833 0.044375 0.048333
54 0.709688 0.374583 0.044375 0.047500
47 0.454375 0.535000 0.246250 0.050000
