25 0.290000 0.673820 0.037143 0.051502
58 0.100714 0.725322 0.035714 0.051502
12 0.498571 0.678112 0.037143 0.051502
32 0.058571 0.725322 0.037143 0.055794
16 0.182143 0.729614 0.035714 0.051502
6 0.265000 0.561159 0.035714 0.049356
46 0.556429 0.734979 0.110000 0.053648
45 0.032143 0.664163 0.061429 0.049356
49 0.015714 0.783262 0.028571 0.060086
52 0.032857 0.609442 0.054286 0.047210
26 0.539286 0.678112 0.035714 0.051502
43 0.125714 0.668455 0.037143 0.049356
19 0.166429 0.670601 0.035714 0.049356
14 0.392857 0.795064 0.040000 0.057940
33 0.350714 0.733906 0.038571 0.055794
55 0.225000 0.730687 0.038571 0.053648
22 0.576429 0.650215 0.058571 0.107296
24 0.248571 0.671674 0.037143 0.051502
47 0.264286 0.791845 0.208571 0.060086
41 0.081429 0.609442 0.034286 0.047210
4 0.185714 0.559013 0.034286 0.049356
21 0.162143 0.611588 0.035714 0.051502
17 0.030000 0.554721 0.040000 0.049356
34 0.477857 0.734979 0.038571 0.053648
38 0.445000 0.619099 0.035714 0.049356
31 0.413571 0.675966 0.035714 0.051502
44 0.019286 0.722103 0.035714 0.053648
13 0.135714 0.787554 0.040000 0.055794
48 0.465000 0.565451 0.035714 0.049356
53 0.322857 0.618026 0.037143 0.051502
54 0.485714 0.619099 0.037143 0.049356
30 0.402143 0.681330 0.801429 0.392704
15 0.265714 0.731760 0.037143 0.055794
9 0.384286 0.563305 0.037143 0.049356
29 0.372857 0.674893 0.037143 0.053648
27 0.364286 0.618026 0.037143 0.051502
42 0.202143 0.612661 0.035714 0.049356
11 0.505000 0.565451 0.035714 0.049356
8 0.345000 0.562232 0.035714 0.051502
51 0.241429 0.614807 0.034286 0.049356
56 0.121429 0.610515 0.037143 0.049356
7 0.305000 0.560086 0.035714 0.051502
0 0.425000 0.564378 0.035714 0.047210
5 0.225714 0.559013 0.037143 0.049356
2 0.107143 0.555794 0.037143 0.047210
23 0.207143 0.670601 0.034286 0.049356
10 0.085714 0.666309 0.037143 0.049356
35 0.308571 0.732833 0.037143 0.053648
18 0.392857 0.733906 0.037143 0.055794
57 0.141429 0.727468 0.037143 0.051502
28 0.331429 0.673820 0.037143 0.051502
37 0.456429 0.675966 0.035714 0.051502
59 0.282857 0.614807 0.037143 0.049356
1 0.069286 0.555794 0.032857 0.051502
3 0.145714 0.556867 0.037143 0.049356
50 0.478571 0.796137 0.040000 0.055794
36 0.404286 0.619099 0.037143 0.049356
40 0.435000 0.734979 0.038571 0.053648
39 0.527143 0.620172 0.037143 0.051502
20 0.563571 0.567597 0.075714 0.045064
