53 0.420625 0.367647 0.046250 0.139706
51 0.318750 0.363971 0.045000 0.139706
37 0.584375 0.512868 0.046250 0.136029
42 0.269375 0.367647 0.046250 0.139706
57 0.205625 0.663603 0.046250 0.143382
56 0.168125 0.363971 0.046250 0.139706
39 0.672500 0.363971 0.047500 0.139706
22 0.735625 0.437500 0.073750 0.286765
20 0.721875 0.215074 0.096250 0.136029
0 0.545625 0.218750 0.046250 0.136029
34 0.610000 0.661765 0.047500 0.139706
8 0.445625 0.220588 0.046250 0.132353
9 0.495625 0.218750 0.046250 0.136029
33 0.458125 0.661765 0.046250 0.139706
14 0.509375 0.808824 0.046250 0.139706
49 0.043125 0.814338 0.061250 0.143382
18 0.508750 0.661765 0.047500 0.139706
52 0.053125 0.363971 0.071250 0.139706
45 0.058750 0.514706 0.085000 0.139706
35 0.407500 0.661765 0.047500 0.139706
24 0.331875 0.512868 0.046250 0.136029
29 0.484375 0.511029 0.046250 0.139706
28 0.433125 0.512868 0.046250 0.136029
54 0.621875 0.363971 0.046250 0.139706
3 0.194375 0.220588 0.046250 0.132353
32 0.103125 0.663603 0.046250 0.143382
40 0.559375 0.661765 0.048750 0.139706
30 0.503750 0.494485 0.990000 0.981618
13 0.204375 0.814338 0.046250 0.136029
48 0.596250 0.218750 0.045000 0.136029
19 0.230625 0.514706 0.046250 0.139706
12 0.635625 0.512868 0.046250 0.136029
31 0.533750 0.512868 0.045000 0.136029
46 0.704375 0.658088 0.136250 0.139706
25 0.382500 0.511029 0.045000 0.132353
50 0.611250 0.812500 0.047500 0.139706
11 0.646875 0.216912 0.046250 0.132353
17 0.041250 0.218750 0.045000 0.136029
59 0.370000 0.367647 0.047500 0.139706
1 0.093125 0.218750 0.046250 0.136029
15 0.356875 0.663603 0.046250 0.136029
26 0.685000 0.512868 0.045000 0.136029
21 0.218125 0.365809 0.046250 0.136029
10 0.128750 0.514706 0.045000 0.139706
27 0.470625 0.363971 0.046250 0.139706
6 0.345000 0.218750 0.045000 0.136029
43 0.178750 0.512868 0.045000 0.136029
4 0.245000 0.220588 0.045000 0.132353
38 0.571250 0.363971 0.047500 0.139706
44 0.044375 0.663603 0.058750 0.143382
55 0.306875 0.661765 0.046250 0.139706
7 0.395625 0.220588 0.046250 0.132353
47 0.356875 0.808824 0.248750 0.139706
36 0.520625 0.363971 0.046250 0.139706
41 0.117500 0.365809 0.047500 0.136029
2 0.143750 0.220588 0.045000 0.132353
16 0.255625 0.661765 0.046250 0.139706
23 0.281250 0.512868 0.045000 0.136029
5 0.294375 0.216912 0.046250 0.132353
58 0.154375 0.665441 0.046250 0.139706
