27 0.609040 0.550116 0.036158 0.036501
26 0.707910 0.467265 0.036158 0.036501
31 0.655932 0.536211 0.036158 0.036501
58 0.543220 0.748552 0.033333 0.034762
52 0.452260 0.762746 0.049153 0.051564
57 0.562712 0.721031 0.036158 0.036501
20 0.671186 0.418019 0.053107 0.053882
41 0.475706 0.728563 0.036158 0.036501
7 0.556215 0.569525 0.033333 0.034762
29 0.639548 0.562283 0.036158 0.036501
14 0.703107 0.583430 0.033333 0.034762
22 0.712712 0.433662 0.067232 0.051564
1 0.440113 0.723059 0.037288 0.037080
11 0.645198 0.450753 0.036158 0.032445
34 0.709040 0.519409 0.036158 0.036501
44 0.500565 0.806779 0.044068 0.045771
45 0.480226 0.779838 0.054237 0.059096
32 0.523446 0.775203 0.033333 0.034762
2 0.460452 0.697567 0.035028 0.037080
47 0.646893 0.662225 0.110734 0.140209
35 0.638983 0.616744 0.036158 0.036501
54 0.662712 0.479432 0.036158 0.036501
28 0.622599 0.584878 0.036158 0.036501
18 0.674011 0.567497 0.036158 0.036501
36 0.626554 0.526362 0.036158 0.036501
55 0.601130 0.668308 0.036158 0.036501
30 0.625424 0.571842 0.520904 0.580533
13 0.590113 0.740440 0.033333 0.034762
48 0.628249 0.475666 0.036158 0.032445
4 0.499435 0.644844 0.035028 0.037080
53 0.591525 0.575029 0.036158 0.036501
16 0.583051 0.696118 0.036158 0.036501
59 0.572316 0.600521 0.036158 0.036501
51 0.553107 0.625435 0.036158 0.036501
8 0.574294 0.544612 0.033333 0.034762
12 0.690960 0.489861 0.036158 0.036501
24 0.583616 0.635863 0.036158 0.036501
43 0.524294 0.715238 0.036158 0.036501
23 0.566102 0.663094 0.036158 0.036501
10 0.506780 0.743048 0.036158 0.036501
39 0.679096 0.458575 0.036158 0.036501
5 0.518362 0.619351 0.033333 0.034762
40 0.692090 0.543163 0.036158 0.036501
15 0.620339 0.642816 0.036158 0.036501
42 0.535028 0.650348 0.036158 0.036501
49 0.528814 0.827636 0.044068 0.045771
56 0.494915 0.703071 0.036158 0.036501
33 0.656497 0.591251 0.036158 0.036501
37 0.673446 0.514774 0.036158 0.036501
19 0.543503 0.687717 0.033898 0.038239
46 0.740395 0.475377 0.063842 0.072422
17 0.419774 0.749421 0.036158 0.036501
50 0.735311 0.535921 0.033333 0.034762
9 0.592373 0.519119 0.033333 0.034762
3 0.480226 0.670915 0.035028 0.037080
21 0.514689 0.677578 0.036158 0.036501
0 0.610734 0.498841 0.036158 0.032445
38 0.644068 0.504345 0.036158 0.036501
25 0.602260 0.612688 0.036158 0.036501
6 0.537571 0.595017 0.033333 0.034762
