35 0.395046 0.622917 0.022164 0.075000
17 0.200456 0.372917 0.022816 0.079167
19 0.301499 0.542708 0.021512 0.077083
55 0.340939 0.623958 0.020860 0.077083
12 0.515645 0.536458 0.020860 0.077083
43 0.273794 0.541667 0.022164 0.079167
6 0.363103 0.371875 0.022164 0.081250
26 0.541721 0.535417 0.020860 0.079167
24 0.355280 0.538542 0.022164 0.077083
52 0.206649 0.459375 0.035202 0.077083
32 0.231747 0.627083 0.022816 0.079167
29 0.436115 0.538542 0.020860 0.077083
1 0.227836 0.373958 0.021512 0.081250
7 0.389831 0.371875 0.022164 0.081250
27 0.429270 0.455208 0.020209 0.072917
13 0.275098 0.713542 0.028683 0.081250
46 0.553129 0.618750 0.068449 0.075000
16 0.314211 0.625000 0.022164 0.075000
41 0.240548 0.458333 0.022164 0.079167
22 0.568449 0.491667 0.035202 0.166667
58 0.259452 0.628125 0.020860 0.077083
59 0.375815 0.455208 0.021512 0.077083
28 0.409061 0.538542 0.021512 0.077083
44 0.201108 0.628125 0.028031 0.077083
40 0.475880 0.620833 0.020860 0.075000
47 0.370600 0.712500 0.150587 0.083333
50 0.570404 0.709375 0.039113 0.085417
2 0.255215 0.372917 0.022816 0.083333
37 0.488918 0.537500 0.022164 0.079167
4 0.309322 0.373958 0.021512 0.081250
48 0.495437 0.369792 0.022164 0.081250
5 0.336050 0.372917 0.021512 0.083333
36 0.455671 0.455208 0.020860 0.072917
20 0.562256 0.366667 0.050196 0.079167
23 0.328553 0.540625 0.020860 0.077083
56 0.268253 0.458333 0.021512 0.079167
53 0.402868 0.456250 0.020860 0.075000
25 0.382334 0.539583 0.021512 0.075000
3 0.282269 0.373958 0.023468 0.081250
57 0.287158 0.625000 0.021512 0.075000
8 0.416558 0.371875 0.022164 0.081250
15 0.368318 0.623958 0.022164 0.077083
0 0.468709 0.371875 0.022164 0.081250
30 0.497392 0.485417 0.674055 0.862500
51 0.349087 0.457292 0.021512 0.077083
18 0.448827 0.622917 0.021512 0.075000
45 0.209257 0.542708 0.041721 0.081250
33 0.422425 0.623958 0.020860 0.077083
39 0.534224 0.453125 0.021512 0.081250
14 0.465450 0.708333 0.028683 0.079167
42 0.322686 0.457292 0.020860 0.077083
21 0.295632 0.458333 0.022816 0.079167
34 0.502608 0.620833 0.020860 0.075000
11 0.521186 0.368750 0.021512 0.079167
31 0.462190 0.536458 0.020860 0.077083
10 0.246089 0.542708 0.021512 0.077083
54 0.508475 0.453125 0.022164 0.077083
9 0.442308 0.371875 0.021512 0.081250
38 0.481747 0.454167 0.020860 0.075000
49 0.203064 0.715625 0.037158 0.085417
