5 0.289375 0.666250 0.030000 0.045833
35 0.370000 0.805417 0.030000 0.045833
43 0.210000 0.761250 0.031250 0.045833
7 0.360938 0.665833 0.030625 0.046667
47 0.338750 0.855000 0.196250 0.050000
13 0.215000 0.856667 0.041250 0.048333
12 0.527188 0.755417 0.030625 0.045833
55 0.298750 0.806667 0.030000 0.045000
8 0.395000 0.664583 0.031250 0.045833
37 0.491250 0.755417 0.031250 0.045833
3 0.220000 0.668333 0.030000 0.045000
45 0.126250 0.762917 0.058750 0.047500
21 0.235625 0.713750 0.031250 0.045833
0 0.464062 0.663333 0.030625 0.045000
52 0.120625 0.715417 0.047500 0.044167
19 0.245938 0.760833 0.030625 0.046667
54 0.515625 0.708333 0.031250 0.046667
40 0.474062 0.802500 0.030625 0.045000
24 0.316250 0.759167 0.030000 0.045000
48 0.498125 0.662500 0.031250 0.045000
39 0.550625 0.707500 0.031250 0.045000
16 0.262813 0.807083 0.031875 0.045833
58 0.192812 0.809583 0.030625 0.045833
15 0.334062 0.805417 0.031875 0.045833
56 0.201563 0.714583 0.030625 0.045833
33 0.404375 0.804583 0.032500 0.047500
42 0.271562 0.713750 0.031875 0.045833
49 0.119688 0.858750 0.053125 0.049167
29 0.422187 0.756667 0.030625 0.045000
34 0.508750 0.801250 0.028750 0.044167
25 0.351875 0.758333 0.030000 0.045000
41 0.165313 0.715417 0.033125 0.047500
23 0.281250 0.760000 0.030000 0.045000
51 0.307188 0.712500 0.030625 0.045000
32 0.156562 0.810000 0.031875 0.046667
6 0.325000 0.665417 0.031250 0.045833
57 0.228750 0.808333 0.030000 0.045000
9 0.429688 0.664167 0.031875 0.045000
28 0.386250 0.757500 0.030000 0.045000
17 0.111562 0.669583 0.031875 0.045833
26 0.560625 0.754167 0.030000 0.045000
53 0.377188 0.711250 0.031875 0.045833
38 0.480938 0.708333 0.029375 0.043333
20 0.584688 0.660417 0.064375 0.044167
14 0.461562 0.849583 0.040625 0.045833
10 0.174687 0.762083 0.030625 0.045833
31 0.456562 0.755833 0.029375 0.045000
1 0.148750 0.669583 0.032500 0.045833
36 0.446562 0.709167 0.030625 0.045000
46 0.572812 0.800417 0.089375 0.045833
59 0.342813 0.712083 0.030625 0.045833
27 0.411562 0.709583 0.029375 0.044167
4 0.254688 0.667083 0.029375 0.045833
44 0.115625 0.811250 0.040000 0.045833
30 0.498125 0.711667 0.842500 0.430000
2 0.185000 0.668750 0.032500 0.045833
22 0.594375 0.730000 0.047500 0.093333
50 0.595313 0.847083 0.050625 0.045833
11 0.532813 0.662083 0.030625 0.044167
18 0.438750 0.802917 0.031250 0.045833
