40 0.487221 0.661392 0.034731 0.072152
28 0.392529 0.586076 0.035387 0.073418
11 0.555374 0.437975 0.037353 0.073418
1 0.133028 0.436076 0.035387 0.074684
27 0.421363 0.511392 0.032765 0.068354
44 0.093709 0.659494 0.043250 0.070886
7 0.364351 0.437342 0.034076 0.072152
5 0.285387 0.437342 0.034731 0.072152
32 0.138925 0.658861 0.035387 0.072152
8 0.401704 0.438608 0.034076 0.074684
23 0.274902 0.585443 0.033421 0.069620
52 0.101900 0.510127 0.053080 0.073418
3 0.209371 0.436709 0.034731 0.070886
59 0.344037 0.512025 0.036697 0.074684
47 0.338467 0.736709 0.218218 0.075949
33 0.411206 0.661392 0.034731 0.074684
24 0.313565 0.585443 0.034731 0.072152
25 0.353539 0.584810 0.034731 0.070886
58 0.177916 0.658861 0.033421 0.072152
46 0.598952 0.663924 0.102228 0.074684
45 0.106160 0.584177 0.064220 0.074684
14 0.472477 0.735443 0.045872 0.075949
49 0.098624 0.734177 0.058322 0.075949
48 0.517366 0.438608 0.036042 0.072152
17 0.093054 0.435443 0.035387 0.073418
13 0.200197 0.734177 0.043906 0.075949
18 0.448886 0.661392 0.035387 0.074684
50 0.622543 0.737975 0.057667 0.075949
56 0.189056 0.510759 0.034731 0.074684
16 0.254587 0.659494 0.034731 0.073418
37 0.506225 0.587342 0.034731 0.073418
20 0.610747 0.437975 0.078637 0.075949
54 0.534731 0.513291 0.036697 0.074684
21 0.228047 0.510127 0.035387 0.073418
9 0.439712 0.438608 0.034076 0.072152
53 0.382372 0.512658 0.034731 0.073418
12 0.546199 0.588608 0.033421 0.073418
55 0.293578 0.660759 0.034076 0.073418
2 0.171691 0.436709 0.034076 0.070886
29 0.431193 0.586709 0.034076 0.072152
42 0.266710 0.512658 0.035387 0.073418
0 0.478375 0.439241 0.034076 0.073418
51 0.305046 0.512025 0.034731 0.072152
19 0.236239 0.584810 0.034731 0.073418
38 0.496396 0.512025 0.033421 0.072152
41 0.150066 0.510127 0.035387 0.073418
34 0.526212 0.660759 0.034076 0.073418
10 0.159567 0.584810 0.033421 0.070886
35 0.372543 0.662025 0.034731 0.075949
57 0.217235 0.660127 0.033421 0.072152
15 0.332896 0.660759 0.036697 0.075949
31 0.468545 0.587342 0.034076 0.073418
22 0.622543 0.550000 0.055046 0.153165
30 0.517038 0.567089 0.938401 0.658228
43 0.197248 0.584810 0.034076 0.073418
36 0.458060 0.513291 0.034076 0.072152
6 0.324050 0.436709 0.034731 0.073418
4 0.247706 0.436709 0.032765 0.073418
