45 0.053646 0.560440 0.081250 0.109890
20 0.717708 0.325397 0.095833 0.108669
15 0.348438 0.681929 0.046875 0.108669
52 0.047396 0.441392 0.068750 0.108669
1 0.085677 0.326007 0.045312 0.107448
21 0.210417 0.444444 0.045833 0.109890
25 0.374219 0.564103 0.045312 0.107448
26 0.679427 0.564713 0.045312 0.108669
43 0.172396 0.562271 0.045833 0.108669
33 0.450521 0.683761 0.046875 0.112332
58 0.147396 0.681319 0.044792 0.109890
28 0.425260 0.563492 0.045312 0.108669
55 0.298698 0.681929 0.045312 0.108669
14 0.501563 0.802808 0.046875 0.106227
12 0.629167 0.564713 0.046875 0.111111
36 0.513802 0.444444 0.047396 0.109890
19 0.222656 0.563492 0.045312 0.108669
39 0.667188 0.444444 0.045833 0.109890
29 0.476562 0.564103 0.045833 0.109890
49 0.039583 0.797314 0.059375 0.112332
44 0.040625 0.678877 0.057292 0.109890
6 0.336458 0.326618 0.045833 0.106227
59 0.361979 0.445055 0.045833 0.108669
17 0.035156 0.324786 0.044271 0.105006
46 0.699219 0.681929 0.135937 0.111111
40 0.552344 0.683761 0.046354 0.107448
35 0.400000 0.684371 0.046875 0.108669
57 0.197135 0.680098 0.045312 0.109890
11 0.641406 0.326007 0.045312 0.107448
54 0.616406 0.445665 0.047396 0.112332
30 0.498437 0.545788 0.988542 0.818071
50 0.602865 0.803419 0.046354 0.107448
47 0.349219 0.802198 0.244271 0.109890
48 0.590625 0.326618 0.045833 0.108669
38 0.565365 0.445665 0.047396 0.109890
42 0.260937 0.445055 0.045833 0.108669
23 0.273177 0.562882 0.045312 0.107448
10 0.122135 0.561661 0.044271 0.107448
27 0.463802 0.445055 0.046354 0.108669
2 0.135937 0.326007 0.045833 0.107448
5 0.285938 0.326007 0.045833 0.107448
53 0.412760 0.445665 0.046354 0.109890
4 0.235937 0.326007 0.044792 0.107448
0 0.539583 0.327228 0.045833 0.109890
51 0.311458 0.445055 0.045833 0.108669
24 0.323177 0.562882 0.045312 0.107448
8 0.438021 0.327228 0.045833 0.109890
9 0.489323 0.326618 0.046354 0.108669
56 0.160156 0.443223 0.045312 0.109890
7 0.387760 0.327839 0.045312 0.108669
41 0.110417 0.443834 0.045833 0.108669
31 0.527344 0.564713 0.045312 0.108669
13 0.196875 0.800977 0.045833 0.107448
34 0.602865 0.683761 0.046354 0.107448
37 0.577865 0.565324 0.046354 0.109890
16 0.247656 0.681319 0.046354 0.107448
22 0.731250 0.504884 0.069792 0.228327
18 0.501302 0.683761 0.046354 0.109890
3 0.185677 0.325397 0.046354 0.108669
32 0.097135 0.680708 0.045312 0.111111
