55 0.262387 0.565000 0.039790 0.062000
28 0.336336 0.451000 0.037538 0.062000
54 0.445946 0.314000 0.040541 0.056000
17 0.039414 0.540000 0.039790 0.072000
35 0.331456 0.514000 0.041291 0.060000
24 0.266141 0.498000 0.036787 0.056000
41 0.105105 0.554000 0.040541 0.064000
8 0.316441 0.342000 0.039790 0.056000
58 0.156156 0.642000 0.040541 0.068000
21 0.176426 0.505000 0.039039 0.062000
40 0.433934 0.442000 0.040541 0.056000
32 0.118994 0.669000 0.039790 0.066000
43 0.161411 0.575000 0.039039 0.062000
57 0.191817 0.617000 0.038288 0.066000
19 0.196321 0.549000 0.038288 0.062000
42 0.210210 0.480000 0.039039 0.064000
25 0.301426 0.476000 0.038288 0.060000
5 0.214339 0.413000 0.039790 0.062000
51 0.245120 0.457000 0.038288 0.058000
23 0.232733 0.525000 0.036036 0.062000
34 0.468093 0.420000 0.041291 0.060000
18 0.401276 0.467000 0.041291 0.062000
0 0.383258 0.301000 0.035285 0.054000
49 0.094219 0.757000 0.060811 0.102000
9 0.349474 0.319000 0.038288 0.058000
45 0.074324 0.638000 0.069069 0.096000
38 0.413288 0.336000 0.039790 0.052000
29 0.369369 0.427000 0.037538 0.058000
12 0.469970 0.354000 0.039039 0.056000
44 0.078453 0.700000 0.050300 0.084000
11 0.447447 0.253000 0.039039 0.058000
37 0.436937 0.381000 0.037538 0.054000
16 0.226727 0.591000 0.040541 0.062000
48 0.415916 0.275000 0.039039 0.054000
27 0.346847 0.384000 0.040541 0.056000
47 0.315691 0.595000 0.204955 0.198000
46 0.530030 0.372000 0.094595 0.104000
15 0.296547 0.540000 0.040541 0.060000
30 0.453453 0.484000 0.905405 0.964000
7 0.282658 0.366000 0.041291 0.060000
22 0.528904 0.279000 0.063814 0.102000
26 0.502628 0.336000 0.035285 0.056000
31 0.403153 0.402000 0.039039 0.056000
3 0.146772 0.461000 0.038288 0.062000
4 0.180180 0.437000 0.040541 0.070000
39 0.480105 0.294000 0.035285 0.056000
33 0.366742 0.492000 0.039790 0.060000
50 0.566817 0.408000 0.060060 0.076000
1 0.076952 0.512000 0.036787 0.064000
2 0.110736 0.485000 0.039790 0.070000
56 0.140015 0.529000 0.036787 0.062000
36 0.379505 0.361000 0.039790 0.054000
53 0.312312 0.407000 0.040541 0.058000
59 0.279279 0.431000 0.039039 0.058000
6 0.249249 0.389000 0.039039 0.058000
20 0.496622 0.223000 0.071321 0.070000
10 0.126502 0.600000 0.036787 0.064000
52 0.059685 0.587000 0.056306 0.086000
13 0.191066 0.683000 0.051802 0.082000
14 0.439189 0.502000 0.046547 0.064000
