55 0.304000 0.793246 0.032000 0.062796
44 0.102000 0.796209 0.042667 0.066351
35 0.381333 0.792654 0.032000 0.063981
11 0.565000 0.581754 0.032667 0.061611
45 0.113000 0.727488 0.062000 0.066351
40 0.497667 0.789692 0.032667 0.062796
24 0.323000 0.723341 0.030000 0.062796
56 0.195667 0.654621 0.031333 0.067536
8 0.411000 0.584716 0.035333 0.067536
41 0.156667 0.655806 0.033333 0.067536
9 0.449667 0.583531 0.034000 0.067536
13 0.211000 0.861967 0.042000 0.062796
6 0.332667 0.583531 0.034667 0.067536
17 0.097000 0.585900 0.032667 0.069905
42 0.274333 0.654621 0.031333 0.065166
2 0.176333 0.585900 0.032667 0.067536
58 0.186000 0.793246 0.032000 0.062796
33 0.421000 0.792654 0.034000 0.063981
48 0.527000 0.583531 0.032667 0.067536
57 0.225667 0.794431 0.031333 0.062796
15 0.341667 0.792062 0.032667 0.065166
49 0.106667 0.865521 0.054667 0.069905
34 0.537667 0.789100 0.030000 0.061611
53 0.391333 0.653436 0.033333 0.065166
31 0.479333 0.721564 0.030667 0.061611
46 0.611333 0.789692 0.100000 0.060427
38 0.508000 0.651066 0.030667 0.062796
43 0.205667 0.724526 0.032667 0.065166
29 0.441000 0.721564 0.030000 0.061611
27 0.430333 0.652844 0.031333 0.061611
1 0.137667 0.586493 0.034000 0.066351
14 0.484333 0.860190 0.042000 0.061611
7 0.372667 0.583531 0.033333 0.067536
50 0.634667 0.859597 0.053333 0.062796
37 0.517667 0.721564 0.031333 0.061611
4 0.253667 0.584716 0.032667 0.067536
25 0.362333 0.722749 0.030000 0.061611
21 0.235000 0.655213 0.032667 0.066351
51 0.313000 0.653436 0.031333 0.065166
54 0.547000 0.651066 0.031333 0.062796
30 0.527000 0.678910 0.946000 0.623223
26 0.595333 0.720379 0.030667 0.063981
3 0.214667 0.585900 0.033333 0.067536
32 0.146333 0.794431 0.032667 0.067536
39 0.585667 0.650474 0.031333 0.063981
12 0.557333 0.720379 0.030667 0.061611
19 0.245333 0.725118 0.032000 0.063981
47 0.347667 0.861967 0.218000 0.062796
28 0.401000 0.722156 0.031333 0.062796
10 0.167333 0.725118 0.032000 0.063981
20 0.626000 0.579976 0.072000 0.065166
16 0.264333 0.793246 0.034000 0.065166
18 0.459333 0.790877 0.032000 0.062796
23 0.283667 0.723934 0.031333 0.061611
22 0.635333 0.684834 0.052000 0.139810
5 0.292667 0.584123 0.033333 0.066351
0 0.488333 0.582938 0.032667 0.066351
36 0.469333 0.651066 0.032000 0.062796
59 0.352333 0.654028 0.031333 0.063981
52 0.107667 0.656398 0.052667 0.066351
