53 0.426351 0.392857 0.050000 0.150794
51 0.316216 0.388889 0.048649 0.150794
37 0.603378 0.549603 0.050000 0.146825
42 0.262838 0.392857 0.050000 0.150794
57 0.193919 0.712302 0.050000 0.154762
56 0.153378 0.388889 0.050000 0.150794
39 0.698649 0.388889 0.051351 0.150794
22 0.766892 0.468254 0.079730 0.309524
20 0.752027 0.228175 0.104054 0.146825
0 0.561486 0.232143 0.050000 0.146825
34 0.631081 0.710317 0.051351 0.150794
8 0.453378 0.234127 0.050000 0.142857
9 0.507432 0.232143 0.050000 0.146825
33 0.466892 0.710317 0.050000 0.150794
14 0.522297 0.869048 0.050000 0.150794
49 0.026351 0.875000 0.050000 0.154762
18 0.521622 0.710317 0.051351 0.150794
52 0.034459 0.388889 0.066216 0.150794
45 0.041216 0.551587 0.079730 0.150794
35 0.412162 0.710317 0.051351 0.150794
24 0.330405 0.549603 0.050000 0.146825
29 0.495270 0.547619 0.050000 0.150794
28 0.439865 0.549603 0.050000 0.146825
54 0.643919 0.388889 0.050000 0.150794
3 0.181757 0.234127 0.050000 0.142857
32 0.083108 0.712302 0.050000 0.154762
40 0.576351 0.710317 0.052703 0.150794
30 0.501351 0.503968 1.000000 1.000000
13 0.192568 0.875000 0.050000 0.146825
48 0.616216 0.232143 0.048649 0.146825
19 0.220946 0.551587 0.050000 0.150794
12 0.658784 0.549603 0.050000 0.146825
31 0.548649 0.549603 0.048649 0.146825
46 0.733108 0.706349 0.147297 0.150794
25 0.385135 0.547619 0.048649 0.142857
50 0.632432 0.873016 0.051351 0.150794
11 0.670946 0.230159 0.050000 0.142857
17 0.020946 0.232143 0.039189 0.146825
59 0.371622 0.392857 0.051351 0.150794
1 0.072297 0.232143 0.050000 0.146825
15 0.357432 0.712302 0.050000 0.146825
26 0.712162 0.549603 0.048649 0.146825
21 0.207432 0.390873 0.050000 0.146825
10 0.110811 0.551587 0.048649 0.150794
27 0.480405 0.388889 0.050000 0.150794
6 0.344595 0.232143 0.048649 0.146825
43 0.164865 0.549603 0.048649 0.146825
4 0.236486 0.234127 0.048649 0.142857
38 0.589189 0.388889 0.051351 0.150794
44 0.026351 0.712302 0.050000 0.154762
55 0.303378 0.710317 0.050000 0.150794
7 0.399324 0.234127 0.050000 0.142857
47 0.357432 0.869048 0.268919 0.150794
36 0.534459 0.388889 0.050000 0.150794
41 0.098649 0.390873 0.051351 0.146825
2 0.127027 0.234127 0.048649 0.142857
16 0.247973 0.710317 0.050000 0.150794
23 0.275676 0.549603 0.048649 0.146825
5 0.289865 0.230159 0.050000 0.142857
58 0.138514 0.714286 0.050000 0.150794
