2 0.362253 0.364198 0.099507 0.143210
56 0.435855 0.467901 0.093750 0.128395
4 0.543586 0.285802 0.100329 0.134568
52 0.236020 0.561111 0.126645 0.156790
7 0.808799 0.166049 0.099507 0.141975
44 0.279605 0.822222 0.103618 0.153086
47 0.825247 0.706790 0.351151 0.337037
5 0.632812 0.248765 0.101151 0.132099
53 0.886513 0.267901 0.101974 0.135802
45 0.275082 0.683333 0.153783 0.166667
58 0.472451 0.735185 0.104441 0.151852
41 0.343339 0.511728 0.101151 0.144444
15 0.844572 0.561728 0.106908 0.145679
23 0.673520 0.498765 0.101974 0.138272
17 0.187089 0.437654 0.076480 0.132099
27 0.961760 0.224074 0.078125 0.141975
9 0.966694 0.094444 0.068257 0.134568
16 0.660362 0.648148 0.103618 0.145679
51 0.707648 0.346914 0.101151 0.135802
1 0.269326 0.403704 0.097862 0.145679
59 0.798109 0.306790 0.099507 0.134568
55 0.752056 0.604938 0.104441 0.143210
21 0.527961 0.428395 0.101974 0.140741
28 0.942845 0.374691 0.102796 0.137037
33 0.986842 0.480864 0.027961 0.139506
6 0.720395 0.208025 0.101974 0.137037
19 0.582237 0.540123 0.095395 0.137037
25 0.854852 0.415432 0.102796 0.139506
3 0.453125 0.324691 0.100329 0.143210
29 0.992188 0.350000 0.017270 0.122222
24 0.764391 0.458025 0.104441 0.138272
30 0.560033 0.501235 0.881579 1.000000
57 0.567023 0.691358 0.102796 0.148148
32 0.377467 0.779630 0.103618 0.149383
42 0.617599 0.387654 0.101974 0.135802
10 0.395559 0.623457 0.095395 0.135802
43 0.488898 0.583333 0.096217 0.139506
49 0.309211 0.941975 0.110197 0.118519
35 0.935444 0.520370 0.101151 0.144444
8 0.897615 0.130247 0.101151 0.134568
13 0.610197 0.830247 0.136513 0.191358
