46 0.648128 0.412477 0.067380 0.061453
17 0.118984 0.222998 0.035829 0.054935
58 0.204278 0.417132 0.038503 0.061453
5 0.323797 0.217877 0.036898 0.055866
18 0.504011 0.414339 0.037968 0.061453
10 0.186096 0.349628 0.038503 0.060521
3 0.241979 0.218808 0.037968 0.055866
29 0.483155 0.346834 0.037968 0.060521
57 0.247326 0.416201 0.037968 0.061453
34 0.589572 0.412942 0.039037 0.060521
11 0.613636 0.214618 0.035829 0.054935
37 0.567647 0.345903 0.037968 0.060521
40 0.546791 0.412942 0.037968 0.060521
31 0.525668 0.345903 0.037433 0.060521
4 0.282353 0.218343 0.036364 0.056797
55 0.332888 0.415736 0.039037 0.062384
22 0.690642 0.310987 0.059358 0.126629
54 0.594920 0.278864 0.037968 0.058659
35 0.418449 0.414804 0.039037 0.062384
49 0.108289 0.488361 0.054011 0.064246
56 0.217647 0.282588 0.036364 0.058659
50 0.616043 0.482775 0.054545 0.064246
12 0.610160 0.345438 0.038503 0.061453
53 0.427273 0.281192 0.037433 0.059590
48 0.572995 0.215084 0.036898 0.055866
23 0.312834 0.348231 0.037433 0.059590
6 0.364973 0.217412 0.036898 0.056797
41 0.176738 0.283520 0.039037 0.058659
19 0.270588 0.348696 0.037433 0.060521
26 0.651604 0.344507 0.037968 0.061453
15 0.375668 0.415736 0.039037 0.062384
7 0.407487 0.216015 0.037433 0.055866
2 0.200535 0.219274 0.037433 0.056797
13 0.244920 0.487430 0.039572 0.064246
25 0.397861 0.347765 0.038503 0.060521
28 0.440374 0.346834 0.037968 0.060521
59 0.385294 0.281192 0.036898 0.059590
8 0.449198 0.216480 0.037433 0.056797
27 0.469251 0.280261 0.036898 0.059590
9 0.490642 0.216015 0.036898 0.055866
33 0.461765 0.415270 0.039037 0.063315
45 0.127540 0.351024 0.072193 0.059590
39 0.636631 0.278399 0.037968 0.059590
0 0.533422 0.221601 0.036898 0.055866
44 0.112032 0.418994 0.051872 0.061453
36 0.511497 0.282123 0.036898 0.055866
43 0.228075 0.349162 0.037968 0.059590
1 0.158556 0.219739 0.036898 0.055866
20 0.675668 0.213687 0.077540 0.056797
51 0.343583 0.281192 0.036898 0.059590
38 0.553209 0.279330 0.036898 0.057728
52 0.124332 0.285382 0.059358 0.058659
47 0.383422 0.485102 0.231016 0.065177
42 0.301604 0.282123 0.037433 0.059590
21 0.260428 0.282588 0.038503 0.058659
32 0.161765 0.416667 0.039037 0.062384
16 0.290107 0.415736 0.039037 0.062384
14 0.521390 0.484171 0.039572 0.065177
30 0.490909 0.334264 0.827807 0.415270
24 0.355615 0.347765 0.038503 0.060521
