24 0.391685 0.449708 0.048140 0.053936
0 0.613239 0.340379 0.047046 0.051020
11 0.713895 0.345481 0.049234 0.049563
34 0.690372 0.527697 0.054705 0.064140
38 0.642779 0.399417 0.049234 0.055394
31 0.606127 0.459913 0.048140 0.056851
15 0.414661 0.516035 0.050328 0.061224
13 0.235230 0.581633 0.056893 0.067055
42 0.328775 0.382653 0.049234 0.053936
53 0.486324 0.391399 0.047046 0.056851
35 0.470460 0.517493 0.048140 0.061224
26 0.763676 0.465743 0.052516 0.062682
54 0.693107 0.401603 0.049234 0.056851
36 0.591357 0.397959 0.049234 0.052478
3 0.253829 0.317055 0.050328 0.053936
17 0.097374 0.306851 0.048140 0.056851
55 0.359409 0.513120 0.051422 0.061224
58 0.185996 0.506560 0.054705 0.062682
52 0.099562 0.368076 0.076586 0.062682
48 0.661926 0.341837 0.045952 0.051020
7 0.461160 0.330904 0.044858 0.052478
50 0.710613 0.598397 0.086433 0.068513
23 0.336433 0.446064 0.049234 0.058309
10 0.167943 0.438047 0.053611 0.059767
57 0.243982 0.509475 0.054705 0.059767
14 0.583151 0.592566 0.052516 0.065598
33 0.526258 0.521137 0.052516 0.062682
51 0.382385 0.385569 0.047046 0.053936
4 0.306346 0.321429 0.048140 0.051020
28 0.498359 0.453353 0.047046 0.058309
59 0.433807 0.388484 0.044858 0.053936
2 0.201313 0.313411 0.050328 0.052478
37 0.660284 0.463557 0.053611 0.058309
19 0.280088 0.443878 0.050328 0.056851
18 0.581510 0.523324 0.051422 0.061224
39 0.744530 0.403061 0.049234 0.056851
16 0.301422 0.511662 0.053611 0.061224
41 0.164114 0.373178 0.052516 0.055394
45 0.093545 0.431487 0.092998 0.067055
40 0.636214 0.524781 0.053611 0.064140
30 0.503282 0.438047 0.995624 0.444606
20 0.781182 0.347668 0.080963 0.053936
6 0.410284 0.328717 0.045952 0.051020
32 0.128009 0.502915 0.056893 0.067055
49 0.050875 0.573615 0.075492 0.071429
8 0.512035 0.334548 0.045952 0.053936
47 0.408096 0.587464 0.282276 0.069971
25 0.444748 0.451895 0.047046 0.055394
29 0.552516 0.456997 0.048140 0.056851
12 0.712801 0.465015 0.053611 0.058309
21 0.273523 0.379009 0.050328 0.055394
22 0.804158 0.438776 0.070022 0.119534
5 0.358862 0.325073 0.045952 0.049563
44 0.065646 0.501458 0.067834 0.067055
1 0.148249 0.310496 0.051422 0.052478
46 0.758206 0.529883 0.080963 0.065598
27 0.539387 0.394315 0.045952 0.053936
43 0.223195 0.440962 0.052516 0.056851
56 0.218818 0.375364 0.050328 0.056851
9 0.562910 0.337464 0.044858 0.053936
