13 0.253763 0.513610 0.043011 0.055874
19 0.279570 0.384670 0.040860 0.055874
15 0.397849 0.451289 0.043011 0.057307
55 0.350538 0.449857 0.043011 0.057307
0 0.575806 0.262178 0.041935 0.057307
20 0.736022 0.262178 0.076344 0.054441
3 0.245699 0.258596 0.041935 0.055874
28 0.468280 0.387536 0.039785 0.055874
4 0.293548 0.258596 0.040860 0.055874
35 0.445161 0.452006 0.043011 0.055874
2 0.199462 0.257880 0.041935 0.054441
26 0.705914 0.389685 0.041935 0.057307
7 0.434409 0.260745 0.040860 0.057307
10 0.184946 0.383954 0.040860 0.057307
50 0.646237 0.517908 0.068817 0.055874
34 0.633333 0.453438 0.043011 0.055874
9 0.527957 0.261461 0.040860 0.058739
18 0.538710 0.452006 0.040860 0.055874
38 0.598925 0.324499 0.040860 0.055874
39 0.694086 0.325931 0.041935 0.055874
22 0.747312 0.357450 0.053763 0.124642
52 0.118817 0.319484 0.059140 0.057307
25 0.422043 0.387536 0.041935 0.055874
47 0.397312 0.515043 0.231183 0.055874
45 0.123656 0.382521 0.070968 0.057307
8 0.480645 0.260029 0.040860 0.058739
49 0.108602 0.511461 0.051613 0.060172
5 0.340323 0.259312 0.041935 0.054441
46 0.694086 0.454155 0.067742 0.054441
27 0.504839 0.324499 0.041935 0.055874
57 0.254839 0.448424 0.043011 0.057307
53 0.457527 0.324499 0.041935 0.055874
31 0.563441 0.388968 0.040860 0.055874
36 0.551613 0.324499 0.040860 0.055874
1 0.152151 0.257880 0.041935 0.054441
29 0.516129 0.388968 0.040860 0.055874
58 0.206989 0.448424 0.041935 0.057307
48 0.622043 0.261461 0.041935 0.058739
41 0.174194 0.320201 0.043011 0.058739
40 0.586559 0.453438 0.041935 0.055874
24 0.374731 0.387536 0.041935 0.055874
42 0.316667 0.323066 0.041935 0.055874
23 0.327419 0.386103 0.041935 0.055874
12 0.658065 0.388968 0.043011 0.055874
33 0.491935 0.452722 0.041935 0.057307
16 0.302688 0.449140 0.041935 0.055874
14 0.539247 0.517192 0.041935 0.057307
43 0.231720 0.384670 0.041935 0.055874
21 0.269355 0.321633 0.041935 0.055874
32 0.160215 0.446991 0.043011 0.057307
37 0.610753 0.388968 0.043011 0.055874
56 0.220968 0.320201 0.041935 0.055874
44 0.109140 0.446991 0.048387 0.057307
11 0.670430 0.260745 0.041935 0.057307
6 0.386559 0.259312 0.041935 0.057307
51 0.363441 0.323066 0.040860 0.055874
59 0.410753 0.323066 0.040860 0.055874
54 0.645699 0.325215 0.041935 0.057307
30 0.518817 0.361748 0.882796 0.405444
17 0.108065 0.257163 0.037634 0.055874
