47 0.412722 0.569911 0.208580 0.072707
43 0.254808 0.442953 0.037722 0.046980
52 0.152737 0.384787 0.052515 0.051454
9 0.535873 0.328859 0.039201 0.049217
22 0.726331 0.414989 0.041420 0.116331
5 0.360577 0.327181 0.039201 0.048098
38 0.602811 0.384787 0.038462 0.051454
19 0.300666 0.442953 0.036243 0.046980
59 0.425666 0.384228 0.039201 0.052573
32 0.184172 0.503356 0.041420 0.055928
51 0.380917 0.383110 0.038462 0.052573
13 0.276997 0.572148 0.052515 0.068233
1 0.185651 0.327181 0.038462 0.052573
37 0.616494 0.444072 0.040680 0.053691
20 0.716716 0.329418 0.050296 0.050336
12 0.661243 0.444072 0.039941 0.055928
17 0.146450 0.328300 0.031065 0.050336
10 0.210429 0.442953 0.037722 0.046980
42 0.335799 0.383669 0.039941 0.053691
45 0.154586 0.442953 0.063609 0.053691
33 0.504808 0.502796 0.042160 0.059284
8 0.492234 0.328300 0.039201 0.052573
55 0.367234 0.502796 0.040680 0.057047
25 0.436391 0.442394 0.039941 0.057047
27 0.514793 0.383669 0.038462 0.051454
39 0.686021 0.384787 0.028846 0.053691
41 0.202663 0.383669 0.041420 0.053691
26 0.700444 0.442953 0.031065 0.055928
4 0.316938 0.326063 0.039201 0.050336
53 0.470414 0.383669 0.039941 0.053691
46 0.709320 0.503915 0.087278 0.057047
23 0.345414 0.441275 0.039941 0.057047
30 0.494083 0.436801 0.782544 0.363535
35 0.459320 0.502796 0.041420 0.057047
15 0.412722 0.502237 0.041420 0.058166
54 0.647559 0.385347 0.039201 0.052573
2 0.228920 0.327181 0.040680 0.052573
44 0.138314 0.502796 0.042899 0.057047
31 0.571376 0.442953 0.039201 0.055928
57 0.275518 0.502796 0.040680 0.057047
3 0.272559 0.326622 0.040680 0.053691
34 0.640533 0.503915 0.041420 0.057047
21 0.291420 0.383110 0.039941 0.052573
28 0.481139 0.442394 0.039201 0.057047
48 0.623521 0.329418 0.038462 0.048098
58 0.229660 0.502796 0.040680 0.057047
14 0.548447 0.571588 0.052515 0.069351
29 0.526627 0.442953 0.039941 0.055928
50 0.599482 0.572707 0.043639 0.071588
24 0.390902 0.442394 0.039201 0.054810
49 0.132766 0.571588 0.045118 0.069351
7 0.448595 0.326063 0.039201 0.052573
6 0.404586 0.326622 0.038462 0.049217
0 0.579512 0.329418 0.039201 0.050336
36 0.559172 0.384228 0.038462 0.052573
56 0.247781 0.384228 0.036982 0.048098
11 0.667160 0.330537 0.038462 0.050336
18 0.549926 0.503915 0.040680 0.057047
40 0.595784 0.503915 0.040680 0.057047
16 0.321746 0.503356 0.041420 0.055928
