13 0.189320 0.584951 0.048544 0.063107
19 0.218447 0.439320 0.046117 0.063107
15 0.351942 0.514563 0.048544 0.064725
55 0.298544 0.512945 0.048544 0.064725
0 0.552791 0.300971 0.047330 0.064725
20 0.733617 0.300971 0.086165 0.061489
3 0.180218 0.296926 0.047330 0.063107
28 0.431432 0.442557 0.044903 0.063107
4 0.234223 0.296926 0.046117 0.063107
35 0.405340 0.515372 0.048544 0.063107
2 0.128034 0.296117 0.047330 0.061489
26 0.699636 0.444984 0.047330 0.064725
7 0.393204 0.299353 0.046117 0.064725
10 0.111650 0.438511 0.046117 0.064725
50 0.632282 0.589806 0.077670 0.063107
34 0.617718 0.516990 0.048544 0.063107
9 0.498786 0.300162 0.046117 0.066343
18 0.510922 0.515372 0.046117 0.063107
38 0.578883 0.371359 0.046117 0.063107
39 0.686286 0.372977 0.047330 0.063107
22 0.746359 0.408576 0.060680 0.140777
52 0.037015 0.365696 0.066748 0.064725
25 0.379248 0.442557 0.047330 0.063107
47 0.351335 0.586570 0.260922 0.063107
45 0.042476 0.436893 0.080097 0.064725
8 0.445388 0.298544 0.046117 0.066343
49 0.027913 0.582524 0.053398 0.067961
5 0.287015 0.297735 0.047330 0.061489
46 0.686286 0.517799 0.076456 0.061489
27 0.472694 0.371359 0.047330 0.063107
57 0.190534 0.511327 0.048544 0.064725
53 0.419296 0.371359 0.047330 0.063107
31 0.538835 0.444175 0.046117 0.063107
36 0.525485 0.371359 0.046117 0.063107
1 0.074636 0.296117 0.047330 0.061489
29 0.485437 0.444175 0.046117 0.063107
58 0.136529 0.511327 0.047330 0.064725
48 0.604976 0.300162 0.047330 0.066343
41 0.099515 0.366505 0.048544 0.066343
40 0.564927 0.516990 0.047330 0.063107
24 0.325850 0.442557 0.047330 0.063107
42 0.260316 0.369741 0.047330 0.063107
23 0.272451 0.440939 0.047330 0.063107
12 0.645631 0.444175 0.048544 0.063107
33 0.458131 0.516181 0.047330 0.064725
16 0.244539 0.512136 0.047330 0.063107
14 0.511529 0.588997 0.047330 0.064725
43 0.164442 0.439320 0.047330 0.063107
21 0.206917 0.368123 0.047330 0.063107
32 0.083738 0.509709 0.048544 0.064725
37 0.592233 0.444175 0.048544 0.063107
56 0.152306 0.366505 0.047330 0.063107
44 0.027306 0.509709 0.052184 0.064725
11 0.659587 0.299353 0.047330 0.064725
6 0.339199 0.297735 0.047330 0.064725
51 0.313107 0.369741 0.046117 0.063107
59 0.366505 0.369741 0.046117 0.063107
54 0.631675 0.372168 0.047330 0.064725
30 0.493932 0.413430 0.985437 0.457929
17 0.024879 0.295307 0.042476 0.063107
