13 0.261458 0.510417 0.041667 0.054167
19 0.286458 0.385417 0.039583 0.054167
15 0.401042 0.450000 0.041667 0.055556
55 0.355208 0.448611 0.041667 0.055556
0 0.573438 0.266667 0.040625 0.055556
20 0.728646 0.266667 0.073958 0.052778
3 0.253646 0.263194 0.040625 0.054167
28 0.469271 0.388194 0.038542 0.054167
4 0.300000 0.263194 0.039583 0.054167
35 0.446875 0.450694 0.041667 0.054167
2 0.208854 0.262500 0.040625 0.052778
26 0.699479 0.390278 0.040625 0.055556
7 0.436458 0.265278 0.039583 0.055556
10 0.194792 0.384722 0.039583 0.055556
50 0.641667 0.514583 0.066667 0.054167
34 0.629167 0.452083 0.041667 0.054167
9 0.527083 0.265972 0.039583 0.056944
18 0.537500 0.450694 0.039583 0.054167
38 0.595833 0.327083 0.039583 0.054167
39 0.688021 0.328472 0.040625 0.054167
22 0.739583 0.359028 0.052083 0.120833
52 0.130729 0.322222 0.057292 0.055556
25 0.424479 0.388194 0.040625 0.054167
47 0.400521 0.511806 0.223958 0.054167
45 0.135417 0.383333 0.068750 0.055556
8 0.481250 0.264583 0.039583 0.056944
49 0.120833 0.508333 0.050000 0.058333
5 0.345313 0.263889 0.040625 0.052778
46 0.688021 0.452778 0.065625 0.052778
27 0.504687 0.327083 0.040625 0.054167
57 0.262500 0.447222 0.041667 0.055556
53 0.458854 0.327083 0.040625 0.054167
31 0.561458 0.389583 0.039583 0.054167
36 0.550000 0.327083 0.039583 0.054167
1 0.163021 0.262500 0.040625 0.052778
29 0.515625 0.389583 0.039583 0.054167
58 0.216146 0.447222 0.040625 0.055556
48 0.618229 0.265972 0.040625 0.056944
41 0.184375 0.322917 0.041667 0.056944
40 0.583854 0.452083 0.040625 0.054167
24 0.378646 0.388194 0.040625 0.054167
42 0.322396 0.325694 0.040625 0.054167
23 0.332813 0.386806 0.040625 0.054167
12 0.653125 0.389583 0.041667 0.054167
33 0.492188 0.451389 0.040625 0.055556
16 0.308854 0.447917 0.040625 0.054167
14 0.538021 0.513889 0.040625 0.055556
43 0.240104 0.385417 0.040625 0.054167
21 0.276562 0.324306 0.040625 0.054167
32 0.170833 0.445833 0.041667 0.055556
37 0.607292 0.389583 0.041667 0.054167
56 0.229687 0.322917 0.040625 0.054167
44 0.121354 0.445833 0.046875 0.055556
11 0.665104 0.265278 0.040625 0.055556
6 0.390104 0.263889 0.040625 0.055556
51 0.367708 0.325694 0.039583 0.054167
59 0.413542 0.325694 0.039583 0.054167
54 0.641146 0.327778 0.040625 0.055556
30 0.518229 0.363194 0.855208 0.393056
17 0.120313 0.261806 0.036458 0.054167
