6 0.387548 0.382627 0.031766 0.033051
18 0.498729 0.502542 0.033037 0.038983
46 0.630559 0.505085 0.064168 0.037288
7 0.422808 0.383898 0.031131 0.032203
19 0.296061 0.458898 0.033037 0.036441
0 0.529225 0.384746 0.030496 0.032203
3 0.282719 0.380508 0.033037 0.032203
17 0.175985 0.378390 0.033037 0.031356
48 0.564803 0.384746 0.030496 0.032203
33 0.460610 0.502119 0.034307 0.039831
37 0.556861 0.461864 0.033672 0.035593
52 0.175985 0.416525 0.052097 0.033051
4 0.316709 0.381780 0.032402 0.033051
8 0.458386 0.384322 0.031131 0.033051
28 0.444727 0.460593 0.031766 0.036441
25 0.407560 0.460593 0.033672 0.034746
11 0.600699 0.384322 0.031131 0.033051
55 0.346569 0.501271 0.034943 0.036441
58 0.231258 0.500000 0.035578 0.037288
9 0.493964 0.384746 0.032402 0.032203
23 0.333227 0.459746 0.032402 0.036441
22 0.670902 0.441102 0.057179 0.077119
12 0.594346 0.461864 0.033672 0.037288
47 0.390089 0.546610 0.214740 0.040678
32 0.194091 0.498729 0.036213 0.038136
42 0.329098 0.420339 0.033037 0.033898
10 0.221093 0.458475 0.034307 0.035593
13 0.263024 0.544068 0.039390 0.042373
30 0.495870 0.452119 0.782084 0.273729
2 0.246823 0.381356 0.033672 0.032203
35 0.422808 0.502119 0.033672 0.038136
56 0.256989 0.418644 0.033672 0.033898
14 0.518107 0.548305 0.034943 0.040678
51 0.365311 0.420339 0.031766 0.033898
15 0.385006 0.501271 0.035578 0.038136
39 0.620076 0.422458 0.033037 0.034746
44 0.151525 0.499153 0.045108 0.037288
27 0.474269 0.421610 0.031131 0.033051
29 0.482529 0.460169 0.032402 0.037288
34 0.575921 0.504237 0.033672 0.037288
45 0.172490 0.456356 0.064168 0.034746
59 0.401207 0.421186 0.032402 0.033898
38 0.546379 0.422458 0.031766 0.033051
26 0.632147 0.462288 0.034307 0.036441
54 0.582910 0.422034 0.032402 0.033898
50 0.603875 0.548729 0.047649 0.041525
49 0.141042 0.542373 0.049555 0.040678
5 0.352287 0.382203 0.031131 0.033898
21 0.292884 0.418644 0.033037 0.033898
16 0.308450 0.500424 0.036213 0.038136
36 0.510165 0.422458 0.031766 0.033051
40 0.537166 0.502966 0.032402 0.038136
43 0.258259 0.458898 0.034943 0.036441
41 0.220140 0.417373 0.034943 0.034746
24 0.370076 0.460169 0.032402 0.035593
53 0.438056 0.420763 0.032402 0.034746
31 0.519060 0.461441 0.033037 0.034746
1 0.210928 0.378390 0.033037 0.031356
57 0.270013 0.499576 0.035578 0.038136
20 0.655972 0.384322 0.070521 0.033051
