40 0.777250 0.960961 0.117500 0.073574
42 0.037750 0.804054 0.074500 0.133634
53 0.393500 0.756757 0.116000 0.135135
54 0.876000 0.682808 0.123000 0.134384
37 0.821750 0.836336 0.127500 0.139640
9 0.558750 0.593844 0.113500 0.130631
31 0.698250 0.855856 0.126500 0.141141
23 0.067500 0.940315 0.118000 0.119369
29 0.575750 0.876877 0.126500 0.141141
59 0.274750 0.775526 0.122500 0.133634
38 0.757250 0.701201 0.122500 0.133634
11 0.908250 0.540541 0.117500 0.124625
12 0.940750 0.815315 0.115500 0.139640
48 0.792750 0.559309 0.118500 0.127628
24 0.197000 0.930931 0.118000 0.138138
34 0.905500 0.950450 0.125000 0.096096
8 0.440750 0.611111 0.113500 0.130631
27 0.518750 0.739489 0.122500 0.133634
7 0.320750 0.627628 0.112500 0.130631
6 0.201000 0.644895 0.113000 0.130631
25 0.319500 0.914414 0.118000 0.147147
51 0.147250 0.796547 0.122500 0.133634
0 0.676750 0.578078 0.113500 0.130631
39 0.966750 0.669670 0.063500 0.126126
5 0.083000 0.665916 0.113000 0.130631
28 0.448250 0.899399 0.126500 0.141141
36 0.639250 0.723724 0.122500 0.133634
