33 0.418750 0.473958 0.043750 0.052083
6 0.314063 0.309375 0.040625 0.052083
29 0.441406 0.414583 0.039062 0.050000
45 0.043750 0.425000 0.075000 0.058333
18 0.466406 0.471875 0.042188 0.052083
24 0.299219 0.418750 0.042188 0.050000
28 0.392969 0.414583 0.042188 0.054167
35 0.371094 0.476042 0.042188 0.052083
16 0.225000 0.479167 0.043750 0.054167
14 0.468750 0.533333 0.043750 0.058333
13 0.171875 0.541667 0.046875 0.062500
17 0.039062 0.314583 0.040625 0.050000
23 0.250781 0.419792 0.045312 0.052083
31 0.487500 0.413542 0.040625 0.052083
11 0.582031 0.303125 0.039062 0.047917
55 0.275000 0.478125 0.043750 0.056250
2 0.130469 0.312500 0.045312 0.050000
36 0.474219 0.358333 0.039062 0.050000
47 0.321094 0.537500 0.239063 0.058333
58 0.125000 0.482292 0.046875 0.060417
26 0.626563 0.407292 0.043750 0.056250
51 0.289844 0.362500 0.042188 0.050000
56 0.147656 0.364583 0.045312 0.054167
40 0.513281 0.470833 0.042188 0.050000
10 0.106250 0.423958 0.046875 0.056250
21 0.195312 0.364583 0.043750 0.054167
41 0.099219 0.367708 0.048438 0.056250
1 0.082812 0.313542 0.043750 0.052083
54 0.564063 0.356250 0.040625 0.050000
20 0.642969 0.300000 0.073438 0.050000
9 0.449219 0.305208 0.039062 0.047917
30 0.447656 0.407292 0.892188 0.372917
32 0.075781 0.485417 0.048438 0.062500
27 0.428906 0.358333 0.039062 0.050000
52 0.046094 0.366667 0.064062 0.054167
53 0.382812 0.360417 0.040625 0.050000
43 0.153906 0.421875 0.045312 0.056250
0 0.494531 0.305208 0.039062 0.052083
15 0.323437 0.477083 0.043750 0.054167
34 0.559375 0.468750 0.040625 0.054167
5 0.267969 0.308333 0.042188 0.050000
44 0.026562 0.486458 0.050000 0.060417
3 0.176563 0.311458 0.043750 0.052083
19 0.202344 0.420833 0.045312 0.054167
4 0.221094 0.309375 0.045312 0.052083
48 0.537500 0.304167 0.037500 0.050000
46 0.617969 0.466667 0.067187 0.054167
57 0.175781 0.480208 0.045312 0.056250
8 0.404687 0.306250 0.037500 0.050000
42 0.242969 0.364583 0.042188 0.050000
59 0.336719 0.362500 0.042188 0.050000
7 0.359375 0.307292 0.040625 0.047917
22 0.660937 0.378125 0.056250 0.106250
38 0.519531 0.357292 0.039062 0.047917
12 0.580469 0.411458 0.042188 0.052083
37 0.532813 0.411458 0.040625 0.052083
49 0.024219 0.553125 0.045312 0.064583
39 0.610156 0.355208 0.042188 0.052083
50 0.577344 0.528125 0.070312 0.056250
25 0.346094 0.416667 0.042188 0.050000
