38 0.655714 0.421053 0.045714 0.126316
35 0.469286 0.701754 0.050000 0.133333
4 0.282857 0.280702 0.048571 0.133333
27 0.540714 0.421053 0.047143 0.126316
40 0.641429 0.700000 0.048571 0.122807
43 0.210714 0.559649 0.047143 0.129825
26 0.785000 0.561404 0.052857 0.133333
3 0.227143 0.280702 0.051429 0.133333
12 0.727857 0.561404 0.050000 0.133333
55 0.355000 0.703509 0.050000 0.129825
57 0.240714 0.701754 0.047143 0.126316
17 0.050000 0.278947 0.048571 0.129825
34 0.697857 0.700000 0.050000 0.122807
54 0.712857 0.421053 0.051429 0.133333
36 0.598571 0.421053 0.048571 0.126316
6 0.397857 0.280702 0.050000 0.133333
58 0.182143 0.701754 0.047143 0.126316
49 0.058571 0.847368 0.065714 0.143860
14 0.627143 0.847368 0.051429 0.136842
48 0.685000 0.280702 0.050000 0.133333
37 0.670714 0.561404 0.050000 0.133333
2 0.170000 0.280702 0.051429 0.133333
21 0.253571 0.421053 0.047143 0.126316
18 0.582857 0.701754 0.048571 0.126316
25 0.440000 0.561404 0.048571 0.133333
8 0.513571 0.282456 0.052857 0.136842
30 0.500000 0.501754 0.997143 0.989474
24 0.383571 0.563158 0.047143 0.129825
59 0.425714 0.422807 0.048571 0.129825
46 0.778571 0.701754 0.097143 0.133333
50 0.745000 0.845614 0.055714 0.140351
47 0.419286 0.845614 0.355714 0.140351
45 0.075000 0.561404 0.092857 0.133333
52 0.065714 0.419298 0.077143 0.129825
44 0.060000 0.701754 0.065714 0.133333
7 0.456429 0.282456 0.052857 0.136842
31 0.612857 0.561404 0.048571 0.126316
53 0.483571 0.421053 0.050000 0.133333
33 0.527143 0.701754 0.051429 0.133333
23 0.325714 0.563158 0.045714 0.129825
16 0.297143 0.701754 0.048571 0.126316
19 0.268571 0.561404 0.048571 0.126316
39 0.771429 0.419298 0.051429 0.129825
51 0.368571 0.421053 0.045714 0.126316
11 0.742143 0.278947 0.050000 0.129825
20 0.829286 0.280702 0.110000 0.133333
13 0.204286 0.845614 0.062857 0.133333
42 0.312143 0.421053 0.047143 0.126316
0 0.628571 0.280702 0.051429 0.133333
15 0.412143 0.701754 0.050000 0.133333
32 0.125714 0.700000 0.051429 0.129825
1 0.110000 0.282456 0.048571 0.129825
29 0.555714 0.563158 0.048571 0.129825
56 0.196429 0.419298 0.047143 0.129825
5 0.340000 0.280702 0.048571 0.133333
28 0.497857 0.561404 0.050000 0.133333
22 0.845000 0.494737 0.084286 0.287719
10 0.153571 0.563158 0.047143 0.129825
41 0.139286 0.421053 0.050000 0.133333
9 0.571429 0.280702 0.051429 0.133333
