52 0.087891 0.429036 0.066406 0.058594
53 0.481934 0.428385 0.040039 0.059896
46 0.765625 0.572917 0.085938 0.059896
22 0.831055 0.465495 0.070312 0.141927
9 0.564453 0.354167 0.042969 0.062500
19 0.279297 0.501302 0.039062 0.059896
27 0.537109 0.427734 0.039062 0.058594
54 0.703125 0.427083 0.041016 0.059896
55 0.359863 0.571615 0.040039 0.059896
11 0.730957 0.350911 0.041992 0.058594
4 0.291016 0.354818 0.039062 0.061198
13 0.215332 0.646484 0.053711 0.061198
16 0.305664 0.570964 0.041016 0.058594
57 0.250977 0.572266 0.039062 0.058594
18 0.577148 0.571615 0.041016 0.059896
38 0.647949 0.426432 0.040039 0.058594
33 0.523438 0.571615 0.042969 0.059896
32 0.142090 0.572917 0.040039 0.059896
35 0.468750 0.572266 0.041016 0.058594
10 0.170410 0.501302 0.038086 0.059896
39 0.759766 0.426432 0.041016 0.061198
37 0.660645 0.501302 0.041992 0.059896
56 0.210938 0.427083 0.039062 0.059896
24 0.387695 0.500000 0.039062 0.059896
14 0.620117 0.646484 0.042969 0.061198
28 0.496094 0.500000 0.039062 0.059896
1 0.125977 0.354167 0.037109 0.059896
23 0.333008 0.500000 0.039062 0.059896
17 0.071289 0.355469 0.037109 0.057292
30 0.501465 0.472005 0.936523 0.524740
42 0.319336 0.429036 0.039062 0.058594
3 0.236816 0.354818 0.040039 0.061198
34 0.688477 0.572266 0.042969 0.058594
15 0.414551 0.570964 0.041992 0.058594
49 0.079102 0.646484 0.054688 0.061198
41 0.156738 0.429036 0.040039 0.061198
2 0.181152 0.354818 0.038086 0.061198
21 0.264648 0.429036 0.039062 0.058594
43 0.224609 0.501302 0.039062 0.059896
50 0.732422 0.647786 0.044922 0.063802
31 0.605469 0.500000 0.041016 0.059896
47 0.420410 0.648438 0.340820 0.067708
5 0.345703 0.355469 0.039062 0.059896
44 0.080078 0.573568 0.054688 0.058594
26 0.772461 0.500000 0.042969 0.062500
25 0.441895 0.500651 0.040039 0.058594
48 0.674316 0.352865 0.045898 0.062500
0 0.618652 0.354167 0.045898 0.062500
36 0.591797 0.427083 0.041016 0.059896
45 0.096191 0.501953 0.081055 0.061198
58 0.197266 0.572266 0.039062 0.058594
59 0.427734 0.428385 0.039062 0.057292
6 0.399902 0.355469 0.040039 0.059896
40 0.632812 0.572266 0.042969 0.058594
29 0.550293 0.500000 0.040039 0.059896
20 0.816895 0.349609 0.102539 0.061198
8 0.509277 0.355469 0.041992 0.062500
12 0.715820 0.500000 0.042969 0.062500
7 0.455566 0.355469 0.041992 0.062500
51 0.373535 0.427734 0.038086 0.058594
