19 0.241313 0.728512 0.039897 0.069182
33 0.461390 0.808176 0.042471 0.069182
12 0.630631 0.728512 0.041184 0.069182
13 0.186615 0.886792 0.051480 0.067086
37 0.581725 0.729560 0.041184 0.067086
11 0.642214 0.571279 0.041184 0.069182
48 0.595238 0.571279 0.042471 0.069182
20 0.715573 0.569182 0.087516 0.064990
41 0.131918 0.648847 0.042471 0.069182
34 0.607465 0.807128 0.041184 0.067086
32 0.120335 0.806080 0.042471 0.069182
24 0.338481 0.728512 0.038610 0.069182
56 0.180824 0.649895 0.039897 0.067086
39 0.667954 0.648847 0.043758 0.069182
54 0.619048 0.648847 0.041184 0.069182
16 0.267696 0.807128 0.041184 0.067086
5 0.302445 0.570231 0.041184 0.067086
30 0.503861 0.686583 0.963964 0.542977
8 0.449163 0.571279 0.043758 0.069182
40 0.559202 0.807128 0.039897 0.067086
42 0.277992 0.649895 0.041184 0.067086
27 0.473616 0.648847 0.038610 0.064990
15 0.364221 0.806080 0.041184 0.069182
35 0.413127 0.807128 0.041184 0.067086
29 0.484556 0.728512 0.042471 0.069182
46 0.673745 0.807128 0.075933 0.067086
0 0.546976 0.571279 0.041184 0.069182
7 0.400257 0.571279 0.041184 0.069182
31 0.532819 0.729560 0.041184 0.067086
2 0.157014 0.570231 0.041184 0.067086
23 0.289575 0.727463 0.038610 0.067086
6 0.351995 0.570231 0.042471 0.071279
26 0.680180 0.728512 0.042471 0.073375
52 0.071429 0.648847 0.065637 0.064990
51 0.327542 0.647799 0.039897 0.067086
21 0.229730 0.648847 0.039897 0.069182
57 0.218147 0.807128 0.039897 0.067086
47 0.368726 0.885744 0.299871 0.073375
43 0.192407 0.728512 0.039897 0.069182
10 0.143501 0.728512 0.039897 0.069182
45 0.076577 0.728512 0.075933 0.069182
49 0.065637 0.887841 0.054054 0.069182
22 0.727799 0.689727 0.065637 0.155136
17 0.058559 0.570231 0.039897 0.067086
28 0.435650 0.728512 0.039897 0.069182
53 0.424710 0.648847 0.041184 0.069182
55 0.315315 0.807128 0.041184 0.067086
4 0.254183 0.570231 0.039897 0.067086
3 0.205920 0.570231 0.041184 0.067086
58 0.169241 0.807128 0.039897 0.067086
50 0.644144 0.887841 0.042471 0.069182
1 0.107465 0.570231 0.039897 0.067086
59 0.376448 0.647799 0.039897 0.067086
44 0.065637 0.807128 0.054054 0.067086
36 0.521236 0.649895 0.041184 0.067086
38 0.570142 0.647799 0.041184 0.067086
14 0.545689 0.887841 0.041184 0.069182
9 0.498069 0.571279 0.041184 0.069182
18 0.510940 0.807128 0.041184 0.067086
25 0.387387 0.728512 0.041184 0.069182
