1 0.213752 0.639535 0.023916 0.059801
12 0.542601 0.770764 0.025411 0.059801
51 0.352018 0.705980 0.023916 0.059801
56 0.260090 0.707641 0.023916 0.059801
8 0.428625 0.636213 0.024664 0.059801
46 0.584828 0.838040 0.079970 0.058140
13 0.259342 0.916944 0.032885 0.063123
53 0.413303 0.705150 0.023916 0.058140
29 0.451420 0.771595 0.023916 0.058140
6 0.367713 0.637874 0.023916 0.059801
18 0.465620 0.840532 0.023916 0.059801
58 0.250747 0.848837 0.021674 0.053156
10 0.235052 0.777409 0.023169 0.059801
44 0.181614 0.850498 0.031390 0.059801
50 0.607623 0.910299 0.035874 0.063123
33 0.434978 0.843023 0.025411 0.064784
3 0.276906 0.640365 0.026158 0.061462
45 0.187593 0.779900 0.038864 0.061462
5 0.337444 0.638704 0.024664 0.061462
55 0.342676 0.843854 0.024664 0.059801
26 0.576233 0.774917 0.025411 0.061462
39 0.566143 0.707641 0.026158 0.059801
2 0.245889 0.639535 0.025411 0.059801
16 0.312033 0.843854 0.024664 0.059801
20 0.592676 0.632060 0.055306 0.058140
48 0.520927 0.641196 0.025411 0.059801
38 0.502990 0.702658 0.025411 0.059801
28 0.420404 0.772425 0.024664 0.059801
43 0.266069 0.777409 0.023916 0.059801
4 0.307175 0.638704 0.023916 0.061462
52 0.189462 0.709302 0.039611 0.059801
41 0.229073 0.708472 0.026158 0.061462
30 0.519432 0.718439 0.735426 0.566445
11 0.551943 0.642027 0.024664 0.058140
47 0.375934 0.915282 0.186846 0.069767
35 0.403587 0.842193 0.025411 0.059801
32 0.218984 0.847176 0.025411 0.059801
59 0.382287 0.705150 0.023169 0.058140
49 0.180493 0.920266 0.032138 0.063123
17 0.182735 0.641196 0.023169 0.059801
15 0.372945 0.843854 0.023916 0.059801
9 0.458146 0.636213 0.023916 0.059801
42 0.321001 0.706811 0.023169 0.058140
23 0.328102 0.775748 0.023916 0.059801
14 0.492526 0.912791 0.032885 0.064784
19 0.297833 0.775748 0.023169 0.059801
7 0.398729 0.637043 0.024664 0.061462
22 0.602018 0.734219 0.042601 0.129568
54 0.533259 0.701827 0.024664 0.058140
27 0.443199 0.703488 0.023916 0.058140
0 0.488789 0.635382 0.025411 0.058140
36 0.473842 0.703488 0.023916 0.058140
24 0.359118 0.774086 0.024664 0.059801
37 0.512332 0.770764 0.024664 0.059801
40 0.495889 0.839701 0.024664 0.061462
57 0.280643 0.843854 0.024664 0.059801
31 0.481689 0.769934 0.024664 0.058140
34 0.526532 0.839701 0.026158 0.061462
25 0.389761 0.771595 0.024664 0.058140
21 0.291106 0.706811 0.024664 0.061462
