5 0.303852 0.294304 0.032810 0.062025
26 0.639087 0.447468 0.034237 0.064557
30 0.518188 0.413924 0.965050 0.556962
1 0.131954 0.295570 0.031384 0.059494
35 0.395150 0.524684 0.034237 0.064557
44 0.081312 0.525316 0.045649 0.060759
15 0.350571 0.524684 0.034950 0.067089
0 0.519258 0.294304 0.034237 0.062025
24 0.331669 0.448101 0.032810 0.063291
41 0.150143 0.370886 0.033524 0.060759
42 0.278887 0.372785 0.032810 0.064557
47 0.353424 0.607595 0.271755 0.078481
58 0.173324 0.524051 0.034237 0.063291
49 0.075606 0.604430 0.045649 0.069620
18 0.484665 0.522785 0.033524 0.063291
45 0.098074 0.448101 0.064907 0.058228
11 0.605920 0.292405 0.033524 0.063291
51 0.322753 0.371519 0.032097 0.062025
38 0.539943 0.370886 0.034237 0.060759
19 0.243581 0.448101 0.032097 0.063291
56 0.192939 0.371519 0.032097 0.062025
9 0.475749 0.293038 0.032810 0.064557
34 0.572753 0.524684 0.034237 0.067089
25 0.375535 0.448101 0.033524 0.063291
7 0.389800 0.293671 0.032097 0.063291
48 0.561698 0.292405 0.033524 0.063291
12 0.595578 0.446203 0.034237 0.064557
55 0.306348 0.524684 0.034950 0.064557
2 0.174037 0.296203 0.032810 0.063291
59 0.366619 0.371519 0.032810 0.062025
23 0.287447 0.447468 0.032810 0.062025
43 0.200071 0.447468 0.033524 0.062025
36 0.496790 0.371519 0.033524 0.062025
32 0.130171 0.524051 0.034950 0.063291
29 0.463623 0.448101 0.032810 0.063291
40 0.528887 0.523418 0.033524 0.064557
31 0.507489 0.446835 0.033524 0.063291
22 0.682953 0.409494 0.059201 0.145570
37 0.551712 0.447468 0.033524 0.064557
27 0.454351 0.371519 0.032810 0.062025
20 0.671541 0.293038 0.080599 0.064557
57 0.217190 0.524051 0.034950 0.063291
13 0.185806 0.604430 0.047789 0.069620
53 0.410128 0.372152 0.032810 0.063291
54 0.584165 0.370886 0.034237 0.063291
10 0.156562 0.448101 0.033524 0.063291
21 0.235735 0.372152 0.032097 0.063291
8 0.432953 0.294304 0.032810 0.067089
3 0.216833 0.294937 0.032810 0.065823
17 0.090942 0.295570 0.030670 0.059494
6 0.347361 0.294304 0.032810 0.062025
28 0.419757 0.447468 0.033524 0.064557
46 0.657989 0.525316 0.116262 0.065823
50 0.692939 0.609494 0.053495 0.077215
33 0.439372 0.524051 0.034237 0.065823
39 0.627318 0.370886 0.034950 0.065823
4 0.260342 0.294304 0.031384 0.062025
52 0.097718 0.372785 0.052782 0.059494
16 0.261769 0.524684 0.035663 0.064557
14 0.521041 0.606329 0.047789 0.073418
