9 0.413150 0.304075 0.038678 0.084639
39 0.563994 0.396552 0.039381 0.087774
26 0.576653 0.489028 0.039381 0.090909
13 0.130450 0.710031 0.055556 0.109718
3 0.144866 0.305643 0.042194 0.087774
53 0.347046 0.400470 0.040084 0.089342
48 0.498945 0.303292 0.037271 0.086207
0 0.456399 0.304859 0.039381 0.086207
28 0.358298 0.496082 0.040084 0.089342
36 0.434951 0.398119 0.038678 0.087774
55 0.242264 0.597179 0.041491 0.090909
23 0.221519 0.500000 0.040788 0.087774
25 0.312940 0.498433 0.040788 0.087774
49 0.020394 0.714734 0.039381 0.109718
29 0.402602 0.494514 0.040084 0.089342
34 0.511252 0.589342 0.040788 0.087774
4 0.189873 0.305643 0.040788 0.084639
41 0.072785 0.404389 0.042897 0.090909
32 0.056610 0.603448 0.044304 0.094044
8 0.368847 0.303292 0.038678 0.086207
54 0.521800 0.398903 0.039381 0.089342
19 0.175457 0.500784 0.041491 0.089342
21 0.165260 0.402038 0.042194 0.089342
40 0.468354 0.590125 0.040788 0.089342
5 0.234880 0.305643 0.040788 0.084639
15 0.287975 0.596395 0.041491 0.092476
1 0.052391 0.307210 0.040084 0.087774
47 0.292194 0.704545 0.263713 0.111285
22 0.618495 0.443574 0.058368 0.181818
51 0.257032 0.401254 0.040084 0.087774
45 0.028129 0.503135 0.054852 0.090909
7 0.325598 0.304859 0.039381 0.086207
44 0.014768 0.605799 0.028129 0.089342
12 0.533755 0.492947 0.039381 0.089342
38 0.478200 0.398119 0.039381 0.087774
35 0.334388 0.595611 0.041491 0.090909
17 0.013010 0.307210 0.024613 0.087774
50 0.622714 0.691223 0.065401 0.103448
33 0.379395 0.594828 0.041491 0.092476
58 0.102321 0.601097 0.041491 0.089342
27 0.391702 0.398903 0.039381 0.086207
20 0.605485 0.297806 0.078762 0.090909
42 0.211322 0.402038 0.041491 0.089342
30 0.499648 0.466301 0.997890 0.785266
11 0.541491 0.302508 0.037975 0.084639
18 0.424402 0.591693 0.040084 0.089342
2 0.099156 0.307994 0.040788 0.086207
24 0.266878 0.498433 0.040084 0.087774
31 0.447257 0.494514 0.039381 0.089342
59 0.302391 0.400470 0.039381 0.089342
52 0.023910 0.405172 0.046414 0.089342
43 0.128692 0.502351 0.042194 0.089342
56 0.118847 0.402038 0.042194 0.089342
46 0.594233 0.585423 0.115331 0.086207
57 0.149437 0.600313 0.041491 0.090909
14 0.453938 0.695925 0.052743 0.103448
10 0.082278 0.503135 0.042194 0.090909
37 0.490506 0.493730 0.040084 0.087774
6 0.280942 0.305643 0.040084 0.084639
16 0.195851 0.598746 0.042897 0.090909
