10 0.278129 0.445148 0.049930 0.036568
44 0.198312 0.458861 0.105485 0.063994
41 0.287975 0.406821 0.051336 0.035865
38 0.744023 0.560478 0.050633 0.039381
59 0.536568 0.490506 0.050633 0.038678
17 0.234880 0.343179 0.049226 0.036568
39 0.851617 0.595640 0.050633 0.040788
40 0.689522 0.631153 0.052743 0.041491
55 0.427215 0.540788 0.051336 0.037975
8 0.627286 0.479255 0.050633 0.038678
26 0.907173 0.615682 0.050633 0.044304
54 0.797117 0.578059 0.051336 0.040788
28 0.580872 0.549578 0.050633 0.040084
19 0.376231 0.480309 0.050633 0.037975
20 0.906118 0.571027 0.079466 0.052039
23 0.426864 0.496484 0.050633 0.037975
33 0.583685 0.594585 0.053446 0.040084
0 0.730309 0.512658 0.049930 0.039381
37 0.738748 0.603376 0.049930 0.040788
48 0.783404 0.530239 0.050633 0.037975
36 0.691632 0.542897 0.051336 0.037975
24 0.477496 0.514416 0.050633 0.037271
31 0.686006 0.584740 0.049930 0.040084
22 0.869550 0.648383 0.094937 0.059072
1 0.281997 0.361814 0.049226 0.037271
11 0.836498 0.547117 0.048523 0.039381
5 0.475387 0.427918 0.049226 0.037271
13 0.282349 0.535513 0.071027 0.047117
16 0.376231 0.523910 0.052039 0.037975
29 0.633263 0.567159 0.051336 0.040084
52 0.226442 0.383263 0.078762 0.050633
57 0.325949 0.505977 0.051336 0.037271
45 0.209916 0.420183 0.086498 0.056962
21 0.385724 0.439873 0.049930 0.037271
56 0.336850 0.422293 0.049226 0.037271
4 0.425809 0.411041 0.048523 0.037271
42 0.434951 0.456399 0.049930 0.036568
15 0.478551 0.558368 0.052743 0.039381
43 0.326301 0.462729 0.050633 0.037975
30 0.500703 0.518284 1.000000 0.586498
34 0.743671 0.650141 0.052743 0.041491
27 0.639241 0.524965 0.049226 0.038678
58 0.276371 0.488397 0.052039 0.037271
25 0.528833 0.531294 0.050633 0.038678
3 0.376934 0.394515 0.049226 0.036568
32 0.155415 0.491210 0.070323 0.048523
49 0.218003 0.513010 0.070323 0.048523
53 0.587201 0.508087 0.050633 0.038678
2 0.329817 0.378340 0.049226 0.035162
46 0.800633 0.671238 0.052743 0.041491
14 0.763361 0.707103 0.083685 0.063994
35 0.530591 0.576301 0.052743 0.040084
18 0.636428 0.612869 0.052039 0.041491
12 0.793249 0.621308 0.050633 0.040084
47 0.515120 0.617792 0.273558 0.121660
9 0.678622 0.496132 0.052039 0.038678
6 0.526020 0.444093 0.049226 0.037271
51 0.485584 0.472925 0.049930 0.037271
7 0.575949 0.461322 0.049226 0.039381
