23 0.284766 0.568297 0.027181 0.040472
1 0.142225 0.467960 0.027813 0.040472
33 0.419722 0.618465 0.029077 0.041315
9 0.448799 0.467960 0.027813 0.040472
55 0.302781 0.618887 0.027813 0.040472
49 0.099558 0.672850 0.038559 0.042159
57 0.225032 0.620152 0.027813 0.041315
3 0.220607 0.467538 0.027813 0.039629
50 0.637800 0.669899 0.039191 0.041315
52 0.111568 0.518971 0.046144 0.041315
32 0.147282 0.620152 0.027813 0.041315
54 0.544248 0.516442 0.027813 0.041315
56 0.198483 0.518128 0.027813 0.041315
26 0.591972 0.566610 0.028445 0.042159
5 0.297092 0.467116 0.027813 0.040472
39 0.581858 0.516020 0.027181 0.040472
41 0.159608 0.518128 0.028445 0.041315
43 0.207965 0.568297 0.027813 0.042159
38 0.505373 0.517285 0.027181 0.041315
14 0.491783 0.677066 0.037927 0.053963
31 0.477876 0.566189 0.026549 0.041315
59 0.352718 0.517707 0.026549 0.040472
34 0.535082 0.618887 0.027181 0.040472
44 0.102086 0.621417 0.038559 0.042159
13 0.198167 0.675801 0.038559 0.051433
45 0.115360 0.570826 0.058786 0.042159
29 0.439949 0.569140 0.025284 0.037099
27 0.430152 0.516442 0.027181 0.039629
8 0.411504 0.467960 0.027813 0.040472
2 0.182048 0.467116 0.027813 0.040472
46 0.607459 0.618044 0.094817 0.042159
37 0.515803 0.567875 0.027813 0.041315
58 0.186157 0.619309 0.027181 0.041315
4 0.258534 0.467960 0.027813 0.040472
12 0.555310 0.566610 0.028445 0.042159
6 0.335967 0.467538 0.028445 0.041315
11 0.563211 0.466695 0.026549 0.039629
0 0.487674 0.466695 0.028445 0.041315
40 0.497472 0.618465 0.026549 0.039629
35 0.380215 0.618887 0.028445 0.040472
19 0.245891 0.568297 0.027813 0.042159
20 0.621049 0.466695 0.065107 0.041315
42 0.276865 0.517707 0.027813 0.040472
53 0.391593 0.517285 0.027181 0.039629
28 0.400126 0.567875 0.026549 0.039629
18 0.457649 0.617622 0.027813 0.041315
22 0.630531 0.540894 0.047408 0.090219
47 0.345449 0.680438 0.237042 0.062395
15 0.342288 0.617622 0.028445 0.041315
25 0.362516 0.568718 0.027181 0.037943
21 0.237674 0.518128 0.027813 0.041315
17 0.103666 0.467116 0.029077 0.040472
16 0.263906 0.619309 0.028445 0.041315
30 0.520544 0.557336 0.918458 0.389545
48 0.525917 0.467116 0.027813 0.040472
51 0.315424 0.517285 0.026549 0.039629
7 0.373578 0.467116 0.027813 0.040472
36 0.467762 0.517285 0.027813 0.041315
24 0.323325 0.567032 0.027181 0.041315
10 0.167826 0.569140 0.028445 0.040472
