42 0.313850 0.647849 0.021601 0.040323
15 0.357052 0.751344 0.022872 0.045699
56 0.261118 0.649194 0.022872 0.043011
40 0.466010 0.746640 0.020966 0.044355
2 0.252541 0.602823 0.023507 0.047043
21 0.287484 0.649866 0.023507 0.047043
18 0.438691 0.747312 0.020966 0.045699
49 0.184244 0.809812 0.039390 0.052419
32 0.218869 0.753360 0.026048 0.047043
55 0.329416 0.751344 0.022236 0.045699
0 0.459975 0.597446 0.017789 0.041667
4 0.304320 0.600134 0.020330 0.044355
5 0.331957 0.599462 0.018424 0.043011
13 0.263342 0.809140 0.038755 0.048387
58 0.246506 0.753360 0.024142 0.044355
19 0.290661 0.699597 0.022236 0.044355
30 0.479352 0.691532 0.693139 0.434140
22 0.557497 0.665323 0.037484 0.096774
20 0.548602 0.594758 0.046379 0.038978
34 0.493329 0.745296 0.020966 0.044355
45 0.195362 0.701613 0.037484 0.045699
11 0.510483 0.595430 0.019695 0.043011
59 0.367853 0.647849 0.021601 0.043011
7 0.382783 0.599462 0.018424 0.043011
24 0.344346 0.696909 0.021601 0.044355
28 0.398983 0.696237 0.020330 0.043011
39 0.523825 0.643145 0.020966 0.044355
50 0.566391 0.803091 0.029860 0.049731
41 0.233482 0.650538 0.024778 0.045699
52 0.198221 0.649866 0.036849 0.044355
26 0.531766 0.692876 0.021601 0.047043
44 0.185515 0.754704 0.030496 0.044355
14 0.461563 0.801747 0.029860 0.047043
35 0.384053 0.750672 0.022236 0.044355
25 0.371665 0.697581 0.021601 0.043011
31 0.451715 0.693548 0.020330 0.043011
29 0.425985 0.694892 0.019695 0.043011
10 0.235705 0.699597 0.022872 0.044355
43 0.263024 0.699597 0.022872 0.044355
12 0.505718 0.693548 0.020330 0.043011
51 0.340534 0.647849 0.021601 0.040323
33 0.412008 0.750672 0.022236 0.047043
36 0.446315 0.645161 0.020966 0.040323
16 0.301779 0.752016 0.024142 0.044355
6 0.357052 0.599462 0.019060 0.043011
8 0.409149 0.597446 0.019060 0.041667
9 0.433609 0.597446 0.019695 0.041667
57 0.274778 0.752688 0.023507 0.043011
1 0.225222 0.601478 0.022236 0.044355
53 0.393901 0.645833 0.021601 0.041667
27 0.420267 0.644489 0.019695 0.038978
23 0.317662 0.698253 0.021601 0.044355
38 0.472363 0.643817 0.019695 0.040323
54 0.497776 0.643817 0.020966 0.043011
47 0.363723 0.807796 0.154384 0.056452
17 0.199492 0.601478 0.022872 0.044355
37 0.478717 0.694220 0.020966 0.044355
3 0.278907 0.602823 0.022872 0.049731
48 0.484752 0.594758 0.021601 0.047043
46 0.544790 0.747984 0.071792 0.049731
