15 0.475313 0.591250 0.054375 0.069167
3 0.286875 0.367500 0.053750 0.068333
1 0.170000 0.367500 0.052500 0.068333
41 0.199063 0.443333 0.055625 0.068333
58 0.242188 0.592917 0.053125 0.069167
59 0.490312 0.442500 0.053125 0.068333
25 0.504062 0.516667 0.051875 0.066667
29 0.620000 0.516667 0.052500 0.068333
40 0.707187 0.591667 0.053125 0.068333
19 0.330625 0.517500 0.055000 0.068333
32 0.183125 0.593750 0.055000 0.070833
13 0.293125 0.674167 0.068750 0.081667
18 0.648438 0.591667 0.054375 0.070000
30 0.501875 0.491667 0.880000 0.508333
47 0.471562 0.672500 0.281875 0.083333
48 0.750625 0.367083 0.053750 0.069167
10 0.212812 0.518333 0.053125 0.068333
52 0.125000 0.442083 0.082500 0.069167
31 0.677813 0.516667 0.053125 0.068333
12 0.794687 0.516667 0.053125 0.068333
51 0.432500 0.442500 0.052500 0.068333
34 0.764687 0.592500 0.054375 0.068333
35 0.533125 0.591667 0.053750 0.068333
36 0.663125 0.442917 0.053750 0.067500
23 0.389062 0.517083 0.053125 0.067500
39 0.830937 0.442083 0.039375 0.069167
38 0.721562 0.442500 0.054375 0.068333
8 0.576250 0.367917 0.052500 0.067500
5 0.403125 0.367083 0.053750 0.067500
26 0.845313 0.516250 0.038125 0.069167
14 0.650625 0.672917 0.067500 0.080833
20 0.882812 0.366667 0.081875 0.068333
24 0.446562 0.517083 0.053125 0.067500
33 0.590625 0.592083 0.053750 0.070833
50 0.716250 0.673333 0.055000 0.081667
9 0.634375 0.367917 0.053750 0.069167
57 0.301250 0.592500 0.053750 0.070000
7 0.518750 0.368333 0.052500 0.068333
27 0.605625 0.442083 0.052500 0.067500
54 0.779687 0.442500 0.054375 0.070000
21 0.316875 0.442917 0.053750 0.069167
56 0.257812 0.442500 0.053125 0.068333
17 0.110000 0.367083 0.052500 0.067500
28 0.561250 0.516667 0.052500 0.068333
44 0.115000 0.595000 0.070000 0.070000
43 0.272188 0.518333 0.054375 0.068333
0 0.692500 0.366667 0.053750 0.068333
53 0.547500 0.442500 0.053750 0.068333
46 0.861563 0.591667 0.128125 0.070000
45 0.131562 0.517083 0.098125 0.069167
4 0.345000 0.366667 0.052500 0.068333
22 0.890000 0.482083 0.066250 0.145833
16 0.359375 0.592500 0.053750 0.068333
6 0.461250 0.367500 0.052500 0.068333
55 0.417812 0.592083 0.054375 0.069167
49 0.105313 0.677083 0.060625 0.080833
11 0.809063 0.366250 0.053125 0.067500
42 0.375000 0.442917 0.052500 0.067500
2 0.228125 0.367500 0.053750 0.068333
37 0.736250 0.517500 0.055000 0.068333
