39 0.769687 0.686375 0.044375 0.089974
29 0.588750 0.785347 0.042500 0.089974
46 0.795312 0.886889 0.108125 0.089974
35 0.515625 0.885604 0.045000 0.092545
58 0.270625 0.886247 0.043750 0.091260
30 0.496875 0.717866 0.745000 0.556555
21 0.336875 0.688303 0.043750 0.091260
18 0.614062 0.884319 0.044375 0.092545
51 0.432188 0.687018 0.041875 0.086118
53 0.527813 0.687018 0.043125 0.088689
14 0.619062 0.974293 0.058125 0.051414
11 0.741875 0.591260 0.042500 0.082262
57 0.319375 0.886889 0.043750 0.092545
0 0.645938 0.591260 0.043125 0.084833
19 0.346250 0.786632 0.043750 0.089974
33 0.565312 0.886247 0.045625 0.093830
48 0.693438 0.590617 0.043125 0.083548
6 0.456875 0.591902 0.042500 0.083548
27 0.575937 0.685733 0.041875 0.086118
22 0.804688 0.787275 0.081875 0.091260
36 0.623437 0.687018 0.043125 0.086118
40 0.663750 0.886247 0.043750 0.091260
9 0.598125 0.591260 0.042500 0.084833
43 0.297187 0.786632 0.044375 0.089974
10 0.249062 0.787275 0.043125 0.088689
2 0.266562 0.593188 0.043125 0.083548
3 0.314063 0.592545 0.043125 0.084833
12 0.735313 0.785990 0.044375 0.091260
15 0.466875 0.885604 0.045000 0.092545
56 0.288125 0.688946 0.042500 0.089974
42 0.385000 0.688946 0.042500 0.087404
24 0.443437 0.785347 0.043125 0.089974
59 0.480000 0.686375 0.042500 0.087404
52 0.180938 0.689589 0.066875 0.088689
5 0.409062 0.591260 0.041875 0.084833
8 0.550937 0.591902 0.043125 0.083548
17 0.172500 0.595116 0.041250 0.084833
45 0.183125 0.788560 0.078750 0.086118
34 0.713125 0.886889 0.045000 0.092545
16 0.368750 0.886889 0.045000 0.092545
13 0.255937 0.972365 0.053125 0.047558
55 0.418125 0.884319 0.043750 0.092545
26 0.818750 0.687661 0.045000 0.089974
20 0.803438 0.591260 0.068125 0.084833
1 0.219062 0.594473 0.041875 0.083548
4 0.361875 0.591902 0.042500 0.083548
25 0.491250 0.785347 0.043750 0.089974
44 0.192500 0.886247 0.103750 0.091260
23 0.395313 0.785347 0.043125 0.089974
37 0.686562 0.786632 0.044375 0.089974
7 0.504375 0.591260 0.042500 0.082262
41 0.239687 0.689589 0.044375 0.088689
32 0.673750 0.973650 0.045000 0.047558
28 0.540312 0.784704 0.041875 0.091260
54 0.719688 0.686375 0.044375 0.089974
38 0.671875 0.687018 0.043750 0.088689
31 0.638125 0.786632 0.043750 0.089974
47 0.464375 0.971080 0.240000 0.052699
