23 0.284687 0.562500 0.026875 0.040000
1 0.143750 0.463333 0.027500 0.040000
33 0.418125 0.612083 0.028750 0.040833
9 0.446875 0.463333 0.027500 0.040000
55 0.302500 0.612500 0.027500 0.040000
49 0.101562 0.665833 0.038125 0.041667
57 0.225625 0.613750 0.027500 0.040833
3 0.221250 0.462917 0.027500 0.039167
50 0.633750 0.662917 0.038750 0.040833
52 0.113437 0.513750 0.045625 0.040833
32 0.148750 0.613750 0.027500 0.040833
54 0.541250 0.511250 0.027500 0.040833
56 0.199375 0.512917 0.027500 0.040833
26 0.588437 0.560833 0.028125 0.041667
5 0.296875 0.462500 0.027500 0.040000
39 0.578438 0.510833 0.026875 0.040000
41 0.160938 0.512917 0.028125 0.040833
43 0.208750 0.562500 0.027500 0.041667
38 0.502812 0.512083 0.026875 0.040833
14 0.489375 0.670000 0.037500 0.053333
31 0.475625 0.560417 0.026250 0.040833
59 0.351875 0.512500 0.026250 0.040000
34 0.532188 0.612500 0.026875 0.040000
44 0.104063 0.615000 0.038125 0.041667
13 0.199063 0.668750 0.038125 0.050833
45 0.117188 0.565000 0.058125 0.041667
29 0.438125 0.563333 0.025000 0.036667
27 0.428438 0.511250 0.026875 0.039167
8 0.410000 0.463333 0.027500 0.040000
2 0.183125 0.462500 0.027500 0.040000
46 0.603750 0.611667 0.093750 0.041667
37 0.513125 0.562083 0.027500 0.040833
58 0.187188 0.612917 0.026875 0.040833
4 0.258750 0.463333 0.027500 0.040000
12 0.552188 0.560833 0.028125 0.041667
6 0.335313 0.462917 0.028125 0.040833
11 0.560000 0.462083 0.026250 0.039167
0 0.485312 0.462083 0.028125 0.040833
40 0.495000 0.612083 0.026250 0.039167
35 0.379063 0.612500 0.028125 0.040000
19 0.246250 0.562500 0.027500 0.041667
20 0.617188 0.462083 0.064375 0.040833
42 0.276875 0.512500 0.027500 0.040000
53 0.390313 0.512083 0.026875 0.039167
28 0.398750 0.562083 0.026250 0.039167
18 0.455625 0.611250 0.027500 0.040833
22 0.626563 0.535417 0.046875 0.089167
47 0.344687 0.673333 0.234375 0.061667
15 0.341562 0.611250 0.028125 0.040833
25 0.361563 0.562917 0.026875 0.037500
21 0.238125 0.512917 0.027500 0.040833
17 0.105625 0.462500 0.028750 0.040000
16 0.264062 0.612917 0.028125 0.040833
30 0.517813 0.551667 0.908125 0.385000
48 0.523125 0.462500 0.027500 0.040000
51 0.315000 0.512083 0.026250 0.039167
7 0.372500 0.462500 0.027500 0.040000
36 0.465625 0.512083 0.027500 0.040833
24 0.322813 0.561250 0.026875 0.040833
10 0.169063 0.563333 0.028125 0.040000
