44 0.023607 0.738347 0.045666 0.120763
55 0.277090 0.736229 0.046440 0.125000
23 0.253870 0.598517 0.046440 0.120763
34 0.578560 0.733051 0.045666 0.122881
30 0.500774 0.502119 1.000000 1.000000
20 0.692724 0.319915 0.094427 0.118644
37 0.555341 0.599576 0.045666 0.122881
16 0.226780 0.737288 0.046440 0.122881
41 0.089783 0.462924 0.046440 0.120763
18 0.479489 0.734110 0.045666 0.125000
28 0.405186 0.597458 0.045666 0.122881
6 0.318111 0.326271 0.044892 0.122881
29 0.455495 0.598517 0.045666 0.125000
1 0.067724 0.326271 0.045666 0.122881
2 0.118034 0.328390 0.045666 0.122881
11 0.617260 0.325212 0.044118 0.120763
35 0.378870 0.737288 0.045666 0.122881
25 0.354876 0.599576 0.045666 0.122881
42 0.241873 0.463983 0.045666 0.122881
56 0.141254 0.463983 0.045666 0.118644
45 0.037539 0.598517 0.073529 0.120763
31 0.505805 0.598517 0.045666 0.125000
26 0.655573 0.596398 0.044892 0.125000
22 0.706269 0.529661 0.070433 0.262712
50 0.707043 0.880297 0.075077 0.146186
36 0.491873 0.461864 0.045666 0.122881
24 0.304567 0.598517 0.045666 0.120763
12 0.605650 0.598517 0.045666 0.125000
32 0.074303 0.736229 0.046440 0.129237
49 0.030186 0.883475 0.058824 0.148305
38 0.542183 0.461864 0.044118 0.122881
19 0.203560 0.600636 0.046440 0.120763
59 0.342492 0.461864 0.045666 0.122881
43 0.152864 0.600636 0.045666 0.120763
17 0.019737 0.328390 0.037926 0.118644
13 0.155573 0.884534 0.060372 0.146186
21 0.191176 0.461864 0.046440 0.127119
0 0.517415 0.326271 0.045666 0.122881
40 0.529412 0.735169 0.046440 0.122881
52 0.030960 0.462924 0.060372 0.120763
9 0.467492 0.326271 0.044892 0.122881
53 0.392028 0.462924 0.045666 0.125000
57 0.176858 0.738347 0.045666 0.120763
47 0.333978 0.884534 0.290248 0.146186
39 0.642028 0.458686 0.045666 0.125000
4 0.217105 0.326271 0.045666 0.118644
27 0.442337 0.461864 0.044118 0.122881
58 0.125774 0.738347 0.045666 0.120763
15 0.327786 0.736229 0.047214 0.125000
3 0.167183 0.326271 0.044892 0.122881
8 0.417957 0.327331 0.044892 0.125000
54 0.591718 0.461864 0.045666 0.127119
10 0.102167 0.600636 0.044892 0.120763
33 0.429180 0.736229 0.045666 0.125000
14 0.512384 0.880297 0.058824 0.141949
7 0.368421 0.326271 0.044892 0.122881
5 0.267802 0.326271 0.044892 0.118644
46 0.675310 0.730932 0.135449 0.118644
51 0.292183 0.461864 0.045666 0.122881
48 0.567337 0.325212 0.044892 0.120763
