38 0.410938 0.460000 0.024375 0.035000
20 0.509687 0.413333 0.056875 0.035000
31 0.386562 0.504583 0.024375 0.035833
3 0.170000 0.429583 0.025000 0.037500
54 0.443750 0.459167 0.025000 0.036667
19 0.191250 0.512917 0.023750 0.035833
59 0.280625 0.465000 0.023750 0.035000
36 0.378437 0.461250 0.024375 0.035833
6 0.265625 0.424167 0.025000 0.036667
56 0.152188 0.470833 0.023125 0.035000
47 0.275938 0.597500 0.200625 0.041667
24 0.255625 0.509583 0.023750 0.035833
35 0.303750 0.551250 0.025000 0.035833
52 0.081250 0.474167 0.038750 0.035000
50 0.524062 0.587083 0.034375 0.037500
14 0.399687 0.591250 0.034375 0.037500
28 0.320937 0.507083 0.024375 0.035833
4 0.201875 0.427083 0.023750 0.035833
21 0.184375 0.470417 0.023750 0.035833
43 0.159062 0.513750 0.024375 0.035833
2 0.139063 0.430000 0.024375 0.035000
41 0.120938 0.472917 0.024375 0.035833
42 0.216562 0.468750 0.024375 0.034167
0 0.395000 0.418333 0.026250 0.036667
39 0.475938 0.458333 0.025625 0.036667
23 0.225312 0.513750 0.026875 0.035833
53 0.313437 0.464583 0.024375 0.035833
25 0.287813 0.508333 0.024375 0.036667
40 0.402813 0.546667 0.024375 0.036667
18 0.370000 0.548333 0.023750 0.036667
58 0.141563 0.557500 0.023125 0.035000
51 0.248125 0.466667 0.023750 0.035000
10 0.126875 0.515417 0.023750 0.035833
1 0.106563 0.430833 0.024375 0.035000
44 0.072813 0.560833 0.031875 0.035000
32 0.110312 0.558750 0.024375 0.037500
48 0.427187 0.417083 0.024375 0.035833
49 0.070938 0.604167 0.033125 0.038333
12 0.452813 0.501250 0.024375 0.035833
7 0.297812 0.422083 0.024375 0.035833
57 0.173750 0.555833 0.023750 0.035000
22 0.518125 0.477083 0.042500 0.082500
55 0.238750 0.553333 0.025000 0.035000
34 0.435937 0.545833 0.025625 0.036667
29 0.354063 0.505417 0.024375 0.035833
9 0.362812 0.420000 0.025625 0.036667
15 0.270937 0.552083 0.024375 0.035833
17 0.075000 0.432083 0.026250 0.035833
16 0.206250 0.555417 0.025000 0.035833
27 0.346250 0.462500 0.023750 0.035000
5 0.233437 0.425000 0.024375 0.036667
26 0.485000 0.500000 0.025000 0.036667
33 0.337187 0.550833 0.025625 0.036667
13 0.153125 0.601667 0.032500 0.036667
45 0.079687 0.518333 0.039375 0.036667
30 0.440000 0.473750 0.793750 0.402500
37 0.420000 0.502917 0.025000 0.035833
11 0.459688 0.415833 0.024375 0.035000
46 0.499063 0.542917 0.081875 0.035833
8 0.330625 0.421250 0.025000 0.037500
