53 0.538438 0.404179 0.058125 0.134006
14 0.656250 0.855908 0.076250 0.155620
16 0.329688 0.701009 0.058125 0.134006
41 0.154375 0.417147 0.058750 0.131124
23 0.360938 0.554755 0.056875 0.129683
45 0.082812 0.561239 0.104375 0.131124
30 0.501250 0.496398 0.978750 0.966859
10 0.169687 0.560519 0.055625 0.129683
57 0.265313 0.702450 0.056875 0.131124
38 0.735313 0.399135 0.060625 0.135447
1 0.121875 0.273775 0.056250 0.126801
54 0.800937 0.397695 0.061875 0.138329
59 0.473438 0.407061 0.058125 0.134006
29 0.620313 0.548991 0.059375 0.135447
56 0.217188 0.414265 0.056875 0.134006
31 0.686562 0.547550 0.059375 0.132565
36 0.669375 0.401297 0.060000 0.134006
25 0.490000 0.551873 0.058750 0.132565
46 0.897500 0.690922 0.148750 0.136888
11 0.834063 0.247839 0.059375 0.132565
28 0.554688 0.548991 0.059375 0.132565
51 0.409062 0.407781 0.055625 0.132565
27 0.603750 0.401297 0.058750 0.134006
17 0.058750 0.277378 0.056250 0.128242
7 0.505313 0.261527 0.058125 0.134006
43 0.233437 0.558357 0.058125 0.131124
6 0.440312 0.262968 0.056875 0.131124
0 0.701250 0.253602 0.060000 0.132565
19 0.296875 0.556916 0.058750 0.131124
24 0.425000 0.553314 0.057500 0.132565
34 0.786563 0.694524 0.061875 0.132565
32 0.138437 0.703890 0.056875 0.134006
4 0.312812 0.266571 0.056875 0.129683
9 0.635312 0.256484 0.059375 0.135447
12 0.819688 0.545389 0.060625 0.134006
33 0.588125 0.697406 0.060000 0.135447
42 0.345000 0.411383 0.058750 0.131124
13 0.257812 0.858790 0.074375 0.152738
18 0.654062 0.695965 0.059375 0.132565
15 0.458437 0.698127 0.059375 0.134006
35 0.522813 0.697406 0.059375 0.132565
49 0.060000 0.860231 0.058750 0.155620
47 0.456562 0.855187 0.314375 0.157061
20 0.919063 0.247118 0.094375 0.134006
3 0.248750 0.270893 0.057500 0.129683
26 0.877500 0.543948 0.042500 0.134006
21 0.280938 0.412104 0.058125 0.132565
2 0.185938 0.271614 0.058125 0.128242
55 0.394062 0.698847 0.058125 0.135447
8 0.569688 0.258646 0.058125 0.131124
39 0.860313 0.395533 0.044375 0.136888
37 0.752812 0.546830 0.060625 0.134006
44 0.067187 0.706052 0.073125 0.132565
22 0.928125 0.468300 0.080000 0.288184
58 0.202187 0.703170 0.056875 0.132565
52 0.074688 0.418588 0.089375 0.131124
5 0.375937 0.264409 0.056875 0.131124
40 0.720313 0.694524 0.059375 0.129683
48 0.767188 0.251441 0.059375 0.134006
