5 0.275625 0.365705 0.028750 0.054384
26 0.569375 0.500000 0.030000 0.056604
30 0.506250 0.470588 0.931250 0.488346
1 0.125000 0.366815 0.027500 0.052164
35 0.355625 0.567703 0.030000 0.056604
44 0.080625 0.568257 0.040000 0.053274
15 0.316563 0.567703 0.030625 0.058824
0 0.464375 0.365705 0.030000 0.054384
24 0.300000 0.500555 0.028750 0.055494
41 0.140937 0.432852 0.029375 0.053274
42 0.253750 0.434517 0.028750 0.056604
47 0.319063 0.640400 0.238125 0.068812
58 0.161250 0.567148 0.030000 0.055494
49 0.075625 0.637625 0.040000 0.061043
18 0.434063 0.566038 0.029375 0.055494
45 0.095312 0.500555 0.056875 0.051054
11 0.540312 0.364040 0.029375 0.055494
51 0.292187 0.433407 0.028125 0.054384
38 0.482500 0.432852 0.030000 0.053274
19 0.222812 0.500555 0.028125 0.055494
56 0.178437 0.433407 0.028125 0.054384
9 0.426250 0.364595 0.028750 0.056604
34 0.511250 0.567703 0.030000 0.058824
25 0.338438 0.500555 0.029375 0.055494
7 0.350938 0.365150 0.028125 0.055494
48 0.501563 0.364040 0.029375 0.055494
12 0.531250 0.498890 0.030000 0.056604
55 0.277813 0.567703 0.030625 0.056604
2 0.161875 0.367370 0.028750 0.055494
59 0.330625 0.433407 0.028750 0.054384
23 0.261250 0.500000 0.028750 0.054384
43 0.184688 0.500000 0.029375 0.054384
36 0.444688 0.433407 0.029375 0.054384
32 0.123438 0.567148 0.030625 0.055494
29 0.415625 0.500555 0.028750 0.055494
40 0.472813 0.566593 0.029375 0.056604
31 0.454062 0.499445 0.029375 0.055494
22 0.607812 0.466704 0.051875 0.127636
37 0.492812 0.500000 0.029375 0.056604
27 0.407500 0.433407 0.028750 0.054384
20 0.597812 0.364595 0.070625 0.056604
57 0.199687 0.567148 0.030625 0.055494
13 0.172187 0.637625 0.041875 0.061043
53 0.368750 0.433962 0.028750 0.055494
54 0.521250 0.432852 0.030000 0.055494
10 0.146563 0.500555 0.029375 0.055494
21 0.215938 0.433962 0.028125 0.055494
8 0.388750 0.365705 0.028750 0.058824
3 0.199375 0.366260 0.028750 0.057714
17 0.089063 0.366815 0.026875 0.052164
6 0.313750 0.365705 0.028750 0.054384
28 0.377188 0.500000 0.029375 0.056604
46 0.585938 0.568257 0.101875 0.057714
50 0.616563 0.642064 0.046875 0.067703
33 0.394375 0.567148 0.030000 0.057714
39 0.559063 0.432852 0.030625 0.057714
4 0.237500 0.365705 0.027500 0.054384
52 0.095000 0.434517 0.046250 0.052164
16 0.238750 0.567703 0.031250 0.056604
14 0.465938 0.639290 0.041875 0.064373
