9 0.415138 0.345481 0.036042 0.078717
39 0.555701 0.431487 0.036697 0.081633
26 0.567497 0.517493 0.036697 0.084548
13 0.151704 0.723032 0.051769 0.102041
3 0.165138 0.346939 0.039318 0.081633
53 0.353539 0.435131 0.037353 0.083090
48 0.495085 0.344752 0.034731 0.080175
0 0.455439 0.346210 0.036697 0.080175
28 0.364024 0.524052 0.037353 0.083090
36 0.435452 0.432945 0.036042 0.081633
55 0.255898 0.618076 0.038663 0.084548
23 0.236566 0.527697 0.038008 0.081633
25 0.321756 0.526239 0.038008 0.081633
49 0.036370 0.727405 0.062254 0.102041
29 0.405308 0.522595 0.037353 0.083090
34 0.506553 0.610787 0.038008 0.081633
4 0.207077 0.346939 0.038008 0.078717
41 0.097969 0.438776 0.039974 0.084548
32 0.082896 0.623907 0.041284 0.087464
8 0.373853 0.344752 0.036042 0.080175
54 0.516383 0.433673 0.036697 0.083090
19 0.193644 0.528426 0.038663 0.083090
21 0.184142 0.436589 0.039318 0.083090
40 0.466579 0.611516 0.038008 0.083090
5 0.249017 0.346939 0.038008 0.078717
15 0.298493 0.617347 0.038663 0.086006
1 0.078965 0.348397 0.037353 0.081633
47 0.302425 0.717930 0.245740 0.103499
22 0.606488 0.475219 0.054391 0.169096
51 0.269659 0.435860 0.037353 0.081633
45 0.047837 0.530612 0.068152 0.084548
7 0.333552 0.346210 0.036697 0.080175
44 0.033093 0.626093 0.047837 0.083090
12 0.527523 0.521137 0.036697 0.083090
38 0.475754 0.432945 0.036697 0.081633
35 0.341743 0.616618 0.038663 0.084548
17 0.035387 0.348397 0.036697 0.081633
50 0.610419 0.705539 0.060944 0.096210
33 0.383683 0.615889 0.038663 0.086006
58 0.125491 0.621720 0.038663 0.083090
27 0.395151 0.433673 0.036697 0.080175
20 0.594364 0.339650 0.073394 0.084548
42 0.227064 0.436589 0.038663 0.083090
30 0.480668 0.496356 0.960026 0.730321
11 0.534731 0.344023 0.035387 0.078717
18 0.425623 0.612974 0.037353 0.083090
2 0.122543 0.349125 0.038008 0.080175
24 0.278834 0.526239 0.037353 0.081633
31 0.446920 0.522595 0.036697 0.083090
59 0.311927 0.435131 0.036697 0.083090
52 0.044889 0.439504 0.058322 0.083090
43 0.150066 0.529883 0.039318 0.083090
56 0.140891 0.436589 0.039318 0.083090
46 0.583879 0.607143 0.107471 0.080175
57 0.169397 0.620991 0.038663 0.084548
14 0.453145 0.709913 0.049148 0.096210
10 0.106815 0.530612 0.039318 0.084548
37 0.487221 0.521866 0.037353 0.081633
6 0.291940 0.346939 0.037353 0.078717
16 0.212647 0.619534 0.039974 0.084548
