40 0.521230 0.897949 0.042460 0.055664
42 0.236457 0.779297 0.043924 0.056641
29 0.447291 0.835449 0.042460 0.057617
58 0.124451 0.912109 0.043924 0.058594
59 0.339312 0.778320 0.043192 0.058594
53 0.386164 0.773926 0.043192 0.057617
51 0.286237 0.777344 0.043924 0.058594
9 0.459370 0.708008 0.043192 0.056641
33 0.422767 0.900879 0.044656 0.057617
8 0.410322 0.709473 0.043192 0.057617
19 0.199488 0.844727 0.043192 0.058594
57 0.175329 0.909180 0.043192 0.056641
12 0.594436 0.833008 0.042460 0.056641
10 0.098463 0.847168 0.043192 0.057617
3 0.160688 0.716797 0.044656 0.056641
31 0.496706 0.833984 0.041728 0.056641
21 0.185944 0.780762 0.043924 0.057617
35 0.374085 0.902832 0.043924 0.057617
37 0.545388 0.833984 0.042460 0.056641
17 0.014641 0.720215 0.027818 0.055664
5 0.261347 0.714355 0.043924 0.055664
44 0.048682 0.914551 0.095900 0.063477
6 0.311859 0.712891 0.043924 0.056641
48 0.556369 0.706543 0.042460 0.055664
47 0.322474 0.969727 0.233529 0.062500
32 0.529283 0.967285 0.043924 0.067383
39 0.633968 0.770996 0.042460 0.057617
38 0.532577 0.770020 0.041728 0.055664
23 0.249634 0.843262 0.042460 0.057617
52 0.028184 0.785156 0.054905 0.058594
34 0.569180 0.896973 0.043192 0.055664
25 0.348463 0.838379 0.042460 0.057617
27 0.434846 0.771973 0.042460 0.057617
1 0.058565 0.719238 0.043924 0.055664
2 0.109810 0.717773 0.043924 0.054688
56 0.135066 0.781250 0.043192 0.056641
20 0.667277 0.706055 0.066618 0.056641
0 0.507321 0.707031 0.042460 0.056641
41 0.084187 0.782715 0.043924 0.057617
43 0.149341 0.846191 0.043924 0.057617
30 0.458638 0.803711 0.915813 0.394531
14 0.474378 0.968262 0.057101 0.065430
24 0.299048 0.840820 0.043192 0.056641
45 0.035505 0.849609 0.069546 0.058594
4 0.211567 0.715820 0.043924 0.056641
55 0.274890 0.905762 0.044656 0.057617
54 0.581259 0.769531 0.042460 0.056641
13 0.170205 0.973633 0.057833 0.054688
36 0.483895 0.770996 0.042460 0.055664
26 0.680088 0.768555 0.042460 0.054688
22 0.663250 0.831543 0.079063 0.057617
18 0.472548 0.898926 0.043192 0.057617
15 0.324671 0.904297 0.044656 0.058594
28 0.398243 0.836914 0.042460 0.058594
49 0.017570 0.975586 0.033675 0.050781
7 0.361274 0.710938 0.043192 0.056641
46 0.650805 0.896484 0.103953 0.060547
11 0.605417 0.705566 0.042460 0.053711
16 0.225110 0.908203 0.044656 0.056641
