15 0.476415 0.592701 0.054717 0.069631
3 0.286792 0.367450 0.054088 0.068792
1 0.169182 0.367450 0.052830 0.068792
41 0.198428 0.443792 0.055975 0.068792
58 0.241824 0.594379 0.053459 0.069631
59 0.491509 0.442953 0.053459 0.068792
25 0.505346 0.517617 0.052201 0.067114
29 0.622013 0.517617 0.052830 0.068792
40 0.709748 0.593121 0.053459 0.068792
19 0.330818 0.518456 0.055346 0.068792
32 0.182390 0.595218 0.055346 0.071309
13 0.293082 0.676174 0.069182 0.082215
18 0.650629 0.593121 0.054717 0.070470
30 0.503145 0.492450 0.885535 0.511745
47 0.472642 0.674497 0.283648 0.083893
48 0.753459 0.367030 0.054088 0.069631
10 0.212264 0.519295 0.053459 0.068792
52 0.123899 0.442534 0.083019 0.069631
31 0.680189 0.517617 0.053459 0.068792
12 0.797799 0.517617 0.053459 0.068792
51 0.433333 0.442953 0.052830 0.068792
34 0.767610 0.593960 0.054717 0.068792
35 0.534591 0.593121 0.054088 0.068792
36 0.665409 0.443372 0.054088 0.067953
23 0.389623 0.518037 0.053459 0.067953
39 0.834277 0.442534 0.039623 0.069631
38 0.724214 0.442953 0.054717 0.068792
8 0.577987 0.367869 0.052830 0.067953
5 0.403774 0.367030 0.054088 0.067953
26 0.848742 0.517198 0.038365 0.069631
14 0.652830 0.674916 0.067925 0.081376
20 0.886478 0.366611 0.082390 0.068792
24 0.447484 0.518037 0.053459 0.067953
33 0.592453 0.593540 0.054088 0.071309
50 0.718868 0.675336 0.055346 0.082215
9 0.636478 0.367869 0.054088 0.069631
57 0.301258 0.593960 0.054088 0.070470
7 0.520126 0.368289 0.052830 0.068792
27 0.607547 0.442534 0.052830 0.067953
54 0.782704 0.442953 0.054717 0.070470
21 0.316981 0.443372 0.054088 0.069631
56 0.257547 0.442953 0.053459 0.068792
17 0.108805 0.367030 0.052830 0.067953
28 0.562893 0.517617 0.052830 0.068792
44 0.113836 0.596477 0.070440 0.070470
43 0.272013 0.519295 0.054717 0.068792
0 0.694969 0.366611 0.054088 0.068792
53 0.549057 0.442953 0.054088 0.068792
46 0.865094 0.593121 0.128931 0.070470
45 0.130503 0.518037 0.098742 0.069631
4 0.345283 0.366611 0.052830 0.068792
22 0.893711 0.482802 0.066667 0.146812
16 0.359748 0.593960 0.054088 0.068792
6 0.462264 0.367450 0.052830 0.068792
55 0.418553 0.593540 0.054717 0.069631
49 0.104088 0.679111 0.061006 0.081376
11 0.812264 0.366191 0.053459 0.067953
42 0.375472 0.443372 0.052830 0.067953
2 0.227673 0.367450 0.054088 0.068792
37 0.738994 0.518456 0.055346 0.068792
