39 0.769497 0.688630 0.044654 0.090439
29 0.587421 0.788114 0.042767 0.090439
46 0.795283 0.890181 0.108805 0.090439
35 0.513836 0.888889 0.045283 0.093023
58 0.267296 0.889535 0.044025 0.091731
30 0.494969 0.720284 0.749686 0.559432
21 0.333962 0.690568 0.044025 0.091731
18 0.612893 0.887597 0.044654 0.093023
51 0.429874 0.689276 0.042138 0.086563
53 0.526101 0.689276 0.043396 0.089147
14 0.617925 0.976744 0.058491 0.049096
11 0.741509 0.593023 0.042767 0.082687
57 0.316352 0.890181 0.044025 0.093023
0 0.644969 0.593023 0.043396 0.085271
19 0.343396 0.789406 0.044025 0.090439
33 0.563836 0.889535 0.045912 0.094315
48 0.692767 0.592377 0.043396 0.083979
6 0.454717 0.593669 0.042767 0.083979
27 0.574528 0.687984 0.042138 0.086563
22 0.804717 0.790052 0.082390 0.091731
36 0.622327 0.689276 0.043396 0.086563
40 0.662893 0.889535 0.044025 0.091731
9 0.596855 0.593023 0.042767 0.085271
43 0.294025 0.789406 0.044654 0.090439
10 0.245597 0.790052 0.043396 0.089147
2 0.263208 0.594961 0.043396 0.083979
3 0.311006 0.594315 0.043396 0.085271
12 0.734906 0.788760 0.044654 0.091731
15 0.464780 0.888889 0.045283 0.093023
56 0.284906 0.691214 0.042767 0.090439
42 0.382390 0.691214 0.042767 0.087855
24 0.441195 0.788114 0.043396 0.090439
59 0.477987 0.688630 0.042767 0.087855
52 0.177044 0.691860 0.067296 0.089147
5 0.406604 0.593023 0.042138 0.085271
8 0.549371 0.593669 0.043396 0.083979
17 0.168553 0.596899 0.041509 0.085271
45 0.179245 0.791344 0.079245 0.086563
34 0.712579 0.890181 0.045283 0.093023
16 0.366038 0.890181 0.045283 0.093023
13 0.252516 0.976098 0.053459 0.047804
55 0.415723 0.887597 0.044025 0.093023
26 0.818868 0.689922 0.045283 0.090439
20 0.803459 0.593023 0.068553 0.085271
1 0.215409 0.596253 0.042138 0.083979
4 0.359119 0.593669 0.042767 0.083979
25 0.489308 0.788114 0.044025 0.090439
44 0.188679 0.889535 0.104403 0.091731
23 0.392767 0.788114 0.043396 0.090439
37 0.685849 0.789406 0.044654 0.090439
7 0.502516 0.593023 0.042767 0.082687
41 0.236164 0.691860 0.044654 0.089147
32 0.672956 0.977390 0.045283 0.047804
28 0.538679 0.787468 0.042138 0.091731
54 0.719182 0.688630 0.044654 0.090439
38 0.671069 0.689276 0.044025 0.089147
31 0.637107 0.789406 0.044025 0.090439
47 0.462264 0.974806 0.241509 0.052972
