4 0.252362 0.665468 0.032389 0.043165
16 0.253711 0.811601 0.033738 0.044065
49 0.105263 0.862410 0.053981 0.050360
27 0.411269 0.714928 0.030364 0.043165
37 0.490216 0.764838 0.031714 0.044065
2 0.180162 0.665468 0.033738 0.043165
35 0.363360 0.812950 0.031714 0.044964
43 0.201754 0.762590 0.033738 0.043165
58 0.181174 0.810252 0.033063 0.043165
50 0.598853 0.869604 0.051957 0.052158
56 0.195682 0.713129 0.032389 0.043165
12 0.526316 0.765737 0.032389 0.044065
46 0.575236 0.815647 0.092443 0.043165
30 0.480769 0.739658 0.846829 0.391187
45 0.116734 0.761241 0.058030 0.042266
21 0.231444 0.713579 0.033738 0.044065
25 0.347841 0.763489 0.031714 0.043165
55 0.290823 0.811601 0.032389 0.044065
8 0.394737 0.667716 0.031039 0.042266
3 0.216599 0.665917 0.032389 0.044065
7 0.359649 0.667266 0.031039 0.043165
47 0.330634 0.866007 0.209177 0.052158
59 0.340081 0.714478 0.031039 0.044065
26 0.561741 0.766187 0.033063 0.046763
6 0.324561 0.666367 0.031039 0.043165
40 0.471660 0.813849 0.032389 0.044964
11 0.533738 0.669964 0.031039 0.043165
33 0.399460 0.813399 0.032389 0.045863
32 0.145074 0.810252 0.033738 0.046763
19 0.238192 0.763040 0.033738 0.044065
20 0.586707 0.670414 0.065452 0.042266
18 0.435897 0.813399 0.032389 0.045863
48 0.498988 0.669514 0.030364 0.042266
39 0.551619 0.718076 0.033063 0.044065
5 0.288462 0.666367 0.031714 0.043165
31 0.454791 0.763939 0.031039 0.044065
29 0.419366 0.763939 0.031714 0.044065
38 0.481107 0.715827 0.031039 0.043165
10 0.165992 0.762140 0.032389 0.044065
54 0.516532 0.717626 0.031714 0.043165
15 0.326923 0.812050 0.033063 0.044964
9 0.429825 0.667716 0.031039 0.042266
42 0.267881 0.714029 0.032389 0.043165
51 0.304656 0.714029 0.031714 0.043165
44 0.104926 0.810701 0.039811 0.044065
57 0.218286 0.811601 0.033063 0.044065
17 0.106950 0.663669 0.031714 0.041367
52 0.114372 0.713129 0.049258 0.043165
28 0.383266 0.763040 0.031039 0.044065
1 0.143725 0.665468 0.032389 0.043165
53 0.375843 0.714928 0.031039 0.043165
34 0.507422 0.815198 0.032389 0.045863
41 0.159244 0.713129 0.033738 0.043165
13 0.202429 0.864658 0.043185 0.051259
24 0.311066 0.762590 0.032389 0.043165
22 0.596491 0.743705 0.048583 0.093525
23 0.275304 0.762590 0.032389 0.043165
36 0.446356 0.714928 0.030364 0.043165
0 0.463900 0.668615 0.031714 0.044065
14 0.459177 0.866906 0.042510 0.052158
