58 0.179438 0.609881 0.047254 0.061329
47 0.346424 0.672913 0.226692 0.068143
43 0.206897 0.546422 0.045977 0.060477
14 0.486909 0.667802 0.045338 0.063032
3 0.225734 0.426320 0.045338 0.057070
9 0.502235 0.428024 0.042784 0.055366
21 0.247126 0.485945 0.044700 0.058773
34 0.607918 0.600937 0.043423 0.057070
10 0.158365 0.547274 0.045977 0.060477
30 0.502235 0.540034 0.996807 0.548552
1 0.130907 0.427598 0.045977 0.056218
17 0.078863 0.427172 0.053001 0.055366
35 0.422095 0.604770 0.043423 0.061329
38 0.569285 0.482964 0.041507 0.056218
25 0.399106 0.544719 0.043423 0.057070
29 0.492656 0.543441 0.042784 0.057922
59 0.388250 0.484668 0.043423 0.056218
48 0.590038 0.426320 0.042146 0.053663
24 0.351213 0.545145 0.043423 0.057922
18 0.515006 0.602641 0.044061 0.060477
8 0.456897 0.428024 0.041507 0.057070
7 0.411877 0.427172 0.042146 0.055366
39 0.659323 0.482112 0.044061 0.057922
27 0.479885 0.483816 0.041507 0.054514
53 0.434227 0.484242 0.042146 0.055366
28 0.445402 0.543867 0.042784 0.057070
33 0.469349 0.604770 0.044700 0.061329
4 0.273308 0.426746 0.043423 0.056218
46 0.662197 0.601363 0.061303 0.059625
54 0.614623 0.482538 0.042784 0.057070
26 0.707216 0.483816 0.046616 0.057922
0 0.546296 0.427598 0.042784 0.054514
40 0.561622 0.601789 0.044061 0.057070
44 0.092593 0.611584 0.120051 0.064736
19 0.255428 0.545145 0.044700 0.057922
45 0.085249 0.548552 0.091315 0.061329
31 0.537356 0.541738 0.041507 0.056218
41 0.150383 0.486371 0.047893 0.057922
37 0.583333 0.542164 0.042784 0.058773
6 0.366220 0.427598 0.042784 0.056218
23 0.303640 0.545145 0.044061 0.057922
22 0.693167 0.540886 0.082375 0.057922
51 0.341315 0.484668 0.042784 0.056218
20 0.691571 0.425043 0.068966 0.054514
36 0.524585 0.483816 0.042784 0.056218
16 0.277458 0.608177 0.046616 0.061329
32 0.205619 0.675468 0.048531 0.066440
12 0.628991 0.541312 0.043423 0.058773
57 0.227969 0.608603 0.045977 0.060477
49 0.053001 0.679302 0.051086 0.067291
55 0.325990 0.606899 0.045338 0.060477
42 0.294061 0.485094 0.044061 0.057070
15 0.374202 0.606048 0.044700 0.060477
52 0.084610 0.486797 0.078544 0.060477
5 0.319604 0.428024 0.044061 0.055366
56 0.198595 0.485945 0.044700 0.058773
11 0.634100 0.426320 0.040868 0.053663
2 0.179119 0.426746 0.045338 0.056218
