29 0.391995 0.666948 0.030496 0.048904
48 0.482529 0.560287 0.033672 0.046374
33 0.371029 0.720489 0.033037 0.048061
55 0.250000 0.719224 0.029860 0.047218
52 0.043202 0.611720 0.049555 0.046374
57 0.168043 0.719224 0.029860 0.047218
23 0.228399 0.666526 0.028590 0.048061
41 0.093075 0.613406 0.029860 0.046374
56 0.135324 0.612985 0.029225 0.047218
22 0.594981 0.640809 0.054003 0.104553
45 0.044790 0.667791 0.047649 0.045531
4 0.196315 0.559865 0.030496 0.047218
51 0.257306 0.612985 0.029225 0.048904
35 0.330051 0.720911 0.031131 0.047218
10 0.106417 0.667369 0.028590 0.048061
1 0.072427 0.559022 0.029225 0.045531
17 0.029860 0.559444 0.027954 0.046374
13 0.144219 0.773609 0.040661 0.048061
36 0.421537 0.613828 0.031131 0.047218
46 0.570203 0.721332 0.102287 0.044688
18 0.412643 0.720489 0.031131 0.048061
42 0.217281 0.613406 0.030496 0.048061
15 0.289072 0.720067 0.030496 0.048904
16 0.208704 0.719224 0.031131 0.045531
39 0.542884 0.614250 0.034943 0.049747
54 0.502224 0.613406 0.033672 0.049747
44 0.041931 0.719646 0.038119 0.046374
12 0.513342 0.666526 0.034307 0.049747
24 0.269060 0.666526 0.029860 0.048061
9 0.401842 0.560287 0.033672 0.048061
25 0.309403 0.666526 0.030496 0.046374
14 0.447268 0.774030 0.043202 0.045531
6 0.278590 0.559865 0.031131 0.048904
53 0.339898 0.613828 0.031766 0.048904
59 0.298920 0.613406 0.031131 0.048061
43 0.147078 0.666526 0.029860 0.048061
26 0.554320 0.666948 0.032402 0.048904
40 0.451715 0.720067 0.031766 0.047218
28 0.350699 0.665683 0.030496 0.048061
47 0.294790 0.774030 0.247776 0.048904
11 0.523825 0.559865 0.033672 0.047218
0 0.442503 0.559865 0.032402 0.047218
20 0.585769 0.559022 0.072427 0.045531
50 0.600381 0.774874 0.045743 0.047218
3 0.154384 0.559865 0.030496 0.047218
49 0.043202 0.773187 0.038119 0.045531
58 0.127065 0.719646 0.027954 0.046374
8 0.360864 0.560287 0.034307 0.048061
2 0.113088 0.559444 0.029225 0.046374
30 0.487611 0.618887 0.973952 0.451939
7 0.319568 0.560287 0.030496 0.048061
37 0.472363 0.666948 0.033672 0.048904
34 0.492058 0.720489 0.033672 0.048061
27 0.380559 0.612985 0.031766 0.047218
5 0.237611 0.559865 0.029225 0.047218
21 0.177255 0.613406 0.030496 0.048061
32 0.086086 0.718381 0.028590 0.045531
19 0.188056 0.666948 0.029225 0.047218
38 0.462198 0.612985 0.032402 0.047218
31 0.432656 0.666526 0.031766 0.048061
