39 0.551197 0.577320 0.029255 0.054983
14 0.460439 0.776060 0.041888 0.063001
52 0.078125 0.601375 0.053856 0.050401
6 0.306184 0.527491 0.031250 0.060710
12 0.522939 0.639748 0.027261 0.056128
36 0.440160 0.582474 0.030585 0.049255
22 0.599402 0.607102 0.049867 0.119129
13 0.171875 0.795533 0.055186 0.058419
38 0.477726 0.581901 0.029920 0.052692
44 0.060838 0.730241 0.043218 0.051546
57 0.184176 0.725659 0.033245 0.053837
29 0.409242 0.644903 0.025931 0.052692
34 0.508311 0.703895 0.031250 0.058419
56 0.163896 0.595074 0.035239 0.049255
50 0.611702 0.766896 0.043883 0.060710
55 0.266622 0.718213 0.030585 0.054983
35 0.347739 0.712486 0.030585 0.052692
10 0.133311 0.660367 0.029920 0.051546
59 0.324136 0.587629 0.032580 0.050401
18 0.430186 0.706758 0.031915 0.054983
17 0.076463 0.538373 0.029255 0.050401
16 0.226396 0.720504 0.032580 0.054983
53 0.364029 0.587629 0.029920 0.048110
4 0.227394 0.530928 0.031915 0.056128
1 0.115359 0.536655 0.029920 0.053837
54 0.515625 0.577892 0.031250 0.053837
23 0.250665 0.655212 0.029255 0.050401
47 0.317819 0.790378 0.228723 0.075601
37 0.486037 0.640893 0.026596 0.053837
15 0.307181 0.716495 0.029255 0.056128
7 0.343418 0.525773 0.027261 0.054983
30 0.490027 0.655785 0.968085 0.528064
45 0.073803 0.664376 0.058511 0.054983
49 0.055186 0.805842 0.058511 0.065292
41 0.127327 0.596793 0.029920 0.048110
11 0.532247 0.517182 0.031250 0.051546
48 0.494016 0.519473 0.026596 0.049255
9 0.419880 0.522910 0.029920 0.051546
2 0.153258 0.533792 0.028590 0.048110
32 0.104056 0.728522 0.032580 0.052692
20 0.585106 0.515464 0.063830 0.054983
42 0.245678 0.593356 0.029920 0.050401
3 0.190492 0.534937 0.029920 0.054983
26 0.561503 0.636884 0.027261 0.054983
8 0.382314 0.525200 0.030585 0.058419
46 0.578457 0.700458 0.094415 0.053837
21 0.205452 0.593929 0.031915 0.049255
43 0.170213 0.659221 0.027926 0.053837
28 0.371011 0.646621 0.027926 0.051546
24 0.290559 0.651775 0.027926 0.050401
27 0.401596 0.584765 0.030585 0.049255
51 0.284242 0.591638 0.025931 0.046964
0 0.456782 0.520619 0.026596 0.051546
5 0.265957 0.532073 0.031915 0.056128
40 0.468750 0.706758 0.030585 0.057274
19 0.208777 0.657503 0.035904 0.048110
25 0.329787 0.648912 0.027926 0.046964
31 0.447473 0.644903 0.026596 0.052692
33 0.390625 0.710195 0.028590 0.052692
58 0.148271 0.727377 0.030585 0.052692
