47 0.447706 0.676709 0.321862 0.096223
31 0.683536 0.501349 0.059379 0.076439
33 0.584008 0.585432 0.061404 0.079137
41 0.138327 0.408273 0.059379 0.077338
38 0.732456 0.415468 0.060054 0.077338
15 0.452429 0.583183 0.060054 0.078237
0 0.698718 0.331835 0.060054 0.075540
16 0.318826 0.583183 0.061404 0.078237
29 0.616734 0.499101 0.059379 0.077338
32 0.728408 0.683004 0.061404 0.094424
36 0.665992 0.415468 0.059379 0.077338
9 0.633266 0.331835 0.058704 0.075540
28 0.550945 0.498201 0.058704 0.077338
12 0.815789 0.502248 0.060729 0.076439
43 0.220310 0.495504 0.060054 0.077338
55 0.385628 0.582734 0.060054 0.079137
10 0.152159 0.494155 0.058704 0.076439
14 0.654184 0.679406 0.080297 0.092626
51 0.405196 0.412770 0.057355 0.075540
48 0.763158 0.332734 0.058030 0.075540
4 0.307355 0.326439 0.058704 0.075540
24 0.420040 0.497752 0.057355 0.076439
45 0.061066 0.491906 0.108637 0.077338
23 0.353576 0.496403 0.059379 0.077338
30 0.494602 0.477518 0.987854 0.579137
25 0.485830 0.497752 0.059379 0.076439
39 0.863023 0.417266 0.056680 0.075540
57 0.251350 0.582284 0.060054 0.078237
59 0.470648 0.413669 0.058704 0.077338
21 0.272267 0.410072 0.060054 0.079137
6 0.438596 0.329586 0.058030 0.074640
3 0.240216 0.325090 0.059379 0.074640
18 0.650810 0.585881 0.060054 0.076439
7 0.503711 0.330486 0.057355 0.076439
26 0.927800 0.419514 0.056680 0.074640
1 0.107625 0.322392 0.058704 0.076439
56 0.204453 0.408273 0.059379 0.077338
13 0.164980 0.676259 0.061404 0.091727
17 0.041161 0.321493 0.056680 0.074640
58 0.183873 0.582284 0.060054 0.078237
5 0.372807 0.328237 0.060054 0.075540
35 0.518219 0.584532 0.059379 0.077338
22 0.905533 0.501799 0.105263 0.077338
11 0.828947 0.332284 0.057355 0.074640
44 0.075236 0.578687 0.145074 0.081835
54 0.798246 0.416817 0.059379 0.078237
42 0.339744 0.412320 0.060054 0.076439
37 0.748988 0.501799 0.059379 0.077338
27 0.600540 0.414568 0.058030 0.075540
2 0.173752 0.323741 0.058704 0.075540
20 0.909582 0.333633 0.086370 0.075540
34 0.783401 0.587680 0.059379 0.076439
53 0.535088 0.414568 0.058030 0.077338
49 0.097503 0.675360 0.062753 0.091727
52 0.054993 0.406475 0.092443 0.079137
46 0.891363 0.587680 0.136302 0.078237
8 0.567814 0.331835 0.058704 0.075540
40 0.717611 0.586781 0.060054 0.076439
19 0.287112 0.495953 0.060054 0.078237
