58 0.176250 0.610000 0.046250 0.060000
47 0.339687 0.671667 0.221875 0.066667
43 0.203125 0.547917 0.045000 0.059167
14 0.477187 0.666667 0.044375 0.061667
3 0.221562 0.430417 0.044375 0.055833
9 0.492188 0.432083 0.041875 0.054167
21 0.242500 0.488750 0.043750 0.057500
34 0.595625 0.601250 0.042500 0.055833
10 0.155625 0.548750 0.045000 0.059167
30 0.500625 0.541667 0.992500 0.536667
1 0.128750 0.431667 0.045000 0.055000
17 0.077813 0.431250 0.051875 0.054167
35 0.413750 0.605000 0.042500 0.060000
38 0.557813 0.485833 0.040625 0.055000
25 0.391250 0.546250 0.042500 0.055833
29 0.482812 0.545000 0.041875 0.056667
59 0.380625 0.487500 0.042500 0.055000
48 0.578125 0.430417 0.041250 0.052500
24 0.344375 0.546667 0.042500 0.056667
18 0.504687 0.602917 0.043125 0.059167
8 0.447813 0.432083 0.040625 0.055833
7 0.403750 0.431250 0.041250 0.054167
39 0.645938 0.485000 0.043125 0.056667
27 0.470313 0.486667 0.040625 0.053333
53 0.425625 0.487083 0.041250 0.054167
28 0.436563 0.545417 0.041875 0.055833
33 0.460000 0.605000 0.043750 0.060000
4 0.268125 0.430833 0.042500 0.055000
46 0.648750 0.601667 0.060000 0.058333
54 0.602187 0.485417 0.041875 0.055833
26 0.692813 0.486667 0.045625 0.056667
0 0.535312 0.431667 0.041875 0.053333
40 0.550312 0.602083 0.043125 0.055833
44 0.091250 0.611667 0.117500 0.063333
19 0.250625 0.546667 0.043750 0.056667
45 0.084062 0.550000 0.089375 0.060000
31 0.526563 0.543333 0.040625 0.055000
41 0.147813 0.489167 0.046875 0.056667
37 0.571562 0.543750 0.041875 0.057500
6 0.359063 0.431667 0.041875 0.055000
23 0.297812 0.546667 0.043125 0.056667
22 0.679063 0.542500 0.080625 0.056667
51 0.334688 0.487500 0.041875 0.055000
20 0.677500 0.429167 0.067500 0.053333
36 0.514062 0.486667 0.041875 0.055000
16 0.272188 0.608333 0.045625 0.060000
32 0.201875 0.674167 0.047500 0.065000
12 0.616250 0.542917 0.042500 0.057500
57 0.223750 0.608750 0.045000 0.059167
49 0.052500 0.677917 0.050000 0.065833
55 0.319688 0.607083 0.044375 0.059167
42 0.288438 0.487917 0.043125 0.055833
15 0.366875 0.606250 0.043750 0.059167
52 0.083437 0.489583 0.076875 0.059167
5 0.313437 0.432083 0.043125 0.054167
56 0.195000 0.488750 0.043750 0.057500
11 0.621250 0.430417 0.040000 0.052500
2 0.175937 0.430833 0.044375 0.055000
