34 0.485312 0.453438 0.031875 0.073066
51 0.261562 0.280086 0.028125 0.073066
12 0.504375 0.367479 0.031250 0.075931
14 0.443437 0.544413 0.040625 0.077364
47 0.296250 0.547278 0.240000 0.083095
22 0.579688 0.322350 0.050625 0.166189
32 0.092813 0.460602 0.028125 0.075931
2 0.121250 0.193410 0.030000 0.077364
7 0.320312 0.190544 0.029375 0.074499
40 0.448125 0.454871 0.030000 0.075931
35 0.330937 0.458453 0.029375 0.074499
6 0.280938 0.189828 0.029375 0.075931
50 0.586250 0.540831 0.042500 0.075931
56 0.142500 0.281519 0.030000 0.073066
42 0.222500 0.282235 0.030000 0.074499
52 0.054375 0.281519 0.048750 0.075931
28 0.350000 0.368195 0.027500 0.074499
18 0.409687 0.457020 0.030625 0.077364
57 0.172500 0.459885 0.028750 0.074499
24 0.271250 0.368911 0.027500 0.073066
33 0.370000 0.457736 0.031250 0.075931
11 0.513750 0.191261 0.030000 0.073066
0 0.439375 0.194126 0.030000 0.073066
37 0.466562 0.368195 0.030625 0.074499
58 0.132812 0.460602 0.029375 0.073066
49 0.048125 0.551576 0.038750 0.077364
15 0.291250 0.457736 0.028750 0.075931
23 0.232187 0.369628 0.026875 0.074499
9 0.399375 0.191261 0.028750 0.073066
27 0.380000 0.280086 0.028750 0.073066
46 0.556250 0.452006 0.097500 0.075931
38 0.456875 0.280086 0.028750 0.073066
55 0.251563 0.459169 0.029375 0.073066
10 0.113125 0.371060 0.028750 0.077364
21 0.182188 0.281519 0.028125 0.075931
5 0.240937 0.191977 0.029375 0.077364
4 0.201563 0.190544 0.029375 0.077364
13 0.147813 0.550860 0.039375 0.075931
26 0.541250 0.367479 0.030000 0.075931
17 0.041875 0.191977 0.028750 0.074499
48 0.476250 0.189828 0.030000 0.073066
19 0.192500 0.371060 0.027500 0.077364
25 0.311250 0.368911 0.027500 0.073066
20 0.571562 0.188395 0.068125 0.073066
43 0.152812 0.372493 0.028125 0.077364
39 0.531875 0.277221 0.030000 0.073066
36 0.418750 0.280086 0.028750 0.073066
29 0.389375 0.371060 0.028750 0.077364
54 0.494688 0.279370 0.029375 0.071633
8 0.360000 0.192693 0.030000 0.075931
3 0.160938 0.190544 0.029375 0.077364
53 0.340625 0.281519 0.028750 0.073066
30 0.466562 0.329513 0.888125 0.621777
44 0.049375 0.460602 0.040000 0.073066
59 0.300938 0.280086 0.028125 0.073066
16 0.211875 0.459885 0.028750 0.074499
1 0.081875 0.191977 0.030000 0.080229
45 0.059687 0.372493 0.059375 0.077364
31 0.427812 0.368195 0.029375 0.077364
41 0.102813 0.280802 0.028125 0.071633
