36 0.480000 0.408778 0.032258 0.043029
53 0.395806 0.406196 0.031613 0.043029
29 0.447097 0.464286 0.033548 0.043890
46 0.632581 0.522375 0.109032 0.044750
10 0.145161 0.458692 0.030968 0.048193
58 0.162258 0.513769 0.031613 0.046472
13 0.174516 0.568847 0.045806 0.046472
54 0.563226 0.410499 0.030968 0.044750
7 0.375806 0.351119 0.030323 0.043029
21 0.224516 0.402324 0.032258 0.045611
14 0.503871 0.576592 0.043871 0.046472
30 0.516452 0.446644 0.968387 0.382100
19 0.231613 0.460413 0.029677 0.044750
38 0.521935 0.409208 0.032258 0.043890
42 0.267742 0.403614 0.030968 0.044750
17 0.076129 0.345095 0.032258 0.039587
11 0.584194 0.357143 0.034194 0.046472
24 0.317742 0.460843 0.030323 0.043890
40 0.509355 0.520654 0.031613 0.043029
15 0.337419 0.515060 0.032258 0.043890
55 0.293548 0.514630 0.030968 0.043029
51 0.310000 0.402754 0.030323 0.044750
20 0.647097 0.355852 0.070968 0.045611
22 0.659677 0.440620 0.050968 0.103270
44 0.070645 0.511188 0.047097 0.044750
49 0.066129 0.564974 0.048387 0.043890
41 0.138065 0.401033 0.033548 0.044750
35 0.380968 0.517212 0.031613 0.043029
27 0.438065 0.407057 0.030968 0.043029
2 0.162581 0.347676 0.030968 0.043029
5 0.290968 0.351979 0.032258 0.044750
23 0.274839 0.459983 0.029677 0.043890
6 0.332581 0.351979 0.031613 0.043029
9 0.459355 0.354561 0.032258 0.044750
3 0.205161 0.348537 0.032258 0.048193
52 0.083871 0.399312 0.055484 0.044750
4 0.248710 0.350258 0.032903 0.046472
16 0.249677 0.513769 0.032258 0.043029
59 0.352903 0.404475 0.030968 0.043029
50 0.666452 0.580465 0.045161 0.047332
45 0.086129 0.456971 0.067742 0.046472
32 0.119032 0.512048 0.034194 0.043029
33 0.423548 0.519793 0.032903 0.044750
43 0.188710 0.459983 0.031613 0.045611
25 0.360968 0.462995 0.031613 0.044750
57 0.205161 0.514200 0.032258 0.043890
31 0.489355 0.464716 0.031613 0.044750
47 0.339355 0.573580 0.268387 0.045611
37 0.531613 0.466437 0.030968 0.044750
34 0.551935 0.520654 0.032903 0.043029
12 0.574516 0.466437 0.032903 0.044750
0 0.501935 0.357143 0.033548 0.044750
48 0.542903 0.358864 0.031613 0.046472
8 0.417419 0.352840 0.033548 0.046472
28 0.403226 0.462995 0.030968 0.044750
26 0.616129 0.469449 0.032258 0.043890
39 0.605161 0.412220 0.033548 0.044750
18 0.467419 0.519793 0.032903 0.043029
1 0.119355 0.346386 0.030968 0.045611
56 0.181613 0.401893 0.032903 0.044750
