21 0.199925 0.296906 0.038117 0.050898
23 0.260463 0.359281 0.038117 0.047904
52 0.035127 0.297405 0.064275 0.051896
49 0.017564 0.488523 0.033632 0.052894
31 0.511584 0.361277 0.036622 0.049900
44 0.022048 0.423154 0.042601 0.051896
10 0.106502 0.359281 0.039611 0.049900
27 0.450673 0.297904 0.037369 0.048902
26 0.660688 0.361776 0.035874 0.048902
38 0.549327 0.298902 0.035874 0.048902
48 0.573244 0.236527 0.035874 0.049900
24 0.311286 0.360778 0.038117 0.048902
15 0.333333 0.423653 0.040359 0.048902
25 0.362108 0.359780 0.038117 0.048902
16 0.229447 0.423154 0.040359 0.049900
34 0.586697 0.423653 0.037369 0.048902
9 0.475336 0.235030 0.037369 0.052894
47 0.332960 0.491517 0.316143 0.056886
33 0.435725 0.424152 0.040359 0.049900
53 0.401345 0.298403 0.037369 0.049900
14 0.528774 0.489521 0.053064 0.052894
46 0.680867 0.424651 0.124066 0.048902
5 0.278401 0.233533 0.036622 0.051896
22 0.708520 0.331836 0.062780 0.112774
8 0.426756 0.235529 0.037369 0.051896
11 0.624813 0.239022 0.035874 0.050898
42 0.250374 0.296906 0.037369 0.048902
56 0.149477 0.295908 0.038864 0.050898
13 0.139013 0.488523 0.053812 0.054890
7 0.377803 0.233533 0.038117 0.051896
18 0.486173 0.423653 0.038117 0.048902
55 0.281016 0.423154 0.040359 0.049900
20 0.693946 0.236028 0.082960 0.050898
39 0.646487 0.299401 0.035874 0.049900
29 0.462257 0.360778 0.038117 0.048902
36 0.499253 0.298403 0.037369 0.049900
45 0.038490 0.359780 0.075486 0.050898
50 0.720852 0.490020 0.053064 0.053892
6 0.328475 0.235030 0.036622 0.048902
37 0.561659 0.361776 0.036622 0.048902
59 0.351271 0.296906 0.037369 0.048902
40 0.537369 0.424152 0.037369 0.047904
28 0.412182 0.360279 0.036622 0.049900
3 0.180120 0.234032 0.034380 0.048902
1 0.077354 0.231537 0.038117 0.049900
41 0.097907 0.295409 0.040359 0.051896
0 0.524290 0.236527 0.036622 0.049900
4 0.228700 0.231537 0.037369 0.051896
2 0.128550 0.233034 0.038864 0.050898
19 0.208894 0.359780 0.038117 0.048902
35 0.384529 0.424152 0.039611 0.049900
30 0.500747 0.336826 1.000000 0.454092
54 0.597907 0.298902 0.035874 0.048902
32 0.072870 0.422156 0.042601 0.049900
51 0.300448 0.296407 0.037369 0.049900
12 0.610987 0.362275 0.036622 0.049900
57 0.178251 0.422655 0.041106 0.048902
17 0.026906 0.231038 0.035874 0.050898
58 0.126308 0.422156 0.041854 0.049900
43 0.157698 0.359780 0.038864 0.048902
