38 0.480705 0.446256 0.028523 0.044686
33 0.388842 0.566425 0.031040 0.048309
59 0.317534 0.451691 0.027685 0.045894
50 0.620805 0.617150 0.043624 0.048309
53 0.358641 0.449275 0.029362 0.045894
9 0.417366 0.390700 0.031040 0.047101
6 0.296560 0.394928 0.029362 0.045894
1 0.088926 0.398551 0.030201 0.048309
13 0.154362 0.632246 0.041946 0.049517
42 0.234899 0.453502 0.030201 0.044686
55 0.265101 0.569444 0.030201 0.047101
7 0.337248 0.393116 0.030201 0.044686
5 0.253775 0.395531 0.029362 0.047101
25 0.327601 0.510266 0.029362 0.047101
18 0.429950 0.564614 0.029362 0.047101
45 0.062919 0.516908 0.062081 0.050725
8 0.377097 0.392512 0.029362 0.045894
34 0.512164 0.560990 0.029362 0.047101
49 0.049077 0.637077 0.042785 0.049517
35 0.348574 0.567633 0.029362 0.048309
56 0.151846 0.455918 0.028523 0.047101
36 0.440856 0.447464 0.029362 0.044686
39 0.560822 0.444444 0.029362 0.045894
29 0.409396 0.507246 0.028523 0.048309
40 0.471477 0.562802 0.028523 0.045894
57 0.181628 0.571860 0.029362 0.047101
14 0.466862 0.621981 0.042785 0.048309
23 0.244966 0.512077 0.028523 0.048309
22 0.611577 0.470411 0.052013 0.107488
0 0.459312 0.390097 0.029362 0.045894
20 0.599413 0.384058 0.069631 0.048309
32 0.097315 0.574879 0.030201 0.048309
28 0.367869 0.506643 0.029362 0.047101
4 0.213507 0.396739 0.029362 0.047101
54 0.520973 0.445652 0.028523 0.045894
2 0.130453 0.398551 0.029362 0.045894
44 0.049916 0.576087 0.044463 0.048309
19 0.203020 0.513285 0.028523 0.048309
15 0.305789 0.568237 0.031040 0.047101
26 0.571309 0.502415 0.030201 0.048309
58 0.140101 0.573671 0.028523 0.048309
30 0.493289 0.482488 0.934564 0.409420
16 0.223154 0.570652 0.030201 0.047101
21 0.192534 0.455314 0.029362 0.048309
43 0.161493 0.514493 0.029362 0.048309
27 0.398909 0.448068 0.027685 0.043478
37 0.491611 0.504227 0.028523 0.047101
47 0.310822 0.627415 0.252517 0.051932
41 0.110319 0.458333 0.029362 0.047101
24 0.285654 0.510266 0.029362 0.047101
48 0.499581 0.388889 0.029362 0.045894
51 0.276007 0.451691 0.028523 0.045894
3 0.171980 0.396739 0.030201 0.047101
17 0.046560 0.399155 0.029362 0.049517
31 0.450084 0.504831 0.027685 0.048309
52 0.057047 0.458937 0.052013 0.048309
10 0.119547 0.515700 0.029362 0.048309
46 0.588087 0.559179 0.102349 0.048309
11 0.538591 0.385870 0.030201 0.049517
12 0.531879 0.503019 0.030201 0.047101
