21 0.197813 0.340417 0.031875 0.042500
23 0.248438 0.392500 0.031875 0.040000
52 0.060000 0.340833 0.053750 0.043333
49 0.036562 0.500417 0.045625 0.044167
31 0.458437 0.394167 0.030625 0.041667
44 0.043125 0.445833 0.047500 0.043333
10 0.119688 0.392500 0.033125 0.041667
27 0.407500 0.341250 0.031250 0.040833
26 0.583125 0.394583 0.030000 0.040833
38 0.490000 0.342083 0.030000 0.040833
48 0.510000 0.290000 0.030000 0.041667
24 0.290938 0.393750 0.031875 0.040833
15 0.309375 0.446250 0.033750 0.040833
25 0.333437 0.392917 0.031875 0.040833
16 0.222500 0.445833 0.033750 0.041667
34 0.521250 0.446250 0.031250 0.040833
9 0.428125 0.288750 0.031250 0.044167
47 0.309063 0.502917 0.264375 0.047500
33 0.395000 0.446667 0.033750 0.041667
53 0.366250 0.341667 0.031250 0.041667
14 0.472813 0.501250 0.044375 0.044167
46 0.600000 0.447083 0.103750 0.040833
5 0.263437 0.287500 0.030625 0.043333
22 0.623125 0.369583 0.052500 0.094167
8 0.387500 0.289167 0.031250 0.043333
11 0.553125 0.292083 0.030000 0.042500
42 0.240000 0.340417 0.031250 0.040833
56 0.155625 0.339583 0.032500 0.042500
13 0.146875 0.500417 0.045000 0.045833
7 0.346562 0.287500 0.031875 0.043333
18 0.437188 0.446250 0.031875 0.040833
55 0.265625 0.445833 0.033750 0.041667
20 0.610938 0.289583 0.069375 0.042500
39 0.571250 0.342500 0.030000 0.041667
29 0.417187 0.393750 0.031875 0.040833
36 0.448125 0.341667 0.031250 0.041667
45 0.060625 0.392917 0.067500 0.042500
50 0.633437 0.501667 0.044375 0.045000
6 0.305312 0.288750 0.030625 0.040833
37 0.500313 0.394583 0.030625 0.040833
59 0.324375 0.340417 0.031250 0.040833
40 0.480000 0.446667 0.031250 0.040000
28 0.375312 0.393333 0.030625 0.041667
3 0.181250 0.287917 0.028750 0.040833
1 0.095312 0.285833 0.031875 0.041667
41 0.112500 0.339167 0.033750 0.043333
0 0.469062 0.290000 0.030625 0.041667
4 0.221875 0.285833 0.031250 0.043333
2 0.138125 0.287083 0.032500 0.042500
19 0.205313 0.392917 0.031875 0.040833
35 0.352187 0.446667 0.033125 0.041667
30 0.497500 0.373750 0.975000 0.379167
54 0.530625 0.342083 0.030000 0.040833
32 0.091563 0.445000 0.035625 0.041667
51 0.281875 0.340000 0.031250 0.041667
12 0.541562 0.395000 0.030625 0.041667
57 0.179688 0.445417 0.034375 0.040833
17 0.053125 0.285417 0.030000 0.042500
58 0.136250 0.445000 0.035000 0.041667
43 0.162500 0.392917 0.032500 0.040833
