12 0.470464 0.748747 0.026723 0.053885
23 0.215190 0.765664 0.025316 0.052632
3 0.144515 0.645990 0.028833 0.051378
14 0.413854 0.877820 0.037271 0.048872
51 0.240858 0.700501 0.026020 0.052632
7 0.293952 0.635965 0.028129 0.051378
46 0.521097 0.810150 0.091421 0.056391
53 0.314346 0.695489 0.026723 0.052632
30 0.433193 0.706140 0.838256 0.474937
19 0.178622 0.768170 0.025316 0.055138
55 0.235232 0.827694 0.026020 0.053885
20 0.532349 0.619674 0.063291 0.051378
45 0.056610 0.775063 0.054149 0.056391
40 0.417370 0.815789 0.027426 0.052632
34 0.452883 0.813283 0.026723 0.052632
48 0.440577 0.625940 0.027426 0.051378
49 0.052743 0.898496 0.035162 0.047619
43 0.142405 0.770050 0.026020 0.053885
57 0.162799 0.833960 0.026020 0.053885
5 0.219058 0.639724 0.027426 0.053885
13 0.142405 0.893484 0.035865 0.047619
47 0.277778 0.887845 0.220816 0.056391
9 0.367089 0.629699 0.026723 0.051378
42 0.204641 0.703634 0.026723 0.051378
39 0.496484 0.682957 0.026723 0.052632
16 0.199015 0.830201 0.026723 0.053885
17 0.035162 0.651629 0.025316 0.050125
6 0.255977 0.637218 0.028129 0.053885
37 0.434951 0.751880 0.026020 0.055138
38 0.423699 0.687970 0.026020 0.052632
25 0.288326 0.760652 0.026723 0.052632
15 0.271800 0.826441 0.027426 0.053885
54 0.459564 0.686090 0.026020 0.053885
28 0.324543 0.759398 0.026020 0.052632
1 0.070675 0.651629 0.027426 0.052632
24 0.251758 0.763784 0.026723 0.053885
27 0.350914 0.692982 0.026723 0.050125
52 0.048875 0.713659 0.045710 0.053885
2 0.107947 0.645990 0.027426 0.053885
26 0.506329 0.747494 0.026723 0.053885
8 0.331575 0.633459 0.027426 0.051378
29 0.361463 0.756266 0.026723 0.053885
58 0.126231 0.833960 0.026020 0.053885
22 0.542194 0.714286 0.046414 0.117794
4 0.182489 0.642231 0.027426 0.051378
36 0.387834 0.690476 0.027426 0.052632
44 0.049930 0.838346 0.035162 0.055138
41 0.093530 0.711779 0.026723 0.052632
31 0.398031 0.753759 0.026723 0.053885
10 0.106188 0.772556 0.025316 0.053885
21 0.167370 0.705514 0.026723 0.052632
0 0.404712 0.628446 0.027426 0.051378
35 0.308017 0.823308 0.026723 0.052632
59 0.277075 0.698622 0.026723 0.051378
56 0.130802 0.709273 0.026723 0.052632
50 0.549226 0.869674 0.037975 0.047619
11 0.476442 0.622807 0.027426 0.052632
18 0.380802 0.817669 0.026020 0.053885
33 0.344585 0.820802 0.026723 0.052632
32 0.090014 0.836466 0.026723 0.053885
