31 0.627745 0.466926 0.043192 0.060311
15 0.425329 0.543288 0.045388 0.063230
22 0.853587 0.430447 0.074671 0.139105
0 0.639092 0.318580 0.043924 0.061284
54 0.725476 0.392996 0.042460 0.062257
51 0.382870 0.391051 0.040996 0.060311
28 0.512445 0.466926 0.042460 0.062257
5 0.355417 0.316634 0.044656 0.063230
17 0.061127 0.314202 0.043192 0.062257
41 0.147511 0.391537 0.046120 0.063230
29 0.570278 0.467412 0.043924 0.061284
2 0.179722 0.314689 0.044656 0.063230
3 0.238653 0.315175 0.045388 0.064202
16 0.306003 0.544747 0.045388 0.064202
53 0.498536 0.392023 0.042460 0.060311
8 0.525622 0.318093 0.043924 0.062257
21 0.265739 0.391051 0.043924 0.062257
50 0.872621 0.620623 0.061493 0.066148
39 0.781113 0.392023 0.042460 0.062257
4 0.297218 0.315661 0.043924 0.063230
38 0.669473 0.391537 0.041728 0.061284
56 0.207174 0.391051 0.043924 0.062257
52 0.072474 0.390564 0.076135 0.063230
32 0.122621 0.546693 0.049048 0.068093
26 0.799414 0.466926 0.043924 0.060311
33 0.543192 0.543774 0.045388 0.064202
19 0.277818 0.467412 0.044656 0.063230
20 0.834919 0.318580 0.097365 0.061284
44 0.055637 0.547179 0.062958 0.065175
42 0.324305 0.391537 0.042460 0.061284
37 0.685578 0.467412 0.044656 0.061284
36 0.611640 0.392510 0.041728 0.061284
7 0.469619 0.317121 0.043192 0.062257
9 0.582357 0.318093 0.044656 0.062257
35 0.484627 0.543288 0.043924 0.063230
34 0.716691 0.543288 0.043924 0.061284
58 0.184846 0.545720 0.046120 0.066148
14 0.654100 0.622568 0.062225 0.066148
13 0.218887 0.625973 0.064422 0.067121
10 0.158858 0.467899 0.045388 0.062257
45 0.076867 0.469844 0.093704 0.064202
55 0.365666 0.544261 0.044656 0.063230
57 0.245242 0.544747 0.045388 0.064202
47 0.436310 0.625486 0.349927 0.068093
11 0.751830 0.318580 0.042460 0.061284
46 0.823572 0.542802 0.143485 0.064202
1 0.120791 0.313716 0.045388 0.063230
27 0.554905 0.391051 0.040996 0.058366
48 0.696193 0.319066 0.043924 0.062257
40 0.658858 0.542802 0.043924 0.060311
6 0.412884 0.317121 0.043924 0.062257
23 0.337482 0.467412 0.043924 0.061284
12 0.742313 0.467412 0.043924 0.061284
18 0.600293 0.543288 0.043924 0.063230
25 0.455344 0.467412 0.043924 0.061284
30 0.506955 0.437743 0.987555 0.519455
49 0.057833 0.628405 0.081991 0.068093
24 0.396413 0.466926 0.043192 0.062257
59 0.441069 0.392510 0.041728 0.061284
43 0.218521 0.467412 0.046120 0.063230
