12 0.521875 0.771667 0.023750 0.047778
23 0.295000 0.786667 0.022500 0.046667
3 0.232187 0.680556 0.025625 0.045556
14 0.471562 0.886111 0.033125 0.043333
51 0.317812 0.728889 0.023125 0.046667
7 0.365000 0.671667 0.025000 0.045556
46 0.566875 0.826111 0.081250 0.050000
53 0.383125 0.724444 0.023750 0.046667
30 0.488750 0.733889 0.745000 0.421111
19 0.262500 0.788889 0.022500 0.048889
55 0.312812 0.841667 0.023125 0.047778
20 0.576875 0.657222 0.056250 0.045556
45 0.154062 0.795000 0.048125 0.050000
40 0.474687 0.831111 0.024375 0.046667
34 0.506250 0.828889 0.023750 0.046667
48 0.495312 0.662778 0.024375 0.045556
49 0.150625 0.904444 0.031250 0.042222
43 0.230313 0.790556 0.023125 0.047778
57 0.248438 0.847222 0.023125 0.047778
5 0.298438 0.675000 0.024375 0.047778
13 0.230313 0.900000 0.031875 0.042222
47 0.350625 0.895000 0.196250 0.050000
9 0.430000 0.666111 0.023750 0.045556
42 0.285625 0.731667 0.023750 0.045556
39 0.545000 0.713333 0.023750 0.046667
16 0.280625 0.843889 0.023750 0.047778
17 0.135000 0.685556 0.022500 0.044444
6 0.331250 0.672778 0.025000 0.047778
37 0.490312 0.774444 0.023125 0.048889
38 0.480312 0.717778 0.023125 0.046667
25 0.360000 0.782222 0.023750 0.046667
15 0.345313 0.840556 0.024375 0.047778
54 0.512188 0.716111 0.023125 0.047778
28 0.392188 0.781111 0.023125 0.046667
1 0.166563 0.685556 0.024375 0.046667
24 0.327500 0.785000 0.023750 0.047778
27 0.415625 0.722222 0.023750 0.044444
52 0.147187 0.740556 0.040625 0.047778
2 0.199687 0.680556 0.024375 0.047778
26 0.553750 0.770556 0.023750 0.047778
8 0.398438 0.669444 0.024375 0.045556
29 0.425000 0.778333 0.023750 0.047778
58 0.215938 0.847222 0.023125 0.047778
22 0.585625 0.741111 0.041250 0.104444
4 0.265937 0.677222 0.024375 0.045556
36 0.448437 0.720000 0.024375 0.046667
44 0.148125 0.851111 0.031250 0.048889
41 0.186875 0.738889 0.023750 0.046667
31 0.457500 0.776111 0.023750 0.047778
10 0.198125 0.792778 0.022500 0.047778
21 0.252500 0.733333 0.023750 0.046667
0 0.463438 0.665000 0.024375 0.045556
35 0.377500 0.837778 0.023750 0.046667
59 0.350000 0.727222 0.023750 0.045556
56 0.220000 0.736667 0.023750 0.046667
50 0.591875 0.878889 0.033750 0.042222
11 0.527188 0.660000 0.024375 0.046667
18 0.442188 0.832778 0.023125 0.047778
33 0.410000 0.835556 0.023750 0.046667
32 0.183750 0.849444 0.023750 0.047778
