34 0.685622 0.617424 0.036481 0.080303
39 0.715665 0.404545 0.032189 0.078788
7 0.469599 0.313636 0.037911 0.093939
58 0.225680 0.718939 0.049356 0.104545
21 0.286481 0.449242 0.043634 0.098485
31 0.612303 0.522727 0.034335 0.081818
23 0.365522 0.564394 0.042918 0.095455
11 0.689914 0.301515 0.030758 0.081818
4 0.309728 0.321970 0.044349 0.101515
49 0.086910 0.898485 0.077969 0.127273
41 0.161302 0.461364 0.049356 0.107576
25 0.471388 0.546212 0.040057 0.089394
37 0.655579 0.516667 0.035050 0.081818
28 0.520386 0.537879 0.037911 0.087879
16 0.346924 0.692424 0.045780 0.100000
10 0.183834 0.593182 0.048641 0.107576
57 0.287554 0.705303 0.047210 0.101515
40 0.644134 0.625758 0.036481 0.081818
48 0.650215 0.305303 0.031474 0.083333
56 0.225680 0.456061 0.046495 0.103030
20 0.746423 0.297727 0.065093 0.080303
33 0.554363 0.645455 0.040057 0.084848
52 0.075823 0.471212 0.088698 0.112121
38 0.635908 0.411364 0.032904 0.080303
2 0.188126 0.328030 0.050072 0.110606
9 0.563662 0.309091 0.034335 0.087879
42 0.344778 0.443182 0.041488 0.095455
13 0.257153 0.846970 0.066524 0.112121
29 0.567954 0.531061 0.037196 0.086364
30 0.500715 0.550000 1.000000 0.903030
17 0.052217 0.333333 0.051502 0.109091
44 0.080472 0.752273 0.073677 0.116667
43 0.247854 0.583333 0.046495 0.103030
15 0.456366 0.667424 0.042918 0.092424
46 0.757511 0.601515 0.101574 0.087879
32 0.158441 0.734091 0.052217 0.110606
14 0.647711 0.736364 0.049356 0.084848
36 0.592990 0.417424 0.034335 0.083333
54 0.677396 0.407576 0.031474 0.078788
12 0.695637 0.509848 0.033619 0.080303
27 0.547568 0.420455 0.035050 0.083333
24 0.419886 0.556061 0.041488 0.093939
51 0.399499 0.437121 0.040773 0.092424
35 0.506795 0.656061 0.040773 0.087879
22 0.766452 0.446212 0.060801 0.180303
50 0.796495 0.694697 0.046495 0.077273
18 0.600143 0.636364 0.038627 0.084848
3 0.250715 0.325000 0.047926 0.107576
45 0.089771 0.610606 0.109442 0.118182
8 0.517883 0.311364 0.035765 0.092424
1 0.121960 0.331818 0.050787 0.112121
53 0.500715 0.426515 0.037196 0.086364
19 0.308655 0.573485 0.045064 0.098485
55 0.402718 0.678788 0.042918 0.093939
47 0.461016 0.799242 0.319742 0.165152
5 0.365522 0.319697 0.042918 0.100000
6 0.419170 0.315152 0.040057 0.096970
59 0.451359 0.432576 0.040057 0.089394
26 0.732475 0.501515 0.032904 0.078788
0 0.608369 0.306061 0.033619 0.087879
