56 0.152188 0.461667 0.030625 0.045000
53 0.366875 0.461250 0.031250 0.044167
46 0.602500 0.572083 0.105000 0.044167
10 0.117188 0.517500 0.031875 0.046667
38 0.492812 0.461250 0.030625 0.044167
36 0.451250 0.462083 0.031250 0.044167
17 0.045312 0.405417 0.029375 0.044167
16 0.225000 0.573333 0.032500 0.046667
29 0.418438 0.518750 0.031875 0.047500
39 0.575000 0.461250 0.030000 0.044167
37 0.502812 0.517083 0.030625 0.045833
33 0.397188 0.572083 0.031875 0.045833
40 0.481875 0.572083 0.031250 0.044167
24 0.291250 0.517917 0.031250 0.045833
25 0.334375 0.517917 0.031250 0.045833
7 0.345938 0.406250 0.031875 0.045833
52 0.055000 0.462083 0.053750 0.045833
44 0.045625 0.574167 0.045000 0.046667
3 0.174375 0.405417 0.031250 0.045833
50 0.635312 0.628750 0.044375 0.045833
57 0.181250 0.574583 0.032500 0.047500
54 0.533438 0.461667 0.030625 0.045000
58 0.137187 0.574583 0.031875 0.047500
55 0.268125 0.573333 0.031250 0.046667
26 0.585000 0.517917 0.030000 0.045833
30 0.500000 0.496667 0.968750 0.373333
22 0.627188 0.489167 0.053125 0.101667
43 0.160938 0.518750 0.031875 0.047500
8 0.387500 0.406667 0.031250 0.045000
34 0.523125 0.572500 0.031250 0.045000
32 0.093125 0.574583 0.033750 0.047500
13 0.151562 0.632083 0.044375 0.047500
0 0.470938 0.407083 0.031875 0.044167
51 0.281875 0.461250 0.030000 0.044167
2 0.130000 0.405417 0.031250 0.045833
31 0.460625 0.517500 0.031250 0.046667
28 0.376563 0.516250 0.030625 0.045833
41 0.108750 0.462083 0.031250 0.045833
45 0.059062 0.517917 0.065625 0.047500
5 0.259688 0.405417 0.030625 0.045833
1 0.087188 0.406250 0.030625 0.045833
19 0.205000 0.518750 0.031250 0.047500
23 0.248438 0.517500 0.030625 0.046667
35 0.354687 0.573333 0.031875 0.046667
4 0.217500 0.405417 0.030000 0.045833
14 0.476250 0.629167 0.042500 0.046667
27 0.408750 0.460833 0.030000 0.043333
20 0.615938 0.406250 0.070625 0.044167
42 0.238437 0.461667 0.030625 0.045000
18 0.439375 0.572917 0.031250 0.045833
49 0.042813 0.631250 0.044375 0.045833
9 0.429063 0.406250 0.031875 0.044167
6 0.302812 0.406250 0.030625 0.045833
47 0.314063 0.630417 0.266875 0.050833
12 0.544375 0.517083 0.030000 0.045833
15 0.311250 0.572917 0.032500 0.045833
48 0.513125 0.406667 0.031250 0.045000
11 0.553750 0.405833 0.031250 0.045000
21 0.195000 0.461250 0.031250 0.045833
59 0.324062 0.461667 0.030625 0.045000
