48 0.506250 0.469536 0.033750 0.078146
8 0.378437 0.466225 0.031875 0.076821
41 0.104063 0.548344 0.031875 0.074172
2 0.120938 0.457616 0.031875 0.075497
18 0.432188 0.738411 0.030625 0.072848
5 0.249688 0.462914 0.033125 0.075497
28 0.369063 0.647020 0.030625 0.075497
17 0.036562 0.453642 0.031875 0.075497
27 0.400625 0.556291 0.031250 0.074172
44 0.049688 0.724503 0.041875 0.074172
30 0.500625 0.598675 0.967500 0.606623
38 0.485000 0.559603 0.031250 0.075497
36 0.443437 0.558278 0.031875 0.075497
20 0.613750 0.468212 0.076250 0.078146
22 0.622812 0.606623 0.053125 0.166887
11 0.549375 0.470199 0.033750 0.079470
4 0.207187 0.459603 0.031875 0.076821
0 0.464687 0.465563 0.033125 0.075497
29 0.411562 0.649669 0.030625 0.075497
58 0.138125 0.729139 0.030000 0.072848
16 0.221875 0.729139 0.031250 0.072848
10 0.115937 0.637748 0.030625 0.075497
19 0.199687 0.640397 0.030625 0.075497
55 0.263750 0.731126 0.031250 0.074172
43 0.158125 0.637748 0.030000 0.075497
9 0.420312 0.466225 0.033125 0.076821
56 0.146250 0.549007 0.031250 0.075497
42 0.230625 0.551656 0.031250 0.075497
45 0.059062 0.635762 0.063125 0.076821
23 0.241875 0.641060 0.030000 0.074172
12 0.536563 0.652318 0.031875 0.075497
32 0.096562 0.725828 0.030625 0.074172
57 0.179375 0.729801 0.030000 0.074172
35 0.348750 0.733775 0.031250 0.074172
24 0.284062 0.645033 0.030625 0.076821
15 0.305937 0.732450 0.031875 0.074172
39 0.569375 0.560265 0.031250 0.074172
31 0.453125 0.648344 0.031250 0.075497
1 0.078437 0.454305 0.031875 0.076821
26 0.578750 0.652318 0.031250 0.072848
37 0.495000 0.651656 0.031250 0.074172
52 0.051250 0.548344 0.052500 0.076821
21 0.187812 0.549669 0.030625 0.074172
49 0.051875 0.811258 0.042500 0.072848
59 0.316250 0.554305 0.031250 0.075497
14 0.468438 0.823841 0.041875 0.071523
50 0.625000 0.829139 0.043750 0.071523
51 0.273125 0.553642 0.031250 0.074172
6 0.292812 0.462252 0.031875 0.076821
54 0.527500 0.562252 0.031250 0.075497
13 0.154688 0.815232 0.041875 0.072848
47 0.310312 0.821192 0.255625 0.076821
34 0.515000 0.738411 0.031250 0.070199
25 0.327188 0.645033 0.030625 0.074172
3 0.163438 0.458278 0.031875 0.076821
7 0.335625 0.463576 0.032500 0.076821
46 0.593750 0.739735 0.105000 0.072848
33 0.390313 0.734437 0.031875 0.072848
40 0.474062 0.736424 0.030625 0.071523
53 0.358125 0.558940 0.031250 0.076821
