20 0.597601 0.435121 0.070687 0.044983
40 0.461089 0.596886 0.032425 0.043253
57 0.158885 0.586938 0.032425 0.047578
43 0.142023 0.530709 0.032425 0.049308
33 0.375162 0.595588 0.033074 0.047578
39 0.556420 0.489619 0.032425 0.043253
26 0.565824 0.546280 0.031777 0.045848
27 0.390402 0.482699 0.032425 0.043253
51 0.263294 0.479239 0.032425 0.046713
2 0.117056 0.419983 0.031777 0.044118
46 0.581712 0.601644 0.105058 0.047578
44 0.025292 0.583045 0.046693 0.044983
7 0.329767 0.426903 0.033074 0.045848
14 0.453307 0.653979 0.044099 0.048443
30 0.484112 0.524221 0.966926 0.396194
52 0.038586 0.471021 0.055123 0.045848
21 0.176719 0.476211 0.033074 0.045848
38 0.473087 0.485294 0.031777 0.043253
23 0.226978 0.533304 0.031128 0.045848
49 0.022049 0.637111 0.042802 0.045848
15 0.289235 0.589965 0.032425 0.046713
5 0.244812 0.426038 0.034371 0.049308
22 0.607977 0.519464 0.051232 0.104671
54 0.514916 0.488322 0.031128 0.044118
9 0.412451 0.429931 0.033722 0.046713
8 0.370947 0.428633 0.032425 0.045848
50 0.613165 0.660900 0.046044 0.048443
59 0.305772 0.480536 0.033074 0.044118
42 0.219844 0.477941 0.032425 0.044118
13 0.127756 0.641436 0.046693 0.049308
1 0.073606 0.416955 0.031777 0.044983
0 0.454604 0.432093 0.035019 0.045848
55 0.245460 0.589100 0.031777 0.044983
12 0.524643 0.543685 0.032425 0.045848
11 0.535668 0.434256 0.032425 0.046713
29 0.399157 0.539360 0.034371 0.045848
10 0.098573 0.528979 0.032425 0.049308
6 0.287613 0.426471 0.034371 0.046713
3 0.158885 0.421280 0.031128 0.050173
16 0.202659 0.587370 0.034371 0.046713
45 0.040532 0.527249 0.066796 0.047578
41 0.092737 0.472318 0.032425 0.046713
17 0.030480 0.415657 0.032425 0.042388
58 0.115435 0.586073 0.031128 0.047578
48 0.494812 0.435121 0.032425 0.046713
36 0.432555 0.485294 0.032425 0.043253
24 0.270428 0.535900 0.031128 0.047578
18 0.417964 0.596453 0.031777 0.045848
37 0.483463 0.542820 0.031777 0.045848
47 0.290856 0.650519 0.263943 0.053633
19 0.185149 0.532007 0.030480 0.050173
25 0.315499 0.538062 0.036965 0.048443
53 0.348573 0.482699 0.034371 0.044983
56 0.134890 0.474481 0.031128 0.045848
4 0.201686 0.423010 0.032425 0.050173
32 0.071984 0.583478 0.032425 0.045848
31 0.440337 0.539792 0.031128 0.044983
35 0.332361 0.593426 0.033074 0.046713
34 0.502594 0.597751 0.031128 0.043253
28 0.355058 0.538062 0.030480 0.046713
