56 0.217598 0.488950 0.023507 0.049724
49 0.151207 0.673343 0.033037 0.056630
52 0.156925 0.495166 0.038119 0.053867
53 0.351652 0.479972 0.023507 0.051105
2 0.204574 0.434392 0.024142 0.051105
14 0.424396 0.647790 0.030496 0.052486
34 0.452668 0.587017 0.023507 0.049724
16 0.264612 0.601519 0.023507 0.051105
6 0.311309 0.426796 0.024142 0.052486
38 0.430750 0.475138 0.024142 0.049724
25 0.332592 0.537983 0.023507 0.051105
18 0.399619 0.592541 0.024142 0.052486
31 0.412008 0.532459 0.023507 0.053867
33 0.372935 0.593923 0.022872 0.049724
1 0.178526 0.436464 0.022872 0.046961
40 0.425349 0.589779 0.024778 0.049724
22 0.509530 0.526243 0.057179 0.052486
58 0.210610 0.605663 0.022236 0.051105
5 0.284943 0.428867 0.024778 0.051105
45 0.160102 0.552486 0.045743 0.052486
15 0.319250 0.598066 0.023507 0.052486
27 0.378653 0.477901 0.022872 0.049724
4 0.257942 0.429558 0.024142 0.049724
20 0.510165 0.412983 0.050826 0.052486
46 0.481576 0.584945 0.030496 0.051105
32 0.183926 0.608425 0.023507 0.051105
37 0.438374 0.529696 0.022872 0.051105
12 0.465375 0.527624 0.023507 0.052486
36 0.404384 0.475829 0.022236 0.048343
19 0.251271 0.544890 0.023507 0.051105
9 0.390724 0.420580 0.024142 0.051105
24 0.305273 0.541436 0.023507 0.052486
29 0.385959 0.534530 0.023507 0.052486
3 0.231893 0.432320 0.024142 0.052486
48 0.443139 0.417818 0.023507 0.051105
23 0.278272 0.542818 0.024142 0.052486
17 0.150889 0.439227 0.024778 0.052486
55 0.292249 0.599448 0.024142 0.049724
30 0.438691 0.520028 0.628335 0.448895
47 0.322427 0.658149 0.167090 0.062155
39 0.483799 0.470304 0.024778 0.051105
21 0.244600 0.487569 0.022872 0.055249
54 0.456798 0.473066 0.024142 0.051105
7 0.338310 0.424724 0.023507 0.051105
42 0.271283 0.485497 0.024142 0.051105
11 0.470140 0.415746 0.022872 0.049724
0 0.416455 0.418508 0.023507 0.052486
8 0.364676 0.424033 0.022872 0.052486
28 0.358958 0.536602 0.022872 0.051105
41 0.190915 0.491713 0.023507 0.052486
59 0.325604 0.482044 0.023507 0.052486
43 0.224587 0.546961 0.023507 0.052486
13 0.221093 0.665055 0.031766 0.053867
57 0.237929 0.603591 0.023507 0.049724
51 0.298285 0.484116 0.023507 0.051105
44 0.152478 0.612569 0.031766 0.051105
35 0.346569 0.595994 0.023507 0.048343
10 0.198221 0.549033 0.022872 0.051105
