2 0.170415 0.302714 0.033029 0.096033
26 0.605762 0.483299 0.028110 0.093946
46 0.622277 0.589770 0.093465 0.089770
40 0.514055 0.608559 0.026001 0.093946
9 0.459592 0.272443 0.032326 0.106472
7 0.379129 0.284969 0.030218 0.102296
25 0.372453 0.513570 0.029515 0.100209
8 0.419888 0.279749 0.033029 0.108559
53 0.403022 0.397704 0.031623 0.098121
52 0.096978 0.432150 0.052003 0.104384
22 0.643359 0.424843 0.048489 0.210856
4 0.255446 0.293319 0.030218 0.102296
21 0.235418 0.412317 0.030921 0.098121
32 0.140900 0.665971 0.030218 0.100209
13 0.203443 0.784969 0.041462 0.121086
56 0.193956 0.418580 0.030921 0.098121
45 0.104006 0.552192 0.060436 0.106472
1 0.125791 0.307933 0.030921 0.110647
41 0.151089 0.424843 0.029515 0.098121
43 0.205903 0.535491 0.028110 0.106472
3 0.213985 0.296451 0.034434 0.100209
38 0.519677 0.381002 0.027407 0.093946
20 0.631061 0.255741 0.063247 0.089770
47 0.359452 0.767223 0.248067 0.148225
19 0.248419 0.530271 0.028812 0.104384
10 0.161279 0.540710 0.030218 0.100209
42 0.281096 0.408142 0.035137 0.102296
50 0.653549 0.699374 0.039353 0.091858
27 0.442375 0.390397 0.030218 0.091858
0 0.498595 0.270355 0.030218 0.098121
58 0.184469 0.656576 0.030218 0.098121
51 0.322207 0.401879 0.033029 0.106472
6 0.338721 0.287056 0.033732 0.098121
36 0.482080 0.387265 0.028110 0.093946
23 0.290583 0.528184 0.031623 0.108559
44 0.094167 0.680585 0.040759 0.096033
57 0.229093 0.650313 0.028110 0.098121
37 0.531623 0.493737 0.027407 0.093946
59 0.361560 0.395616 0.028812 0.098121
55 0.312720 0.639875 0.029515 0.102296
29 0.453268 0.503132 0.028110 0.096033
35 0.395994 0.631524 0.028812 0.098121
54 0.557976 0.374739 0.028110 0.098121
28 0.413212 0.508351 0.028110 0.093946
11 0.574139 0.259916 0.028110 0.093946
34 0.552003 0.602296 0.027407 0.089770
16 0.270907 0.646138 0.028812 0.098121
49 0.095573 0.814196 0.044975 0.125261
48 0.537597 0.269311 0.030921 0.096033
18 0.475755 0.617954 0.026704 0.096033
12 0.568869 0.488518 0.028812 0.091858
5 0.297259 0.294363 0.033732 0.100209
39 0.595221 0.372651 0.028110 0.093946
15 0.354181 0.634656 0.029515 0.100209
30 0.507027 0.478079 0.908644 0.855950
14 0.512298 0.723382 0.039353 0.098121
24 0.332045 0.517745 0.027407 0.100209
17 0.082572 0.307933 0.034434 0.093946
33 0.436051 0.624217 0.030218 0.096033
31 0.492621 0.497912 0.028110 0.093946
