34 0.403783 0.452638 0.024671 0.032374
37 0.389803 0.404077 0.023026 0.035971
47 0.233553 0.488609 0.203947 0.049161
18 0.336760 0.448441 0.023849 0.035971
43 0.126234 0.386691 0.023849 0.037170
17 0.049342 0.291966 0.023026 0.034772
13 0.108141 0.478417 0.033717 0.040767
6 0.241776 0.304556 0.023026 0.035971
54 0.417352 0.360312 0.022204 0.037170
5 0.209293 0.299760 0.023849 0.040767
31 0.356086 0.402278 0.023026 0.037170
33 0.302632 0.444844 0.024671 0.038369
22 0.490543 0.387890 0.038651 0.087530
58 0.103207 0.431055 0.023849 0.034772
3 0.144326 0.297962 0.023849 0.039568
57 0.136102 0.433453 0.025493 0.034772
15 0.236020 0.440048 0.024671 0.038369
29 0.323602 0.400480 0.023849 0.038369
55 0.202303 0.437650 0.026316 0.035971
41 0.091283 0.339329 0.024671 0.035971
1 0.080592 0.293765 0.023026 0.035971
25 0.257812 0.395683 0.023849 0.035971
12 0.423109 0.406475 0.023849 0.035971
50 0.489720 0.506595 0.037007 0.046763
49 0.025493 0.473621 0.034539 0.043165
8 0.306743 0.311151 0.021382 0.037170
59 0.254112 0.350120 0.023026 0.035971
36 0.351974 0.356115 0.023026 0.035971
19 0.158717 0.389089 0.024671 0.037170
40 0.370477 0.449041 0.023849 0.034772
21 0.155839 0.342926 0.022204 0.038369
26 0.456414 0.410072 0.024671 0.035971
16 0.169408 0.435252 0.024671 0.035971
24 0.224918 0.394484 0.023849 0.035971
11 0.436266 0.314748 0.025493 0.044365
14 0.361431 0.498201 0.037007 0.041966
4 0.177220 0.298561 0.023849 0.038369
45 0.049753 0.381894 0.048520 0.037170
51 0.221217 0.347122 0.023026 0.034772
20 0.484786 0.317146 0.056743 0.044365
39 0.450247 0.363309 0.023849 0.035971
30 0.396382 0.386091 0.787829 0.369305
48 0.403372 0.312950 0.023849 0.043165
9 0.339638 0.311151 0.021382 0.037170
32 0.069901 0.429257 0.024671 0.033573
38 0.384457 0.358513 0.022204 0.035971
46 0.467516 0.455635 0.083059 0.038369
23 0.191612 0.390288 0.024671 0.034772
28 0.290707 0.397482 0.023849 0.037170
42 0.187911 0.345324 0.023849 0.035971
10 0.092928 0.384892 0.024671 0.035971
2 0.112253 0.295564 0.023849 0.039568
56 0.123355 0.342326 0.023026 0.037170
0 0.371299 0.311151 0.023849 0.039568
44 0.032895 0.425659 0.034539 0.035971
27 0.318668 0.353717 0.023849 0.035971
52 0.051809 0.337530 0.039474 0.037170
35 0.269737 0.443645 0.024671 0.035971
53 0.286595 0.351918 0.023849 0.037170
7 0.274671 0.308753 0.023026 0.037170
