5 0.239687 0.382083 0.028125 0.040833
9 0.396250 0.370833 0.030000 0.041667
22 0.590938 0.434167 0.054375 0.096667
1 0.089688 0.392917 0.029375 0.040833
38 0.456875 0.417083 0.030000 0.040833
18 0.403125 0.523750 0.030000 0.040833
35 0.320312 0.528750 0.030625 0.040833
10 0.107188 0.491250 0.029375 0.040833
19 0.184375 0.486250 0.030000 0.040833
24 0.263750 0.480000 0.028750 0.040000
42 0.218750 0.432917 0.028750 0.040833
59 0.295938 0.427083 0.028125 0.039167
54 0.496563 0.415417 0.029375 0.042500
11 0.516875 0.362083 0.031250 0.042500
23 0.224375 0.483750 0.028750 0.040833
41 0.103438 0.440833 0.028125 0.040000
13 0.126250 0.592083 0.045000 0.042500
43 0.145937 0.487500 0.029375 0.040000
55 0.239375 0.532083 0.031250 0.039167
28 0.343750 0.475417 0.028750 0.040833
12 0.507812 0.466250 0.030625 0.042500
40 0.444688 0.521250 0.030625 0.039167
51 0.257188 0.429583 0.028125 0.040833
14 0.438750 0.575833 0.043750 0.043333
8 0.356563 0.375417 0.029375 0.042500
37 0.466562 0.469583 0.029375 0.042500
4 0.201563 0.384583 0.028125 0.040833
0 0.436250 0.369583 0.031250 0.042500
44 0.037187 0.544583 0.039375 0.039167
7 0.317188 0.377500 0.029375 0.041667
39 0.537500 0.412083 0.030000 0.042500
29 0.384062 0.473750 0.029375 0.040833
45 0.056250 0.492917 0.057500 0.040833
31 0.425000 0.472083 0.028750 0.042500
6 0.278750 0.380833 0.028750 0.041667
27 0.375937 0.422500 0.028125 0.040000
49 0.029687 0.597917 0.040625 0.039167
47 0.280625 0.585833 0.256250 0.050000
26 0.549063 0.463750 0.030625 0.042500
36 0.416875 0.420833 0.030000 0.041667
15 0.279375 0.532083 0.031250 0.040833
3 0.163750 0.387083 0.028750 0.040833
57 0.158438 0.537917 0.031875 0.039167
17 0.053125 0.396667 0.025000 0.038333
53 0.336875 0.425000 0.028750 0.040000
25 0.304063 0.477917 0.029375 0.040833
30 0.497188 0.456667 0.980625 0.388333
46 0.567187 0.515833 0.108125 0.043333
48 0.477812 0.366250 0.030625 0.042500
52 0.057500 0.445417 0.045000 0.039167
56 0.142187 0.437500 0.028125 0.040000
34 0.486875 0.519583 0.031250 0.040833
21 0.179688 0.435000 0.028125 0.040000
16 0.198750 0.535417 0.032500 0.039167
32 0.080937 0.542083 0.031875 0.039167
2 0.125625 0.390417 0.028750 0.040833
20 0.578438 0.357083 0.070625 0.042500
50 0.602812 0.567917 0.046875 0.044167
33 0.361875 0.526667 0.031250 0.041667
58 0.119063 0.539167 0.031875 0.040000
