15 0.376563 0.513750 0.034375 0.044167
14 0.569375 0.568750 0.041250 0.044167
46 0.633750 0.516667 0.095000 0.043333
54 0.578125 0.416667 0.031250 0.048333
32 0.180312 0.512917 0.039375 0.047500
47 0.379375 0.566667 0.235000 0.050000
51 0.345000 0.412083 0.036250 0.045833
12 0.585000 0.466250 0.032500 0.044167
11 0.600000 0.366250 0.033750 0.047500
20 0.660000 0.365417 0.070000 0.047500
27 0.462813 0.415000 0.034375 0.045000
29 0.471562 0.465417 0.031875 0.044167
55 0.338125 0.513333 0.036250 0.045000
3 0.241563 0.359167 0.040625 0.051667
5 0.324062 0.360417 0.039375 0.050833
43 0.237500 0.462083 0.037500 0.047500
10 0.197813 0.462500 0.039375 0.045000
37 0.546875 0.467083 0.032500 0.044167
39 0.616250 0.416667 0.033750 0.046667
6 0.364375 0.362500 0.037500 0.050000
49 0.135937 0.565000 0.051875 0.043333
21 0.265000 0.412083 0.040000 0.047500
7 0.403438 0.362500 0.035625 0.048333
38 0.539687 0.416250 0.033125 0.045833
36 0.501563 0.416667 0.033125 0.045000
22 0.665625 0.443750 0.046250 0.095833
52 0.130312 0.411667 0.066875 0.048333
56 0.224062 0.411667 0.039375 0.048333
19 0.316563 0.462917 0.034375 0.047500
1 0.157188 0.357917 0.038125 0.049167
17 0.115312 0.358750 0.039375 0.049167
50 0.660625 0.565417 0.041250 0.044167
16 0.298438 0.513333 0.035625 0.046667
0 0.522813 0.365000 0.034375 0.048333
4 0.283438 0.359583 0.039375 0.050833
18 0.490000 0.513333 0.031250 0.043333
40 0.528125 0.514583 0.031250 0.042500
8 0.443750 0.364583 0.035000 0.049167
45 0.139687 0.462500 0.071875 0.045000
44 0.135000 0.512917 0.052500 0.047500
59 0.384688 0.413750 0.035625 0.047500
26 0.622812 0.466250 0.035625 0.044167
48 0.561562 0.365417 0.033125 0.047500
33 0.452500 0.514167 0.032500 0.043333
31 0.509375 0.465417 0.032500 0.044167
34 0.563750 0.514167 0.032500 0.043333
25 0.394688 0.464583 0.033125 0.044167
23 0.277187 0.462083 0.035625 0.047500
41 0.184062 0.411250 0.041875 0.049167
2 0.198750 0.359167 0.038750 0.050000
24 0.355312 0.464167 0.033125 0.045000
35 0.414687 0.514583 0.034375 0.044167
28 0.433750 0.465417 0.032500 0.044167
9 0.484063 0.365417 0.034375 0.047500
42 0.305312 0.412083 0.038125 0.047500
13 0.237813 0.562917 0.050625 0.047500
30 0.533125 0.432083 0.892500 0.395833
58 0.220000 0.512917 0.038750 0.047500
53 0.423438 0.415000 0.035625 0.048333
57 0.260000 0.512917 0.037500 0.047500
