58 0.110304 0.559820 0.031120 0.035270
10 0.089557 0.518326 0.031120 0.035270
18 0.390733 0.559474 0.029046 0.034578
41 0.079184 0.476487 0.033887 0.037344
30 0.464039 0.482711 0.926694 0.330567
47 0.275242 0.603043 0.243430 0.038728
46 0.547718 0.559474 0.099585 0.035961
38 0.441909 0.475450 0.030429 0.035270
3 0.139696 0.434993 0.034578 0.037344
9 0.381051 0.433610 0.031812 0.035961
55 0.230636 0.559129 0.032503 0.035270
26 0.531812 0.517289 0.030429 0.035961
31 0.410443 0.516943 0.028354 0.035270
51 0.241010 0.475104 0.031120 0.035961
19 0.169779 0.517981 0.031120 0.035961
56 0.119986 0.476141 0.032503 0.036653
32 0.069156 0.560512 0.033195 0.036653
27 0.360996 0.475450 0.030429 0.035270
45 0.033887 0.519018 0.063624 0.036653
53 0.321231 0.476141 0.031120 0.035270
14 0.425311 0.602351 0.041494 0.035961
49 0.023859 0.604426 0.046335 0.038728
6 0.261757 0.434647 0.033887 0.036653
21 0.159751 0.476487 0.033195 0.037344
52 0.028700 0.476833 0.053250 0.036653
5 0.220954 0.434302 0.033887 0.035961
28 0.330567 0.517981 0.030429 0.034578
29 0.370678 0.517635 0.030429 0.035270
34 0.471646 0.559129 0.030429 0.033887
11 0.502075 0.432918 0.030429 0.034578
35 0.311203 0.560166 0.031812 0.034578
13 0.125519 0.603389 0.043568 0.038036
16 0.190526 0.560166 0.032503 0.035961
44 0.024550 0.560512 0.043568 0.038036
24 0.250000 0.517981 0.031120 0.035961
22 0.573306 0.496542 0.051176 0.080221
8 0.340941 0.434302 0.033195 0.035961
15 0.270747 0.559820 0.032503 0.035270
17 0.018672 0.434302 0.034578 0.037344
2 0.099239 0.434647 0.035270 0.038036
57 0.150069 0.559820 0.031812 0.035270
7 0.300830 0.433610 0.033195 0.035961
59 0.281120 0.475795 0.031120 0.035961
20 0.562932 0.433956 0.070539 0.035270
1 0.059129 0.434302 0.033887 0.037344
50 0.577455 0.602006 0.044260 0.038036
43 0.130014 0.518326 0.031812 0.035270
39 0.521438 0.475450 0.030429 0.036653
40 0.431189 0.559820 0.028354 0.033887
0 0.421853 0.433610 0.031812 0.035961
25 0.290802 0.517981 0.031120 0.034578
4 0.180844 0.434647 0.033887 0.036653
42 0.200553 0.476141 0.031812 0.036653
36 0.401452 0.475450 0.031120 0.035270
33 0.350622 0.560166 0.031812 0.034578
48 0.461618 0.433610 0.031120 0.035961
23 0.209889 0.517635 0.031120 0.035270
12 0.491355 0.517289 0.029737 0.035961
54 0.481674 0.475450 0.029737 0.035270
37 0.451591 0.517635 0.030429 0.035270
