34 0.466235 0.422414 0.034789 0.079937
51 0.222033 0.232759 0.030696 0.079937
12 0.487040 0.328370 0.034106 0.083072
14 0.420532 0.521944 0.044338 0.084639
47 0.259891 0.525078 0.261937 0.090909
22 0.569236 0.278997 0.055252 0.181818
32 0.037858 0.430251 0.030696 0.083072
2 0.068895 0.137931 0.032742 0.084639
7 0.286153 0.134796 0.032060 0.081505
40 0.425648 0.423981 0.032742 0.083072
35 0.297749 0.427900 0.032060 0.081505
6 0.243179 0.134013 0.032060 0.083072
50 0.576398 0.518025 0.046385 0.083072
56 0.092087 0.234326 0.032742 0.079937
42 0.179400 0.235110 0.032742 0.081505
52 0.013984 0.234326 0.026603 0.083072
28 0.318554 0.329154 0.030014 0.081505
18 0.383697 0.426332 0.033424 0.084639
57 0.124829 0.429467 0.031378 0.081505
24 0.232606 0.329937 0.030014 0.079937
33 0.340382 0.427116 0.034106 0.083072
11 0.497271 0.135580 0.032742 0.079937
0 0.416098 0.138715 0.032742 0.079937
37 0.445771 0.329154 0.033424 0.081505
58 0.081514 0.430251 0.032060 0.079937
49 0.011255 0.529781 0.021146 0.084639
15 0.254434 0.427116 0.031378 0.083072
23 0.189973 0.330721 0.029332 0.081505
9 0.372442 0.135580 0.031378 0.079937
27 0.351296 0.232759 0.031378 0.079937
46 0.543656 0.420846 0.106412 0.083072
38 0.435198 0.232759 0.031378 0.079937
55 0.211119 0.428683 0.032060 0.079937
10 0.060027 0.332288 0.031378 0.084639
21 0.135402 0.234326 0.030696 0.083072
5 0.199523 0.136364 0.032060 0.084639
4 0.156548 0.134796 0.032060 0.084639
13 0.097885 0.528997 0.042974 0.083072
26 0.527285 0.328370 0.032742 0.083072
17 0.008527 0.136364 0.015689 0.081505
48 0.456344 0.134013 0.032742 0.079937
19 0.146658 0.332288 0.030014 0.084639
25 0.276262 0.329937 0.030014 0.079937
20 0.560368 0.132445 0.074352 0.079937
43 0.103342 0.333856 0.030696 0.084639
39 0.517053 0.229624 0.032742 0.079937
36 0.393588 0.232759 0.031378 0.079937
29 0.361528 0.332288 0.031378 0.084639
54 0.476467 0.231975 0.032060 0.078370
8 0.329468 0.137147 0.032742 0.083072
3 0.112210 0.134796 0.032060 0.084639
53 0.308322 0.234326 0.031378 0.079937
30 0.465553 0.314263 0.929741 0.625392
44 0.011596 0.430251 0.021828 0.079937
59 0.265007 0.232759 0.030696 0.079937
16 0.167804 0.429467 0.031378 0.081505
1 0.025921 0.136364 0.032742 0.087774
45 0.017394 0.333856 0.033424 0.084639
31 0.403479 0.329154 0.032060 0.084639
41 0.048772 0.233542 0.030696 0.078370
