42 0.517045 0.746212 0.038636 0.043939
19 0.486364 0.795455 0.038636 0.048485
3 0.458523 0.700758 0.037500 0.043939
34 0.799432 0.840909 0.042045 0.048485
37 0.773295 0.788636 0.039773 0.046970
28 0.649432 0.790909 0.037500 0.048485
16 0.505114 0.846970 0.039773 0.051515
38 0.756250 0.740909 0.037500 0.045455
50 0.784091 0.896212 0.047727 0.053030
14 0.739205 0.896970 0.042045 0.054545
43 0.445455 0.796970 0.038636 0.048485
27 0.675568 0.741667 0.037500 0.043939
4 0.498295 0.700000 0.035227 0.042424
5 0.537500 0.700000 0.036364 0.042424
21 0.476705 0.746212 0.037500 0.046970
8 0.652273 0.696970 0.036364 0.042424
33 0.673864 0.842424 0.040909 0.051515
2 0.419886 0.702273 0.037500 0.043939
45 0.350000 0.798485 0.063636 0.048485
48 0.769886 0.696212 0.039773 0.040909
6 0.575000 0.698485 0.034091 0.042424
56 0.436932 0.747727 0.037500 0.046970
22 0.886364 0.764394 0.063636 0.095455
55 0.547159 0.845455 0.039773 0.048485
46 0.874432 0.839394 0.105682 0.051515
32 0.377841 0.849242 0.042045 0.050000
58 0.419886 0.848485 0.039773 0.051515
54 0.796023 0.740152 0.039773 0.046970
9 0.691477 0.696970 0.037500 0.042424
49 0.325568 0.906818 0.048864 0.053030
51 0.556250 0.744697 0.037500 0.043939
52 0.348864 0.750000 0.052273 0.045455
29 0.690909 0.790152 0.038636 0.046970
39 0.835795 0.739394 0.039773 0.045455
36 0.715909 0.742424 0.038636 0.045455
44 0.332386 0.850758 0.046591 0.050000
30 0.625000 0.795455 0.650000 0.300000
11 0.809091 0.694697 0.036364 0.040909
10 0.403409 0.796970 0.038636 0.048485
1 0.380114 0.703030 0.037500 0.042424
17 0.344886 0.703788 0.030682 0.040909
20 0.862500 0.694697 0.068182 0.040909
59 0.596023 0.743939 0.037500 0.045455
31 0.731818 0.788636 0.038636 0.046970
24 0.567614 0.793939 0.037500 0.048485
7 0.613636 0.697727 0.036364 0.040909
53 0.635795 0.743939 0.037500 0.045455
12 0.813636 0.787879 0.040909 0.048485
23 0.526705 0.794697 0.037500 0.046970
47 0.599432 0.900000 0.232955 0.057576
15 0.588636 0.844697 0.040909 0.050000
13 0.459659 0.904545 0.042045 0.054545
18 0.715909 0.842424 0.040909 0.051515
40 0.757955 0.841667 0.040909 0.050000
0 0.730114 0.696970 0.037500 0.042424
41 0.396591 0.748485 0.040909 0.045455
26 0.855114 0.787121 0.042045 0.046970
25 0.609091 0.791667 0.038636 0.046970
57 0.461932 0.848485 0.039773 0.051515
35 0.631250 0.843939 0.042045 0.051515
