53 0.596562 0.386963 0.021875 0.038835
47 0.570625 0.520804 0.137500 0.051318
25 0.578438 0.427878 0.021875 0.040222
38 0.670000 0.385576 0.023750 0.036061
52 0.426875 0.389043 0.030000 0.037448
44 0.417812 0.472261 0.025625 0.040222
1 0.445312 0.349515 0.021875 0.036061
57 0.491563 0.471567 0.023125 0.041609
30 0.589063 0.427184 0.389375 0.263523
10 0.457813 0.429265 0.021875 0.040222
24 0.553750 0.428571 0.022500 0.038835
26 0.730625 0.427184 0.025000 0.041609
7 0.584688 0.348128 0.021875 0.036061
8 0.608437 0.348128 0.021875 0.036061
22 0.751563 0.407767 0.035625 0.077670
59 0.572187 0.386269 0.021875 0.037448
58 0.467187 0.471567 0.023125 0.041609
0 0.655937 0.347434 0.021875 0.034674
13 0.489687 0.515950 0.024375 0.041609
46 0.740313 0.470874 0.065625 0.042996
48 0.680312 0.346741 0.021875 0.036061
41 0.453750 0.388350 0.022500 0.036061
17 0.424063 0.351595 0.018125 0.034674
11 0.705937 0.346047 0.023125 0.034674
50 0.682187 0.519417 0.028125 0.045770
49 0.414062 0.515950 0.028125 0.041609
15 0.565625 0.471567 0.023750 0.041609
3 0.490625 0.349515 0.022500 0.036061
51 0.548125 0.386963 0.021250 0.036061
35 0.590625 0.471567 0.023750 0.041609
55 0.540937 0.472954 0.023125 0.041609
5 0.537188 0.350208 0.021875 0.034674
2 0.468125 0.350902 0.020000 0.033287
33 0.615625 0.471567 0.023750 0.041609
34 0.693125 0.470874 0.025000 0.040222
54 0.695625 0.385576 0.023750 0.038835
37 0.678438 0.427184 0.023125 0.038835
27 0.620938 0.386269 0.021875 0.037448
21 0.500313 0.387656 0.021875 0.037448
23 0.529687 0.427878 0.021875 0.037448
45 0.427187 0.429958 0.036875 0.038835
36 0.644687 0.385576 0.021875 0.036061
29 0.628125 0.427878 0.023750 0.040222
42 0.524687 0.386963 0.021875 0.036061
56 0.476875 0.387656 0.021250 0.034674
28 0.603125 0.427878 0.022500 0.040222
31 0.653125 0.427184 0.023750 0.038835
18 0.641250 0.470874 0.023750 0.042996
39 0.720938 0.385576 0.024375 0.038835
20 0.741875 0.346741 0.045000 0.036061
4 0.514375 0.350208 0.021250 0.034674
19 0.505313 0.428571 0.021875 0.038835
12 0.704063 0.427878 0.024375 0.040222
14 0.653125 0.516644 0.025000 0.045770
16 0.516250 0.472261 0.022500 0.042996
40 0.667500 0.470180 0.025000 0.041609
43 0.481875 0.428571 0.022500 0.038835
32 0.443437 0.470874 0.023125 0.040222
6 0.560312 0.348821 0.021875 0.034674
9 0.631875 0.346741 0.022500 0.036061
