29 0.577022 0.553548 0.047332 0.034839
5 0.391566 0.484839 0.044750 0.031613
59 0.465146 0.518710 0.045611 0.033548
44 0.141997 0.593226 0.056799 0.035484
21 0.317986 0.519355 0.047332 0.033548
1 0.197504 0.485161 0.047332 0.032258
57 0.300775 0.591935 0.049053 0.035484
13 0.296902 0.630968 0.049914 0.037419
17 0.152324 0.484839 0.037866 0.031613
51 0.416093 0.518710 0.045611 0.033548
4 0.344234 0.484839 0.044750 0.031613
41 0.218158 0.519677 0.049053 0.034194
48 0.678141 0.484194 0.046472 0.031613
22 0.815404 0.535806 0.067986 0.069032
0 0.629948 0.484516 0.046472 0.030968
31 0.625645 0.553226 0.046472 0.034194
42 0.367470 0.519355 0.046472 0.033548
52 0.159208 0.519677 0.065404 0.034194
11 0.725904 0.483871 0.045611 0.030968
28 0.527969 0.553871 0.045611 0.034194
18 0.602840 0.589677 0.047332 0.034839
2 0.246558 0.484516 0.047332 0.032258
25 0.478485 0.554194 0.046472 0.034839
26 0.774957 0.552903 0.049053 0.033548
39 0.755594 0.517742 0.046472 0.032903
35 0.503012 0.590645 0.049053 0.035484
56 0.268503 0.519355 0.046472 0.033548
53 0.512909 0.519032 0.044750 0.032903
32 0.196644 0.592581 0.050775 0.036774
23 0.379518 0.554194 0.046472 0.033548
12 0.725904 0.553548 0.049053 0.034839
10 0.228055 0.555484 0.048193 0.034839
20 0.793890 0.483548 0.083477 0.031613
8 0.534854 0.485161 0.043890 0.032258
14 0.627367 0.628710 0.049914 0.036774
55 0.402754 0.591290 0.048193 0.035484
43 0.279260 0.555161 0.049053 0.034194
16 0.351979 0.591613 0.048193 0.036129
33 0.552926 0.590323 0.049053 0.036129
40 0.653184 0.590000 0.048193 0.034194
27 0.561532 0.518065 0.045611 0.032258
15 0.453098 0.590968 0.049053 0.034839
3 0.295181 0.484516 0.046472 0.032258
24 0.428571 0.554516 0.046472 0.034194
47 0.460843 0.629032 0.274527 0.037419
30 0.488812 0.553226 0.779690 0.218710
37 0.675559 0.553548 0.048193 0.034839
6 0.440189 0.485161 0.043890 0.032258
7 0.487952 0.484839 0.044750 0.031613
49 0.135972 0.632258 0.058520 0.037419
54 0.707401 0.518387 0.046472 0.032903
36 0.610155 0.518387 0.046472 0.032903
45 0.160929 0.555484 0.079174 0.034839
19 0.329604 0.554839 0.048193 0.034839
50 0.681153 0.628710 0.055938 0.036774
34 0.703528 0.590323 0.049053 0.034839
9 0.582616 0.484516 0.044750 0.032258
38 0.658348 0.518065 0.044750 0.032258
58 0.249139 0.592258 0.049053 0.036129
46 0.793460 0.590000 0.123924 0.035484
