53 0.454088 0.622616 0.018868 0.035422
21 0.370126 0.621253 0.019497 0.035422
6 0.423899 0.585831 0.018868 0.032698
17 0.302201 0.583106 0.015723 0.032698
3 0.362264 0.585150 0.020126 0.034060
43 0.352830 0.660763 0.020126 0.038147
48 0.526730 0.587193 0.018239 0.032698
37 0.522642 0.661444 0.018868 0.036785
57 0.361006 0.700954 0.020126 0.039510
20 0.575472 0.586512 0.033962 0.034060
7 0.444654 0.585831 0.018868 0.035422
46 0.571069 0.702316 0.052830 0.039510
38 0.516667 0.623297 0.018239 0.034060
41 0.328931 0.621253 0.020126 0.035422
14 0.499371 0.744550 0.020126 0.039510
13 0.359119 0.743869 0.021384 0.040872
8 0.465094 0.585831 0.019497 0.032698
22 0.582390 0.642371 0.026415 0.077657
24 0.416981 0.660763 0.020126 0.038147
31 0.501258 0.661444 0.020126 0.036785
10 0.331761 0.660082 0.019497 0.036785
26 0.565094 0.665531 0.019497 0.036785
2 0.341195 0.584469 0.019497 0.032698
40 0.511635 0.702997 0.019497 0.038147
4 0.383019 0.585831 0.018868 0.032698
11 0.547484 0.585831 0.018239 0.032698
34 0.533648 0.702997 0.020755 0.038147
55 0.404403 0.701635 0.020126 0.038147
59 0.433648 0.621253 0.018239 0.035422
51 0.412579 0.621253 0.018868 0.035422
50 0.522013 0.744550 0.022642 0.039510
25 0.438050 0.661444 0.019497 0.036785
27 0.475157 0.621935 0.018239 0.034060
23 0.395283 0.660082 0.019497 0.036785
9 0.485220 0.586512 0.018239 0.034060
35 0.447484 0.701635 0.020755 0.038147
28 0.459119 0.661444 0.018868 0.036785
36 0.495912 0.623297 0.019497 0.034060
49 0.292453 0.743188 0.022642 0.039510
45 0.303774 0.660082 0.033962 0.036785
29 0.479874 0.661444 0.020126 0.036785
30 0.439937 0.655313 0.325157 0.247956
5 0.403145 0.585831 0.018868 0.032698
18 0.490566 0.701635 0.018868 0.038147
16 0.383019 0.701635 0.020126 0.038147
0 0.505346 0.586512 0.018239 0.031335
32 0.317610 0.699591 0.021384 0.039510
47 0.429560 0.745232 0.118239 0.040872
42 0.391824 0.621253 0.018868 0.035422
44 0.295283 0.700272 0.023270 0.038147
33 0.468553 0.701635 0.020126 0.038147
15 0.426101 0.701635 0.020755 0.038147
12 0.543711 0.661444 0.019497 0.036785
58 0.339623 0.700272 0.020126 0.038147
52 0.304088 0.621253 0.027044 0.035422
19 0.374528 0.660763 0.019497 0.038147
54 0.537421 0.622616 0.019497 0.035422
1 0.321069 0.583787 0.019497 0.034060
56 0.349686 0.621253 0.020126 0.035422
39 0.558176 0.623297 0.018239 0.036785
