31 0.619629 0.634115 0.030273 0.033854
55 0.485840 0.676432 0.028320 0.035156
2 0.386230 0.575521 0.028320 0.031250
40 0.639160 0.671224 0.030273 0.035156
24 0.499512 0.639323 0.028320 0.033854
58 0.391602 0.680990 0.029297 0.036458
43 0.408203 0.643229 0.029297 0.033854
27 0.578125 0.601562 0.027344 0.031250
51 0.490234 0.604818 0.027344 0.032552
17 0.328613 0.576823 0.022461 0.031250
13 0.422363 0.718750 0.030273 0.039062
35 0.547852 0.673828 0.031250 0.035156
8 0.561035 0.569661 0.026367 0.029948
22 0.731445 0.614583 0.046875 0.067708
4 0.444824 0.574219 0.026367 0.031250
30 0.537598 0.638672 0.477539 0.225260
12 0.679688 0.632812 0.031250 0.033854
1 0.355957 0.576172 0.028320 0.032552
25 0.530273 0.638021 0.029297 0.033854
21 0.430664 0.606771 0.029297 0.033854
54 0.666016 0.598958 0.029297 0.031250
5 0.474609 0.573568 0.027344 0.029948
59 0.519531 0.603516 0.027344 0.032552
9 0.588379 0.568359 0.028320 0.029948
38 0.636230 0.600260 0.028320 0.031250
45 0.336426 0.645182 0.047852 0.035156
15 0.517090 0.675781 0.030273 0.036458
28 0.560059 0.636719 0.028320 0.033854
19 0.438477 0.641927 0.029297 0.033854
46 0.723145 0.667318 0.077148 0.035156
34 0.669922 0.669922 0.031250 0.035156
33 0.578613 0.673177 0.030273 0.036458
29 0.589844 0.635417 0.029297 0.033854
52 0.334473 0.610677 0.040039 0.033854
26 0.708984 0.631510 0.029297 0.033854
44 0.325195 0.684245 0.033203 0.035156
6 0.503906 0.571615 0.025391 0.031250
18 0.608887 0.671875 0.030273 0.036458
37 0.650391 0.634115 0.029297 0.033854
47 0.526855 0.717448 0.170898 0.044271
10 0.376953 0.643880 0.029297 0.035156
7 0.531738 0.569661 0.028320 0.029948
23 0.469238 0.640625 0.028320 0.033854
57 0.422852 0.679688 0.029297 0.036458
32 0.358887 0.682292 0.030273 0.036458
0 0.616699 0.567708 0.028320 0.028646
11 0.674316 0.565755 0.028320 0.029948
42 0.460938 0.606120 0.027344 0.032552
56 0.400879 0.608073 0.028320 0.033854
49 0.322754 0.722656 0.036133 0.039062
36 0.607422 0.600911 0.029297 0.032552
48 0.646484 0.567708 0.027344 0.028646
41 0.370117 0.608724 0.029297 0.032552
3 0.415527 0.574219 0.028320 0.031250
39 0.694336 0.597656 0.029297 0.031250
53 0.549316 0.602865 0.028320 0.031250
20 0.713379 0.564453 0.049805 0.029948
16 0.454590 0.678385 0.030273 0.036458
