31 0.603002 0.617403 0.032091 0.035912
55 0.461180 0.662293 0.030021 0.037293
2 0.355590 0.555249 0.030021 0.033149
40 0.623706 0.656768 0.032091 0.037293
24 0.475673 0.622928 0.030021 0.035912
58 0.361284 0.667127 0.031056 0.038674
43 0.378882 0.627072 0.031056 0.035912
27 0.559006 0.582873 0.028986 0.033149
51 0.465839 0.586326 0.028986 0.034530
17 0.294513 0.556630 0.023810 0.033149
13 0.393892 0.707182 0.032091 0.041436
35 0.526915 0.659530 0.033126 0.037293
8 0.540890 0.549033 0.027950 0.031768
22 0.721532 0.596685 0.049689 0.071823
4 0.417702 0.553867 0.027950 0.033149
30 0.516046 0.622238 0.506211 0.238950
12 0.666667 0.616022 0.033126 0.035912
1 0.323499 0.555939 0.030021 0.034530
25 0.508282 0.621547 0.031056 0.035912
21 0.402692 0.588398 0.031056 0.035912
54 0.652174 0.580110 0.031056 0.033149
5 0.449275 0.553177 0.028986 0.031768
59 0.496894 0.584945 0.028986 0.034530
9 0.569876 0.547652 0.030021 0.031768
38 0.620600 0.581492 0.030021 0.033149
45 0.302795 0.629144 0.050725 0.037293
15 0.494306 0.661602 0.032091 0.038674
28 0.539855 0.620166 0.030021 0.035912
19 0.410973 0.625691 0.031056 0.035912
46 0.712733 0.652624 0.081781 0.037293
34 0.656315 0.655387 0.033126 0.037293
33 0.559524 0.658840 0.032091 0.038674
29 0.571429 0.618785 0.031056 0.035912
52 0.300725 0.592541 0.042443 0.035912
26 0.697723 0.614641 0.031056 0.035912
44 0.290890 0.670580 0.035197 0.037293
6 0.480331 0.551105 0.026915 0.033149
18 0.591615 0.657459 0.032091 0.038674
37 0.635611 0.617403 0.031056 0.035912
47 0.504658 0.705801 0.181159 0.046961
10 0.345756 0.627762 0.031056 0.037293
7 0.509834 0.549033 0.030021 0.031768
23 0.443582 0.624309 0.030021 0.035912
57 0.394410 0.665746 0.031056 0.038674
32 0.326605 0.668508 0.032091 0.038674
0 0.599896 0.546961 0.030021 0.030387
11 0.660973 0.544890 0.030021 0.031768
42 0.434783 0.587707 0.028986 0.034530
56 0.371118 0.589779 0.030021 0.035912
49 0.288302 0.711326 0.038302 0.041436
36 0.590062 0.582182 0.031056 0.034530
48 0.631470 0.546961 0.028986 0.030387
41 0.338509 0.590470 0.031056 0.034530
3 0.386646 0.553867 0.030021 0.033149
39 0.682195 0.578729 0.031056 0.033149
53 0.528468 0.584254 0.030021 0.033149
20 0.702381 0.543508 0.052795 0.031768
16 0.428054 0.664365 0.032091 0.038674
