29 0.573750 0.561250 0.045833 0.033750
5 0.394167 0.494688 0.043333 0.030625
59 0.465417 0.527500 0.044167 0.032500
44 0.152500 0.599688 0.055000 0.034375
21 0.322917 0.528125 0.045833 0.032500
1 0.206250 0.495000 0.045833 0.031250
57 0.306250 0.598437 0.047500 0.034375
13 0.302500 0.636250 0.048333 0.036250
17 0.162500 0.494688 0.036667 0.030625
51 0.417917 0.527500 0.044167 0.032500
4 0.348333 0.494688 0.043333 0.030625
41 0.226250 0.528438 0.047500 0.033125
48 0.671667 0.494063 0.045000 0.030625
22 0.804583 0.544063 0.065833 0.066875
0 0.625000 0.494375 0.045000 0.030000
31 0.620833 0.560937 0.045000 0.033125
42 0.370833 0.528125 0.045000 0.032500
52 0.169167 0.528438 0.063333 0.033125
11 0.717917 0.493750 0.044167 0.030000
28 0.526250 0.561562 0.044167 0.033125
18 0.598750 0.596250 0.045833 0.033750
2 0.253750 0.494375 0.045833 0.031250
25 0.478333 0.561875 0.045000 0.033750
26 0.765417 0.560625 0.047500 0.032500
39 0.746667 0.526563 0.045000 0.031875
35 0.502083 0.597187 0.047500 0.034375
56 0.275000 0.528125 0.045000 0.032500
53 0.511667 0.527813 0.043333 0.031875
32 0.205417 0.599063 0.049167 0.035625
23 0.382500 0.561875 0.045000 0.032500
12 0.717917 0.561250 0.047500 0.033750
10 0.235833 0.563125 0.046667 0.033750
20 0.783750 0.493437 0.080833 0.030625
8 0.532917 0.495000 0.042500 0.031250
14 0.622500 0.634062 0.048333 0.035625
55 0.405000 0.597812 0.046667 0.034375
43 0.285417 0.562813 0.047500 0.033125
16 0.355833 0.598125 0.046667 0.035000
33 0.550417 0.596875 0.047500 0.035000
40 0.647500 0.596562 0.046667 0.033125
27 0.558750 0.526875 0.044167 0.031250
15 0.453750 0.597500 0.047500 0.033750
3 0.300833 0.494375 0.045000 0.031250
24 0.430000 0.562187 0.045000 0.033125
47 0.461250 0.634375 0.265833 0.036250
30 0.488333 0.560937 0.755000 0.211875
37 0.669167 0.561250 0.046667 0.033750
6 0.441250 0.495000 0.042500 0.031250
7 0.487500 0.494688 0.043333 0.030625
49 0.146667 0.637500 0.056667 0.036250
54 0.700000 0.527188 0.045000 0.031875
36 0.605833 0.527188 0.045000 0.031875
45 0.170833 0.563125 0.076667 0.033750
19 0.334167 0.562500 0.046667 0.033750
50 0.674583 0.634062 0.054167 0.035625
34 0.696250 0.596875 0.047500 0.033750
9 0.579167 0.494375 0.043333 0.031250
38 0.652500 0.526875 0.043333 0.031250
58 0.256250 0.598750 0.047500 0.035000
46 0.783333 0.596562 0.120000 0.034375
