12 0.700417 0.514687 0.044167 0.025625
13 0.312083 0.577812 0.045833 0.029375
56 0.287917 0.493437 0.042500 0.024375
5 0.399167 0.467813 0.040000 0.021875
7 0.485000 0.466875 0.040000 0.022500
34 0.683750 0.542500 0.044167 0.026250
49 0.165000 0.579688 0.055000 0.029375
29 0.566667 0.516563 0.043333 0.025625
40 0.638333 0.543125 0.045000 0.026250
9 0.568750 0.465938 0.040833 0.023125
57 0.315833 0.548125 0.045000 0.027500
33 0.546667 0.544063 0.043333 0.026875
18 0.592917 0.543750 0.044167 0.026250
17 0.187083 0.470000 0.034167 0.022500
23 0.387083 0.518437 0.042500 0.025625
3 0.312500 0.468125 0.041667 0.022500
28 0.522083 0.517188 0.040833 0.025625
0 0.610417 0.465625 0.040833 0.022500
59 0.464583 0.491563 0.042500 0.024375
11 0.696250 0.464375 0.040833 0.022500
43 0.296667 0.520312 0.043333 0.025625
32 0.222500 0.549375 0.046667 0.027500
54 0.681667 0.489063 0.041667 0.024375
58 0.269167 0.548438 0.045000 0.026875
26 0.743333 0.514062 0.045000 0.025625
1 0.226250 0.469375 0.042500 0.023750
42 0.376667 0.492812 0.041667 0.024375
24 0.432500 0.518437 0.041667 0.025625
2 0.269583 0.468438 0.040833 0.023125
4 0.356250 0.468125 0.040833 0.022500
8 0.527083 0.466875 0.039167 0.022500
22 0.777500 0.500938 0.066667 0.050625
38 0.637917 0.489375 0.042500 0.023750
20 0.752083 0.463750 0.070833 0.022500
52 0.191667 0.495000 0.058333 0.025000
10 0.250833 0.520625 0.043333 0.026250
35 0.501250 0.545312 0.044167 0.026875
45 0.191667 0.520938 0.071667 0.025625
19 0.341667 0.519375 0.043333 0.026250
44 0.172500 0.550000 0.051667 0.026250
6 0.441667 0.467500 0.040000 0.022500
53 0.507917 0.491563 0.040833 0.024375
36 0.595000 0.490312 0.041667 0.024375
41 0.243333 0.493750 0.043333 0.025000
14 0.616667 0.573125 0.046667 0.028750
46 0.762500 0.541250 0.111667 0.026250
37 0.656250 0.515312 0.044167 0.025625
27 0.551250 0.490625 0.040833 0.023750
51 0.420000 0.491875 0.040000 0.025000
39 0.723750 0.488438 0.042500 0.024375
21 0.332500 0.493125 0.041667 0.025000
15 0.455417 0.545937 0.044167 0.026875
55 0.409167 0.546562 0.043333 0.026875
48 0.652917 0.464687 0.040833 0.021875
16 0.362083 0.547500 0.044167 0.027500
25 0.477917 0.517813 0.042500 0.025625
31 0.611250 0.515312 0.042500 0.025625
47 0.464583 0.575625 0.257500 0.030000
50 0.665833 0.572187 0.051667 0.029375
30 0.488750 0.517188 0.705833 0.170625
