42 0.312000 0.364000 0.040000 0.056000
45 0.129000 0.422667 0.066000 0.050667
33 0.482000 0.482667 0.044000 0.053333
52 0.122000 0.362667 0.056000 0.053333
26 0.725000 0.362667 0.050000 0.053333
44 0.140000 0.482667 0.088000 0.053333
12 0.640000 0.424000 0.040000 0.053333
56 0.221000 0.364000 0.042000 0.056000
13 0.255000 0.545333 0.042000 0.056000
32 0.592000 0.544000 0.044000 0.058667
58 0.211000 0.482667 0.042000 0.053333
6 0.380000 0.305333 0.040000 0.056000
28 0.460000 0.424000 0.040000 0.053333
49 0.119000 0.548000 0.042000 0.056000
55 0.347000 0.482667 0.042000 0.053333
37 0.595000 0.424000 0.042000 0.053333
31 0.550000 0.424000 0.040000 0.053333
35 0.437000 0.482667 0.042000 0.053333
25 0.415000 0.424000 0.042000 0.053333
59 0.403000 0.364000 0.042000 0.056000
34 0.617000 0.482667 0.042000 0.053333
41 0.176000 0.362667 0.044000 0.053333
38 0.584000 0.364000 0.040000 0.056000
27 0.494000 0.362667 0.040000 0.053333
11 0.652000 0.304000 0.040000 0.053333
7 0.426000 0.305333 0.040000 0.056000
1 0.153000 0.304000 0.042000 0.053333
0 0.561000 0.304000 0.042000 0.053333
4 0.290000 0.304000 0.040000 0.053333
18 0.527000 0.482667 0.042000 0.053333
10 0.187000 0.422667 0.042000 0.056000
2 0.199000 0.304000 0.042000 0.053333
40 0.572000 0.482667 0.040000 0.053333
43 0.233000 0.424000 0.042000 0.053333
16 0.301000 0.482667 0.042000 0.053333
20 0.713000 0.304000 0.070000 0.053333
36 0.539000 0.364000 0.042000 0.056000
8 0.471000 0.305333 0.042000 0.056000
39 0.674000 0.362667 0.040000 0.053333
57 0.255000 0.482667 0.042000 0.053333
47 0.402000 0.545333 0.244000 0.061333
54 0.629000 0.364000 0.042000 0.056000
23 0.324000 0.424000 0.040000 0.053333
21 0.267000 0.362667 0.042000 0.053333
19 0.278000 0.422667 0.040000 0.056000
15 0.391000 0.482667 0.042000 0.053333
29 0.505000 0.424000 0.042000 0.053333
48 0.607000 0.304000 0.042000 0.053333
17 0.111000 0.304000 0.034000 0.053333
14 0.547000 0.544000 0.042000 0.058667
22 0.708000 0.422667 0.084000 0.056000
46 0.695000 0.482667 0.106000 0.053333
51 0.358000 0.364000 0.040000 0.056000
3 0.243000 0.304000 0.042000 0.053333
24 0.369000 0.424000 0.042000 0.053333
9 0.515000 0.304000 0.042000 0.053333
5 0.335000 0.305333 0.042000 0.056000
53 0.449000 0.364000 0.042000 0.056000
30 0.506000 0.408000 0.848000 0.368000
