42 0.283613 0.377809 0.042017 0.058989
45 0.091387 0.439607 0.069328 0.053371
33 0.462185 0.502809 0.046218 0.056180
52 0.084034 0.376404 0.058824 0.056180
26 0.717437 0.376404 0.052521 0.056180
44 0.102941 0.502809 0.092437 0.056180
12 0.628151 0.441011 0.042017 0.056180
56 0.188025 0.377809 0.044118 0.058989
13 0.223739 0.568820 0.044118 0.058989
32 0.577731 0.567416 0.046218 0.061798
58 0.177521 0.502809 0.044118 0.056180
6 0.355042 0.316011 0.042017 0.058989
28 0.439076 0.441011 0.042017 0.056180
49 0.080882 0.571629 0.044118 0.058989
55 0.320378 0.502809 0.044118 0.056180
37 0.580882 0.441011 0.044118 0.056180
31 0.533613 0.441011 0.042017 0.056180
35 0.414916 0.502809 0.044118 0.056180
25 0.391807 0.441011 0.044118 0.056180
59 0.379202 0.377809 0.044118 0.058989
34 0.603992 0.502809 0.044118 0.056180
41 0.140756 0.376404 0.046218 0.056180
38 0.569328 0.377809 0.042017 0.058989
27 0.474790 0.376404 0.042017 0.056180
11 0.640756 0.314607 0.042017 0.056180
7 0.403361 0.316011 0.042017 0.058989
1 0.116597 0.314607 0.044118 0.056180
0 0.545168 0.314607 0.044118 0.056180
4 0.260504 0.314607 0.042017 0.056180
18 0.509454 0.502809 0.044118 0.056180
10 0.152311 0.439607 0.044118 0.058989
2 0.164916 0.314607 0.044118 0.056180
40 0.556723 0.502809 0.042017 0.056180
43 0.200630 0.441011 0.044118 0.056180
16 0.272059 0.502809 0.044118 0.056180
20 0.704832 0.314607 0.073529 0.056180
36 0.522059 0.377809 0.044118 0.058989
8 0.450630 0.316011 0.044118 0.058989
39 0.663866 0.376404 0.042017 0.056180
57 0.223739 0.502809 0.044118 0.056180
47 0.378151 0.568820 0.256303 0.064607
54 0.616597 0.377809 0.044118 0.058989
23 0.296218 0.441011 0.042017 0.056180
21 0.236345 0.376404 0.044118 0.056180
19 0.247899 0.439607 0.042017 0.058989
15 0.366597 0.502809 0.044118 0.056180
29 0.486345 0.441011 0.044118 0.056180
48 0.593487 0.314607 0.044118 0.056180
17 0.072479 0.314607 0.035714 0.056180
14 0.530462 0.567416 0.044118 0.061798
22 0.699580 0.439607 0.088235 0.058989
46 0.685924 0.502809 0.111345 0.056180
51 0.331933 0.377809 0.042017 0.058989
3 0.211134 0.314607 0.044118 0.056180
24 0.343487 0.441011 0.044118 0.056180
9 0.496849 0.314607 0.044118 0.056180
5 0.307773 0.316011 0.044118 0.058989
53 0.427521 0.377809 0.044118 0.058989
30 0.487395 0.424157 0.890756 0.387640
