1 0.222667 0.338968 0.034667 0.042705
30 0.527333 0.434164 0.761333 0.306050
39 0.664000 0.389235 0.034667 0.043594
16 0.341667 0.487989 0.036667 0.045374
36 0.548667 0.389680 0.034667 0.044484
53 0.472000 0.389680 0.034667 0.044484
47 0.429000 0.540036 0.196667 0.049822
8 0.491667 0.342527 0.034000 0.042705
48 0.605333 0.342082 0.033333 0.041815
14 0.554333 0.540036 0.047333 0.049822
49 0.178333 0.540925 0.036667 0.049822
38 0.587333 0.389680 0.034667 0.044484
34 0.617000 0.488434 0.035333 0.044484
41 0.238667 0.387900 0.037333 0.044484
51 0.394333 0.388345 0.034000 0.043594
19 0.323667 0.437278 0.035333 0.045374
13 0.303667 0.540925 0.048667 0.049822
11 0.643667 0.341192 0.034000 0.041815
28 0.480667 0.437722 0.033333 0.044484
9 0.529667 0.341637 0.034000 0.042705
3 0.299667 0.339858 0.035333 0.042705
57 0.301333 0.487989 0.036000 0.045374
42 0.355333 0.388345 0.034667 0.043594
55 0.381667 0.487989 0.036667 0.045374
26 0.675000 0.438612 0.035333 0.044484
27 0.510333 0.389235 0.034000 0.043594
21 0.316333 0.387456 0.035333 0.043594
24 0.403000 0.438167 0.035333 0.043594
50 0.599000 0.540925 0.036667 0.049822
59 0.433333 0.389235 0.034667 0.043594
17 0.188333 0.338968 0.026000 0.040925
10 0.244667 0.436833 0.036000 0.044484
5 0.377000 0.340302 0.034000 0.041815
22 0.710667 0.412811 0.050667 0.094306
35 0.461000 0.488434 0.035333 0.044484
12 0.636333 0.438612 0.035333 0.044484
15 0.421333 0.487989 0.036000 0.045374
52 0.194000 0.387456 0.046667 0.043594
18 0.538667 0.488434 0.034667 0.044484
32 0.221667 0.487100 0.036667 0.045374
40 0.578000 0.488434 0.034667 0.044484
2 0.261333 0.339413 0.034667 0.041815
7 0.453667 0.341637 0.034000 0.042705
4 0.338333 0.339858 0.034000 0.042705
29 0.519000 0.438167 0.035333 0.045374
56 0.277667 0.387456 0.035333 0.043594
23 0.363333 0.437722 0.034667 0.044484
6 0.415000 0.341637 0.034000 0.042705
44 0.180667 0.487544 0.036000 0.044484
37 0.597000 0.438612 0.035333 0.044484
54 0.625667 0.389680 0.035333 0.044484
33 0.499667 0.487989 0.035333 0.045374
20 0.697667 0.340747 0.063333 0.044484
45 0.196000 0.436833 0.054667 0.044484
46 0.686667 0.487544 0.096000 0.046263
43 0.284333 0.436833 0.035333 0.044484
31 0.558000 0.438612 0.034667 0.044484
25 0.442333 0.438612 0.034000 0.044484
0 0.567667 0.342082 0.034000 0.041815
58 0.262000 0.487989 0.036000 0.045374
