59 0.398125 0.383750 0.038750 0.044167
46 0.676250 0.482083 0.102500 0.047500
14 0.535625 0.538750 0.041250 0.050833
34 0.601875 0.483750 0.040000 0.045833
38 0.567500 0.382917 0.037500 0.044167
1 0.175000 0.341250 0.036250 0.042500
28 0.450000 0.432917 0.037500 0.045833
6 0.378750 0.337083 0.036250 0.042500
19 0.278750 0.435417 0.038750 0.045833
18 0.514375 0.484167 0.038750 0.046667
12 0.622188 0.432083 0.039375 0.045833
42 0.313437 0.385417 0.038125 0.044167
9 0.503437 0.335833 0.038125 0.043333
32 0.580000 0.539583 0.042500 0.050833
51 0.355625 0.384167 0.037500 0.045000
17 0.138437 0.342500 0.029375 0.040000
15 0.383750 0.484583 0.040000 0.047500
30 0.500000 0.425417 0.831250 0.312500
40 0.558438 0.484583 0.039375 0.045833
8 0.461875 0.335833 0.037500 0.043333
20 0.684375 0.334167 0.065000 0.043333
10 0.195000 0.436667 0.038750 0.045000
54 0.609688 0.382500 0.038125 0.045000
5 0.337500 0.337917 0.037500 0.042500
55 0.339687 0.485417 0.039375 0.047500
31 0.535937 0.432917 0.038125 0.045833
3 0.255312 0.339167 0.038125 0.043333
52 0.142813 0.388333 0.050625 0.043333
26 0.697812 0.382917 0.046875 0.044167
35 0.427812 0.484583 0.040625 0.047500
27 0.482500 0.382917 0.037500 0.044167
29 0.492812 0.432917 0.039375 0.045833
2 0.215000 0.340417 0.037500 0.040833
58 0.211562 0.486667 0.039375 0.045000
33 0.470938 0.484583 0.040625 0.047500
21 0.272188 0.386250 0.038125 0.044167
44 0.147187 0.486250 0.083125 0.047500
24 0.363750 0.434583 0.038750 0.045833
56 0.230937 0.386250 0.038125 0.044167
39 0.651563 0.382083 0.038125 0.044167
11 0.628437 0.335000 0.036875 0.043333
7 0.420625 0.336250 0.036250 0.042500
43 0.236875 0.436250 0.038750 0.045833
16 0.296875 0.485833 0.040000 0.046667
36 0.525000 0.383333 0.038750 0.045000
23 0.320937 0.434167 0.038125 0.045000
0 0.545312 0.335417 0.038125 0.042500
49 0.120000 0.541667 0.043750 0.050000
22 0.685312 0.431667 0.079375 0.046667
41 0.190000 0.387917 0.038750 0.044167
53 0.440312 0.384167 0.038125 0.045000
37 0.579375 0.432917 0.038750 0.045833
57 0.254063 0.486250 0.039375 0.045833
13 0.249688 0.541250 0.040625 0.050833
25 0.406875 0.432917 0.038750 0.045833
48 0.586875 0.335000 0.037500 0.041667
45 0.141875 0.437083 0.061250 0.044167
4 0.296563 0.337917 0.036875 0.042500
47 0.391562 0.539583 0.238125 0.050833
