29 0.490625 0.421667 0.040000 0.051667
33 0.468750 0.477500 0.041250 0.051667
21 0.264062 0.367917 0.039375 0.049167
52 0.129688 0.368750 0.053125 0.049167
19 0.273125 0.422917 0.040000 0.050833
58 0.206563 0.478333 0.039375 0.051667
13 0.247812 0.537500 0.039375 0.053333
49 0.116875 0.536667 0.043750 0.055000
42 0.307188 0.367500 0.039375 0.050000
3 0.245000 0.314167 0.038750 0.048333
4 0.289062 0.317500 0.038125 0.048333
37 0.578438 0.421667 0.039375 0.050000
39 0.652813 0.365833 0.039375 0.050000
44 0.140625 0.477500 0.085000 0.051667
15 0.381250 0.477917 0.041250 0.050833
59 0.393437 0.367083 0.040625 0.049167
23 0.316250 0.422083 0.038750 0.049167
32 0.577500 0.536667 0.042500 0.055000
2 0.202813 0.314583 0.039375 0.047500
46 0.675625 0.475417 0.102500 0.050833
41 0.179375 0.368750 0.040000 0.049167
0 0.546250 0.315417 0.040000 0.047500
34 0.600625 0.477083 0.041250 0.049167
45 0.131875 0.422500 0.062500 0.050000
53 0.436875 0.367500 0.040000 0.050000
18 0.512500 0.477083 0.040000 0.050833
57 0.250000 0.477917 0.040000 0.050833
31 0.533750 0.421667 0.038750 0.050000
5 0.330937 0.316667 0.039375 0.048333
20 0.687187 0.312083 0.066875 0.049167
48 0.587187 0.312917 0.038125 0.047500
24 0.359375 0.422917 0.040000 0.050833
11 0.630000 0.312500 0.038750 0.048333
47 0.390000 0.535833 0.237500 0.055000
8 0.457813 0.313750 0.039375 0.049167
56 0.221562 0.367917 0.039375 0.049167
12 0.621875 0.421667 0.040000 0.050000
43 0.230000 0.423333 0.038750 0.050000
28 0.446875 0.421250 0.038750 0.050833
10 0.187188 0.423333 0.039375 0.050000
35 0.425000 0.478333 0.041250 0.051667
6 0.374688 0.317083 0.039375 0.049167
16 0.293125 0.478333 0.040000 0.051667
9 0.501250 0.313333 0.040000 0.048333
14 0.533438 0.536250 0.040625 0.054167
38 0.566562 0.366667 0.039375 0.050000
7 0.415625 0.313333 0.038750 0.048333
30 0.497500 0.410833 0.827500 0.335000
25 0.403750 0.422083 0.040000 0.050833
17 0.122500 0.315833 0.030000 0.046667
26 0.700313 0.366250 0.048125 0.049167
40 0.556875 0.477500 0.040000 0.050000
54 0.609688 0.366667 0.039375 0.050000
27 0.479687 0.366250 0.039375 0.049167
1 0.160938 0.315417 0.038125 0.047500
51 0.350000 0.367083 0.038750 0.049167
22 0.685625 0.420417 0.080000 0.050833
36 0.523125 0.366667 0.040000 0.050000
55 0.337187 0.477917 0.040625 0.050833
