52 0.120000 0.391667 0.053750 0.048333
10 0.180312 0.446667 0.040625 0.050000
54 0.610625 0.392500 0.038750 0.048333
49 0.105000 0.560000 0.046250 0.053333
9 0.500938 0.340000 0.039375 0.046667
33 0.468750 0.502083 0.041250 0.050833
40 0.557500 0.502083 0.040000 0.049167
18 0.512813 0.501667 0.039375 0.050000
55 0.334688 0.502083 0.040625 0.050833
31 0.534687 0.446667 0.039375 0.050000
45 0.122813 0.446250 0.065625 0.049167
34 0.601562 0.502083 0.040625 0.049167
27 0.479687 0.392083 0.038125 0.047500
14 0.534062 0.559167 0.041875 0.053333
47 0.387500 0.559583 0.243750 0.055833
4 0.284687 0.339583 0.038125 0.047500
0 0.544063 0.340000 0.039375 0.046667
20 0.688750 0.338750 0.068750 0.047500
24 0.357812 0.447083 0.040625 0.049167
21 0.260313 0.392500 0.039375 0.048333
29 0.490625 0.446667 0.040000 0.050000
42 0.304063 0.392500 0.039375 0.048333
58 0.200313 0.502500 0.040625 0.050000
15 0.379375 0.502500 0.041250 0.050000
46 0.678438 0.500417 0.105625 0.050833
22 0.688125 0.446250 0.081250 0.049167
30 0.497188 0.433750 0.851875 0.340833
36 0.523125 0.392500 0.040000 0.048333
28 0.446250 0.446250 0.038750 0.049167
23 0.313437 0.446250 0.039375 0.049167
35 0.423750 0.502500 0.041250 0.050000
17 0.113125 0.337917 0.031250 0.047500
53 0.436250 0.392917 0.040000 0.049167
37 0.579063 0.447083 0.039375 0.049167
32 0.578750 0.560000 0.042500 0.053333
56 0.216250 0.392083 0.040000 0.049167
1 0.153438 0.338750 0.039375 0.047500
2 0.197187 0.339167 0.039375 0.046667
59 0.392188 0.392500 0.039375 0.048333
13 0.242812 0.560000 0.040625 0.053333
51 0.348125 0.392083 0.038750 0.049167
6 0.370937 0.340000 0.038125 0.046667
44 0.131250 0.501250 0.088750 0.050833
57 0.245000 0.502500 0.040000 0.050000
38 0.567187 0.392500 0.039375 0.048333
7 0.414687 0.340000 0.038125 0.046667
19 0.269375 0.446667 0.040000 0.050000
39 0.654375 0.392500 0.038750 0.048333
26 0.702500 0.392917 0.048750 0.047500
48 0.587500 0.339583 0.038750 0.045833
43 0.224375 0.447083 0.040000 0.049167
3 0.240625 0.339583 0.040000 0.047500
11 0.630625 0.339583 0.037500 0.045833
5 0.327500 0.340417 0.038750 0.045833
12 0.623125 0.447083 0.040000 0.049167
41 0.172187 0.392083 0.041875 0.049167
25 0.402187 0.446667 0.039375 0.050000
16 0.289375 0.502917 0.041250 0.050833
8 0.457188 0.340417 0.039375 0.047500
