52 0.025850 0.431947 0.050283 0.054820
10 0.088881 0.494329 0.046034 0.056711
54 0.576487 0.432892 0.043909 0.054820
49 0.015227 0.622873 0.029037 0.060491
9 0.452195 0.373346 0.044618 0.052930
33 0.415722 0.557183 0.046742 0.057656
40 0.516289 0.557183 0.045326 0.055766
18 0.465652 0.556711 0.044618 0.056711
55 0.263810 0.557183 0.046034 0.057656
31 0.490439 0.494329 0.044618 0.056711
45 0.030807 0.493856 0.060198 0.055766
34 0.566218 0.557183 0.046034 0.055766
27 0.428116 0.432420 0.043201 0.053875
14 0.489731 0.621928 0.047450 0.060491
47 0.323654 0.622401 0.276204 0.063327
4 0.207153 0.372873 0.043201 0.053875
0 0.501062 0.373346 0.044618 0.052930
20 0.665014 0.371928 0.077904 0.053875
24 0.290014 0.494802 0.046034 0.055766
21 0.179533 0.432892 0.044618 0.054820
29 0.440510 0.494329 0.045326 0.056711
42 0.229108 0.432892 0.044618 0.054820
58 0.111544 0.557656 0.046034 0.056711
15 0.314448 0.557656 0.046742 0.056711
46 0.653329 0.555293 0.119688 0.057656
22 0.664306 0.493856 0.092068 0.055766
30 0.465652 0.479679 0.929887 0.386578
36 0.477337 0.432892 0.045326 0.054820
28 0.390227 0.493856 0.043909 0.055766
23 0.239731 0.493856 0.044618 0.055766
35 0.364731 0.557656 0.046742 0.056711
17 0.015581 0.370983 0.029745 0.053875
53 0.378895 0.433365 0.045326 0.055766
37 0.540722 0.494802 0.044618 0.055766
32 0.540368 0.622873 0.048159 0.060491
56 0.129603 0.432420 0.045326 0.055766
1 0.058428 0.371928 0.044618 0.053875
2 0.108003 0.372401 0.044618 0.052930
59 0.328966 0.432892 0.044618 0.054820
13 0.159703 0.622873 0.046034 0.060491
51 0.279037 0.432420 0.043909 0.055766
6 0.304887 0.373346 0.043201 0.052930
44 0.042139 0.556238 0.082861 0.057656
57 0.162181 0.557656 0.045326 0.056711
38 0.527266 0.432892 0.044618 0.054820
7 0.354462 0.373346 0.043201 0.052930
19 0.189802 0.494329 0.045326 0.056711
39 0.626062 0.432892 0.043909 0.054820
26 0.680595 0.433365 0.055241 0.053875
48 0.550283 0.372873 0.043909 0.051985
43 0.138810 0.494802 0.045326 0.055766
3 0.157224 0.372873 0.045326 0.053875
11 0.599150 0.372873 0.042493 0.051985
5 0.255666 0.373819 0.043909 0.051985
12 0.590652 0.494802 0.045326 0.055766
41 0.079674 0.432420 0.047450 0.055766
25 0.340297 0.494329 0.044618 0.056711
16 0.212465 0.558129 0.046742 0.057656
8 0.402620 0.373819 0.044618 0.053875
