56 0.247238 0.097250 0.049171 0.088409
40 0.683978 0.285363 0.049724 0.085462
39 0.810773 0.089391 0.050276 0.086444
48 0.727072 0.017191 0.049724 0.032417
37 0.712431 0.188114 0.051381 0.087426
53 0.528729 0.091847 0.050829 0.089391
10 0.205801 0.195972 0.049171 0.087426
16 0.345028 0.291257 0.051381 0.089391
42 0.358840 0.094794 0.050276 0.087426
0 0.670994 0.017682 0.051381 0.033399
46 0.846409 0.284872 0.149171 0.090373
22 0.860497 0.185658 0.120994 0.088409
15 0.458011 0.288802 0.051934 0.088409
27 0.585083 0.089391 0.049724 0.086444
59 0.472099 0.091847 0.051381 0.089391
17 0.109669 0.023084 0.048066 0.044204
43 0.261050 0.194008 0.050276 0.085462
12 0.769337 0.187132 0.050276 0.087426
31 0.655801 0.187623 0.049724 0.088409
28 0.542818 0.188114 0.049171 0.087426
38 0.698343 0.089391 0.050829 0.088409
57 0.288674 0.291257 0.049171 0.087426
9 0.614641 0.018173 0.050276 0.034381
21 0.302762 0.095776 0.050829 0.087426
51 0.415746 0.092829 0.049171 0.087426
24 0.429282 0.191552 0.050829 0.088409
2 0.219890 0.022593 0.049724 0.043222
26 0.882597 0.089391 0.077901 0.086444
32 0.741160 0.388507 0.052486 0.093320
4 0.331492 0.020138 0.049724 0.038310
34 0.739779 0.284872 0.050829 0.086444
3 0.275414 0.021120 0.049171 0.040275
29 0.598895 0.188605 0.050829 0.088409
19 0.316851 0.193517 0.050276 0.088409
44 0.143646 0.293713 0.116022 0.088409
18 0.627072 0.285363 0.050829 0.087426
55 0.401381 0.288802 0.051381 0.088409
8 0.557459 0.018173 0.049724 0.034381
5 0.388122 0.019646 0.050276 0.037328
25 0.486188 0.190079 0.049724 0.087426
30 0.506077 0.239194 0.878453 0.476424
1 0.164917 0.023576 0.049171 0.045187
47 0.456906 0.388016 0.276243 0.094303
41 0.192265 0.099214 0.050829 0.088409
14 0.627624 0.386542 0.050829 0.091356
11 0.782873 0.016699 0.048619 0.031434
23 0.372652 0.191061 0.049171 0.085462
49 0.117127 0.393910 0.064088 0.092338
58 0.233425 0.292731 0.050276 0.086444
54 0.754972 0.089391 0.050276 0.088409
13 0.288674 0.391454 0.049171 0.091356
20 0.867127 0.016699 0.105525 0.031434
33 0.570718 0.286837 0.051934 0.088409
36 0.641713 0.089882 0.051381 0.089391
6 0.444199 0.019155 0.049724 0.036346
45 0.129834 0.196955 0.088398 0.085462
52 0.122652 0.100196 0.075138 0.086444
7 0.501105 0.018173 0.049724 0.034381
35 0.514088 0.287819 0.051381 0.088409
