30 0.468000 0.401690 0.896000 0.451068
17 0.073000 0.269573 0.055333 0.067616
34 0.731000 0.485320 0.055333 0.064947
42 0.325333 0.339413 0.054667 0.064947
18 0.610333 0.485320 0.055333 0.066726
47 0.429667 0.567616 0.300667 0.078292
33 0.551000 0.487544 0.056667 0.067616
48 0.724000 0.266904 0.053333 0.064057
44 0.095667 0.486655 0.115333 0.067616
35 0.490667 0.487989 0.056000 0.068505
43 0.218333 0.413256 0.055333 0.064947
7 0.488333 0.266904 0.054000 0.064057
36 0.624000 0.339413 0.054667 0.064947
20 0.850000 0.266904 0.069333 0.064057
1 0.131333 0.267794 0.053333 0.064057
9 0.606000 0.267794 0.054667 0.064057
52 0.077667 0.339858 0.071333 0.065836
28 0.519667 0.412811 0.054000 0.065836
4 0.309333 0.266904 0.053333 0.064057
57 0.247000 0.487544 0.055333 0.067616
8 0.546667 0.267794 0.054667 0.064057
54 0.743333 0.338523 0.053333 0.064947
53 0.505333 0.339858 0.054667 0.065836
27 0.564333 0.338523 0.054000 0.063167
12 0.760000 0.412367 0.054667 0.064947
40 0.671333 0.485765 0.056000 0.065836
29 0.580000 0.411922 0.054667 0.065836
38 0.683667 0.338968 0.054000 0.064057
46 0.830000 0.485765 0.130667 0.067616
56 0.205667 0.339413 0.054000 0.064947
39 0.802333 0.338523 0.054000 0.064947
31 0.639667 0.411922 0.052667 0.065836
51 0.385000 0.338968 0.052667 0.064057
59 0.445000 0.339413 0.055333 0.064947
37 0.700000 0.413256 0.054667 0.064947
23 0.338667 0.412367 0.053333 0.064947
3 0.250000 0.267794 0.054667 0.064057
25 0.459000 0.412811 0.055333 0.065836
41 0.146000 0.339858 0.056000 0.065836
26 0.862000 0.338968 0.054667 0.064057
2 0.190667 0.267349 0.054667 0.063167
55 0.369000 0.487544 0.056667 0.067616
5 0.368667 0.267794 0.054667 0.064057
32 0.674667 0.568060 0.057333 0.079181
21 0.265667 0.339413 0.055333 0.064947
16 0.307667 0.488434 0.056667 0.067616
10 0.158000 0.412811 0.056000 0.065836
49 0.063333 0.568060 0.056000 0.077402
15 0.429667 0.487100 0.056667 0.066726
45 0.082333 0.412811 0.084667 0.065836
0 0.665000 0.266904 0.054000 0.064057
13 0.246000 0.568505 0.056000 0.076512
14 0.613333 0.567171 0.056000 0.075623
22 0.842667 0.411032 0.100000 0.067616
24 0.399000 0.414146 0.055333 0.066726
58 0.186333 0.487544 0.055333 0.067616
19 0.278000 0.412811 0.054667 0.065836
11 0.782333 0.267349 0.054000 0.063167
6 0.428333 0.266904 0.054000 0.064057
