36 0.590822 0.337757 0.045571 0.055651
54 0.688062 0.337757 0.043646 0.053938
40 0.629332 0.461473 0.045571 0.054795
25 0.455712 0.398116 0.044929 0.054795
2 0.227214 0.276969 0.043646 0.052226
1 0.179397 0.276541 0.043004 0.053082
56 0.248716 0.336045 0.044288 0.055651
3 0.275032 0.276541 0.044288 0.053082
43 0.258023 0.397688 0.044929 0.055651
27 0.541720 0.336901 0.044929 0.053938
31 0.603659 0.398545 0.044288 0.055651
17 0.135751 0.277397 0.034018 0.051370
57 0.280488 0.459332 0.044929 0.055651
6 0.420090 0.277397 0.044288 0.053082
38 0.639923 0.337757 0.043646 0.053938
19 0.307125 0.398116 0.045571 0.056507
22 0.774390 0.399401 0.090501 0.055651
58 0.231065 0.459760 0.044929 0.056507
5 0.371309 0.277825 0.044288 0.052226
29 0.554236 0.398545 0.045571 0.055651
42 0.346277 0.336473 0.044288 0.054795
0 0.613607 0.278253 0.044929 0.053082
48 0.662067 0.277825 0.043004 0.052226
15 0.430359 0.460188 0.046855 0.055651
53 0.492940 0.337329 0.044929 0.054795
10 0.209243 0.396832 0.044929 0.055651
46 0.763800 0.461473 0.116816 0.056507
21 0.297176 0.336473 0.044929 0.054795
20 0.774711 0.278682 0.075738 0.053938
13 0.291078 0.525257 0.072529 0.060788
44 0.155648 0.458476 0.096919 0.057363
47 0.465340 0.526113 0.272144 0.062500
12 0.702182 0.399401 0.044929 0.055651
28 0.505456 0.398116 0.044288 0.056507
55 0.380295 0.460188 0.045571 0.055651
34 0.678755 0.461473 0.045571 0.054795
30 0.491335 0.390411 0.799101 0.373288
59 0.444159 0.336473 0.044929 0.054795
51 0.395058 0.336045 0.043004 0.053938
33 0.529846 0.460616 0.046855 0.056507
24 0.405969 0.398545 0.045571 0.055651
41 0.200257 0.336473 0.046213 0.054795
14 0.641207 0.526541 0.073171 0.061644
23 0.356547 0.397260 0.044288 0.054795
52 0.143774 0.335616 0.059050 0.054795
37 0.653402 0.399829 0.044929 0.054795
11 0.709884 0.278253 0.043646 0.053082
9 0.565469 0.277825 0.043646 0.052226
35 0.480424 0.460616 0.046855 0.056507
18 0.579589 0.461045 0.044929 0.055651
16 0.330552 0.460616 0.046213 0.056507
45 0.146021 0.396404 0.071245 0.054795
8 0.517009 0.277397 0.044288 0.053082
26 0.790116 0.339469 0.053915 0.053938
7 0.469191 0.277397 0.043646 0.053082
49 0.127728 0.523973 0.050064 0.059932
4 0.323813 0.276969 0.043004 0.052226
39 0.736521 0.338613 0.044288 0.053938
