58 0.239240 0.486573 0.045194 0.075448
0 0.630560 0.241049 0.044476 0.072890
23 0.361191 0.403453 0.043759 0.072890
11 0.728838 0.243606 0.044476 0.075448
53 0.497489 0.322890 0.045194 0.075448
55 0.385940 0.486573 0.044476 0.075448
19 0.312410 0.404731 0.045194 0.075448
41 0.203730 0.321611 0.045911 0.075448
31 0.606528 0.406010 0.043759 0.075448
22 0.773314 0.407289 0.081779 0.075448
44 0.164993 0.484655 0.093257 0.076726
10 0.214849 0.403453 0.045194 0.075448
21 0.301291 0.321611 0.045911 0.075448
52 0.147776 0.321611 0.058824 0.075448
47 0.434003 0.574808 0.241033 0.085678
36 0.595768 0.322890 0.045194 0.075448
27 0.546270 0.322251 0.045194 0.074169
51 0.399211 0.321611 0.043759 0.075448
28 0.509326 0.404092 0.043042 0.074169
14 0.582496 0.576087 0.044476 0.083120
18 0.581779 0.487852 0.044476 0.075448
57 0.287661 0.486573 0.044476 0.075448
15 0.434720 0.487212 0.045911 0.074169
17 0.140961 0.239770 0.043759 0.072890
30 0.466643 0.392583 0.722382 0.511509
49 0.140603 0.574808 0.045911 0.085678
20 0.784433 0.243606 0.058106 0.072890
25 0.459828 0.404092 0.044476 0.074169
42 0.350430 0.322251 0.045194 0.074169
1 0.190818 0.239770 0.044476 0.075448
6 0.435079 0.240409 0.045194 0.074169
26 0.791607 0.326087 0.045194 0.074169
13 0.287303 0.575448 0.043759 0.084399
8 0.532999 0.241688 0.045911 0.074169
29 0.557389 0.405371 0.044476 0.074169
38 0.644189 0.324169 0.044476 0.075448
3 0.288379 0.239770 0.045911 0.075448
4 0.337518 0.240409 0.043759 0.074169
48 0.679340 0.242327 0.044476 0.072890
33 0.532640 0.487852 0.046628 0.075448
37 0.655667 0.406650 0.044476 0.074169
59 0.448709 0.322251 0.045194 0.074169
16 0.337159 0.487852 0.045911 0.075448
5 0.385940 0.240409 0.044476 0.074169
9 0.582138 0.241688 0.045194 0.074169
7 0.484577 0.240409 0.043759 0.074169
56 0.252511 0.320972 0.044476 0.076726
45 0.152798 0.402813 0.068867 0.076726
39 0.741750 0.324808 0.044476 0.074169
2 0.239240 0.239130 0.045194 0.074169
40 0.630560 0.487852 0.044476 0.072890
43 0.263989 0.404092 0.044476 0.074169
32 0.631277 0.578645 0.045911 0.085678
12 0.704806 0.407289 0.045194 0.075448
24 0.410689 0.405371 0.045194 0.074169
54 0.692970 0.324808 0.044476 0.076726
34 0.679340 0.489130 0.045911 0.072890
46 0.760402 0.489130 0.106169 0.075448
35 0.484218 0.486573 0.045911 0.075448
