11 0.629062 0.320833 0.035625 0.045000
59 0.405625 0.372083 0.036250 0.045833
44 0.161562 0.474167 0.081875 0.048333
40 0.559063 0.475833 0.036875 0.045000
42 0.323437 0.372083 0.036875 0.045833
26 0.696250 0.371250 0.045000 0.045833
39 0.650937 0.370833 0.036875 0.045000
25 0.414687 0.423750 0.036875 0.045833
10 0.207813 0.422917 0.036875 0.045833
36 0.527813 0.372083 0.036875 0.045833
3 0.264375 0.320833 0.036250 0.045000
13 0.263750 0.530833 0.038750 0.050000
32 0.578750 0.531250 0.040000 0.050833
28 0.455937 0.423333 0.035625 0.046667
53 0.446562 0.372083 0.036875 0.045833
51 0.364375 0.371667 0.036250 0.046667
14 0.536875 0.530417 0.038750 0.050833
12 0.621250 0.422917 0.037500 0.045833
6 0.385937 0.322083 0.036875 0.044167
37 0.580000 0.423750 0.036250 0.045833
54 0.610000 0.371250 0.036250 0.045833
47 0.400000 0.530833 0.228750 0.053333
52 0.152812 0.370833 0.050625 0.046667
0 0.548125 0.321250 0.036250 0.044167
48 0.588750 0.321250 0.035000 0.044167
45 0.154062 0.422083 0.060625 0.045833
24 0.372812 0.423750 0.036875 0.045833
5 0.345313 0.322083 0.036875 0.044167
57 0.266875 0.475417 0.037500 0.045833
27 0.487500 0.371667 0.036250 0.045000
18 0.517188 0.475833 0.036875 0.046667
9 0.507812 0.321667 0.035625 0.045000
7 0.426563 0.321667 0.035625 0.045000
46 0.672813 0.474167 0.098125 0.046667
33 0.475938 0.475417 0.038125 0.047500
4 0.305312 0.321250 0.035625 0.044167
17 0.146563 0.320417 0.028125 0.042500
55 0.350625 0.475833 0.037500 0.046667
29 0.496875 0.423333 0.037500 0.046667
2 0.224062 0.321250 0.036875 0.044167
31 0.538125 0.423750 0.036250 0.047500
34 0.600313 0.475417 0.038125 0.045833
58 0.225000 0.475417 0.037500 0.047500
15 0.392500 0.475833 0.038750 0.046667
1 0.183750 0.320833 0.036250 0.045000
19 0.290000 0.423333 0.037500 0.046667
49 0.136563 0.530000 0.043125 0.050000
22 0.682187 0.422083 0.076875 0.047500
30 0.501875 0.414583 0.796250 0.315833
21 0.282187 0.371250 0.036875 0.045833
23 0.331250 0.422917 0.036250 0.045833
16 0.308750 0.475833 0.038750 0.046667
38 0.569375 0.371667 0.036250 0.046667
43 0.248750 0.423333 0.037500 0.046667
8 0.467187 0.322083 0.036875 0.045833
56 0.241563 0.371250 0.036875 0.045833
20 0.684375 0.320417 0.063750 0.045833
41 0.200937 0.371667 0.038125 0.046667
35 0.434375 0.476250 0.038750 0.047500
