12 0.724785 0.427365 0.048657 0.058784
8 0.526863 0.301689 0.046123 0.056081
34 0.699442 0.491892 0.048657 0.056757
47 0.471617 0.561486 0.285352 0.066216
42 0.345160 0.364527 0.046629 0.057432
21 0.293715 0.364189 0.047136 0.058108
9 0.578814 0.301351 0.046629 0.055405
17 0.120628 0.302027 0.036493 0.055405
48 0.681956 0.300676 0.047136 0.055405
44 0.142676 0.492230 0.103903 0.060135
56 0.241764 0.363851 0.047643 0.057432
1 0.167511 0.301689 0.045109 0.056081
59 0.449316 0.364189 0.047136 0.058108
5 0.372529 0.301351 0.045616 0.055405
58 0.223517 0.493243 0.048657 0.058108
30 0.499493 0.413851 0.860112 0.407432
46 0.791688 0.491216 0.126711 0.059459
3 0.269894 0.301689 0.046123 0.056081
52 0.129498 0.363514 0.063355 0.056757
28 0.514445 0.427703 0.046629 0.059459
6 0.424227 0.301689 0.046629 0.056081
49 0.112266 0.561486 0.054232 0.064865
41 0.190319 0.364865 0.049164 0.058108
0 0.630258 0.300676 0.047136 0.055405
16 0.329194 0.493919 0.049164 0.060811
24 0.409529 0.428716 0.047643 0.058784
54 0.709833 0.362838 0.047136 0.058108
38 0.657628 0.363176 0.047136 0.057432
25 0.461987 0.428041 0.047136 0.058784
29 0.566650 0.427703 0.047643 0.059459
40 0.646477 0.491892 0.048150 0.056757
4 0.321591 0.301351 0.045109 0.055405
36 0.605170 0.363176 0.047643 0.058784
14 0.658642 0.560811 0.076533 0.064865
11 0.733401 0.299662 0.046629 0.056081
33 0.540547 0.492230 0.049164 0.060135
26 0.820831 0.362838 0.059301 0.056757
39 0.762038 0.362500 0.047136 0.057432
18 0.593006 0.492230 0.047643 0.058784
13 0.286873 0.561486 0.076026 0.064865
2 0.218956 0.302027 0.046629 0.055405
10 0.199949 0.428378 0.048150 0.058108
35 0.487836 0.492905 0.049164 0.060135
23 0.356817 0.428041 0.046629 0.058784
27 0.553218 0.362500 0.047136 0.057432
53 0.501521 0.364527 0.048150 0.058784
22 0.803092 0.426014 0.098834 0.058784
19 0.304612 0.428716 0.047643 0.058784
57 0.276483 0.493581 0.048150 0.058784
31 0.618855 0.427365 0.047643 0.058784
20 0.804359 0.298986 0.082108 0.056081
55 0.382159 0.493243 0.048657 0.059459
51 0.397364 0.363514 0.045616 0.058108
7 0.475925 0.301351 0.045616 0.055405
43 0.252408 0.428716 0.047643 0.057432
15 0.435124 0.493243 0.049164 0.059459
37 0.671820 0.427703 0.048150 0.059459
45 0.132539 0.427365 0.076533 0.057432
