12 0.732123 0.397727 0.052805 0.063783
8 0.517327 0.261364 0.050055 0.060850
34 0.704620 0.467742 0.052805 0.061584
47 0.457371 0.543255 0.309681 0.071848
42 0.320132 0.329545 0.050605 0.062317
21 0.264301 0.329179 0.051155 0.063050
9 0.573707 0.260997 0.050605 0.060117
17 0.076458 0.261730 0.039604 0.060117
48 0.685644 0.260264 0.051155 0.060117
44 0.100385 0.468109 0.112761 0.065249
56 0.207921 0.328812 0.051705 0.062317
1 0.127338 0.261364 0.048955 0.060850
59 0.433168 0.329179 0.051155 0.063050
5 0.349835 0.260997 0.049505 0.060117
58 0.188119 0.469208 0.052805 0.063050
30 0.487624 0.383065 0.933443 0.442082
46 0.804730 0.467009 0.137514 0.064516
3 0.238449 0.261364 0.050055 0.060850
52 0.086084 0.328446 0.068757 0.061584
28 0.503850 0.398094 0.050605 0.064516
6 0.405941 0.261364 0.050605 0.060850
49 0.067382 0.543255 0.058856 0.070381
41 0.152090 0.329912 0.053355 0.063050
0 0.629538 0.260264 0.051155 0.060117
16 0.302805 0.469941 0.053355 0.065982
24 0.389989 0.399194 0.051705 0.063783
54 0.715897 0.327713 0.051155 0.063050
38 0.659241 0.328079 0.051155 0.062317
25 0.446920 0.398460 0.051155 0.063783
29 0.560506 0.398094 0.051705 0.064516
40 0.647140 0.467742 0.052255 0.061584
4 0.294554 0.260997 0.048955 0.060117
36 0.602310 0.328079 0.051705 0.063783
14 0.660341 0.542522 0.083058 0.070381
11 0.741474 0.259164 0.050605 0.060850
33 0.532178 0.468109 0.053355 0.065249
26 0.836359 0.327713 0.064356 0.061584
39 0.772552 0.327346 0.051155 0.062317
18 0.589109 0.468109 0.051705 0.063783
13 0.256876 0.543255 0.082508 0.070381
2 0.183168 0.261730 0.050605 0.060117
10 0.162541 0.398827 0.052255 0.063050
35 0.474972 0.468842 0.053355 0.065249
23 0.332783 0.398460 0.050605 0.063783
27 0.545930 0.327346 0.051155 0.062317
53 0.489824 0.329545 0.052255 0.063783
22 0.817107 0.396261 0.107261 0.063783
19 0.276128 0.399194 0.051705 0.063783
57 0.245600 0.469575 0.052255 0.063783
31 0.617162 0.397727 0.051705 0.063783
20 0.818482 0.258431 0.089109 0.060850
55 0.360286 0.469208 0.052805 0.064516
51 0.376788 0.328446 0.049505 0.063050
7 0.462046 0.260997 0.049505 0.060117
43 0.219472 0.399194 0.051705 0.062317
15 0.417767 0.469208 0.053355 0.064516
37 0.674642 0.398094 0.052255 0.064516
45 0.089384 0.397727 0.083058 0.062317
