0 0.545108 0.306667 0.036849 0.047619
40 0.555909 0.470476 0.036849 0.047619
54 0.607370 0.359524 0.036849 0.048571
46 0.669314 0.468095 0.097205 0.050476
47 0.398348 0.527619 0.226175 0.055238
15 0.390089 0.470476 0.038119 0.049524
11 0.627065 0.306190 0.036849 0.048571
45 0.152478 0.415714 0.059720 0.050476
36 0.525095 0.360476 0.037484 0.048571
32 0.575604 0.528095 0.039390 0.054286
24 0.370076 0.415714 0.037484 0.050476
56 0.238564 0.360952 0.037484 0.049524
8 0.463787 0.307619 0.036849 0.049524
48 0.586086 0.306667 0.036213 0.047619
14 0.533990 0.526667 0.038755 0.053333
59 0.402478 0.360476 0.037484 0.048571
44 0.161055 0.470476 0.080686 0.051429
6 0.382465 0.307619 0.036849 0.047619
12 0.618170 0.414762 0.038119 0.050476
30 0.500953 0.407619 0.792249 0.333333
21 0.279225 0.361429 0.037484 0.050476
29 0.493964 0.414762 0.037484 0.050476
33 0.472999 0.470000 0.038755 0.050476
41 0.197586 0.361905 0.038119 0.049524
13 0.263977 0.529524 0.038755 0.053333
26 0.693774 0.360000 0.045743 0.049524
17 0.142630 0.308571 0.028590 0.045714
58 0.224587 0.471429 0.037484 0.049524
10 0.205527 0.416190 0.037484 0.049524
27 0.484117 0.360000 0.036849 0.047619
42 0.320203 0.360952 0.036849 0.049524
52 0.150254 0.361429 0.050191 0.048571
4 0.301461 0.308571 0.036213 0.047619
43 0.246823 0.416190 0.037484 0.049524
35 0.431703 0.470952 0.038755 0.050476
18 0.514295 0.470000 0.037484 0.048571
3 0.260483 0.308095 0.036849 0.048571
38 0.566391 0.360000 0.036213 0.047619
9 0.504765 0.307143 0.037484 0.048571
49 0.137865 0.529524 0.041931 0.053333
37 0.576557 0.414762 0.037484 0.050476
19 0.287802 0.416190 0.036849 0.049524
57 0.265565 0.471429 0.036849 0.049524
25 0.411372 0.415238 0.037484 0.049524
53 0.443456 0.360476 0.036849 0.048571
23 0.329098 0.415238 0.036849 0.049524
28 0.452668 0.414762 0.036213 0.050476
39 0.648348 0.359524 0.037484 0.048571
34 0.597840 0.469524 0.038119 0.047619
16 0.307179 0.471429 0.038755 0.049524
20 0.681703 0.305238 0.064803 0.048571
55 0.348793 0.470476 0.038119 0.049524
31 0.534943 0.414762 0.036849 0.050476
7 0.423443 0.307143 0.036213 0.048571
22 0.679479 0.413333 0.076874 0.049524
5 0.341804 0.308095 0.036849 0.046667
51 0.361182 0.360000 0.036213 0.049524
1 0.179797 0.308571 0.036849 0.047619
2 0.220140 0.308095 0.037484 0.046667
