54 0.541824 0.412709 0.029560 0.065642
50 0.631447 0.659916 0.052830 0.074022
51 0.313208 0.410615 0.030189 0.067039
14 0.480818 0.659916 0.040881 0.071229
55 0.299371 0.575419 0.031447 0.069832
26 0.590252 0.491620 0.029560 0.069832
30 0.514151 0.476955 0.961635 0.649441
29 0.437736 0.492318 0.028931 0.068436
1 0.141509 0.328911 0.031447 0.071229
38 0.503774 0.411313 0.028931 0.065642
15 0.338365 0.575419 0.031447 0.069832
58 0.179245 0.577514 0.031447 0.074022
39 0.579560 0.412011 0.029560 0.067039
57 0.219497 0.576816 0.031447 0.072626
23 0.282075 0.492318 0.030818 0.068436
45 0.108491 0.492318 0.062264 0.071229
7 0.372956 0.331704 0.030189 0.068436
3 0.219182 0.330307 0.032075 0.071229
33 0.417610 0.575419 0.030189 0.069832
6 0.334906 0.331006 0.030818 0.069832
9 0.447799 0.331704 0.030189 0.068436
52 0.108491 0.409916 0.050943 0.071229
13 0.200629 0.664106 0.044025 0.074022
42 0.274528 0.410615 0.030818 0.069832
24 0.321069 0.492318 0.030818 0.068436
12 0.552516 0.491620 0.029560 0.067039
18 0.455346 0.575419 0.030189 0.069832
31 0.475472 0.492318 0.028931 0.068436
11 0.559748 0.332402 0.028931 0.067039
25 0.360692 0.491620 0.029560 0.067039
28 0.399057 0.492318 0.029560 0.068436
10 0.163208 0.493715 0.030818 0.071229
41 0.157233 0.410615 0.032704 0.072626
16 0.259434 0.576816 0.032075 0.069832
40 0.494654 0.576117 0.030818 0.068436
37 0.514465 0.493017 0.030189 0.069832
53 0.390566 0.412011 0.028931 0.067039
46 0.606289 0.574022 0.098113 0.067039
0 0.484906 0.332402 0.030189 0.069832
49 0.093082 0.666201 0.057862 0.081006
36 0.466352 0.412011 0.029560 0.064246
34 0.533648 0.574721 0.029560 0.068436
2 0.180503 0.328911 0.031447 0.071229
32 0.138994 0.576816 0.032704 0.075419
22 0.627673 0.453212 0.050314 0.149441
56 0.196541 0.409916 0.030818 0.071229
20 0.615723 0.332402 0.067925 0.067039
35 0.377987 0.575419 0.030189 0.067039
44 0.093711 0.577514 0.042767 0.074022
19 0.241824 0.494413 0.030818 0.069832
4 0.257547 0.330307 0.030818 0.071229
8 0.410377 0.333101 0.030818 0.068436
5 0.296541 0.330307 0.030818 0.068436
17 0.102516 0.327514 0.031447 0.068436
27 0.428616 0.412011 0.028302 0.064246
59 0.352830 0.411313 0.028931 0.068436
47 0.340881 0.662011 0.222642 0.078212
43 0.202201 0.493017 0.032075 0.069832
48 0.522327 0.333101 0.029560 0.068436
21 0.235220 0.410615 0.031447 0.069832
