32 0.189448 0.664308 0.041785 0.099057
29 0.537181 0.559748 0.041785 0.091195
57 0.283286 0.663522 0.042493 0.094340
16 0.328612 0.661950 0.042493 0.094340
54 0.665722 0.456761 0.043909 0.095912
41 0.201133 0.458333 0.043909 0.086478
33 0.513102 0.661950 0.041785 0.094340
31 0.583215 0.559748 0.041785 0.094340
18 0.560198 0.661950 0.042493 0.094340
40 0.607295 0.663522 0.043201 0.094340
44 0.137394 0.664308 0.053824 0.086478
50 0.655099 0.773585 0.043909 0.103774
10 0.212465 0.558176 0.045326 0.088050
37 0.629958 0.559748 0.043201 0.094340
43 0.258499 0.558962 0.043909 0.092767
20 0.750708 0.349843 0.069405 0.092767
58 0.236898 0.662736 0.041785 0.092767
1 0.180241 0.356918 0.041785 0.091195
55 0.375354 0.661164 0.041076 0.092767
24 0.398725 0.559748 0.039660 0.091195
27 0.525142 0.457547 0.041785 0.091195
47 0.421034 0.768082 0.225921 0.105346
13 0.281161 0.771226 0.042493 0.105346
49 0.135269 0.770440 0.053824 0.100629
8 0.501771 0.356132 0.040368 0.092767
38 0.618626 0.456761 0.043201 0.092767
28 0.490793 0.558176 0.041076 0.091195
59 0.433782 0.457547 0.040368 0.091195
23 0.352691 0.560535 0.039660 0.089623
56 0.247521 0.457547 0.044618 0.094340
36 0.571530 0.456761 0.042493 0.092767
14 0.560198 0.772013 0.042493 0.103774
4 0.318697 0.354560 0.039660 0.089623
0 0.594901 0.353774 0.042493 0.091195
12 0.678116 0.560535 0.043201 0.095912
7 0.456091 0.355346 0.039660 0.088050
34 0.654037 0.663522 0.043201 0.094340
9 0.548159 0.354560 0.041076 0.092767
17 0.133853 0.356918 0.042493 0.088050
15 0.421034 0.661950 0.043201 0.094340
53 0.479462 0.458333 0.041076 0.092767
52 0.144830 0.456761 0.063031 0.089623
25 0.444759 0.559748 0.039660 0.091195
45 0.149788 0.559748 0.074363 0.094340
5 0.364023 0.355346 0.041076 0.091195
2 0.225212 0.356918 0.042493 0.091195
6 0.410411 0.356132 0.040368 0.089623
46 0.734065 0.664308 0.105524 0.092767
3 0.270538 0.356132 0.042493 0.092767
22 0.764164 0.505503 0.049575 0.202830
51 0.387748 0.457547 0.041785 0.094340
39 0.713527 0.455975 0.043201 0.094340
42 0.341360 0.458333 0.042493 0.092767
30 0.549221 0.542453 0.902975 0.628931
11 0.689448 0.352201 0.041785 0.091195
19 0.305949 0.560535 0.041076 0.092767
21 0.294972 0.458333 0.041785 0.092767
26 0.726275 0.560535 0.043201 0.092767
48 0.641643 0.352201 0.042493 0.091195
35 0.467422 0.661950 0.041076 0.094340
