38 0.727807 0.443023 0.050914 0.095349
19 0.282637 0.544186 0.048303 0.093023
3 0.243473 0.319767 0.048303 0.090698
57 0.246736 0.659302 0.049608 0.095349
33 0.575065 0.674419 0.050914 0.102326
29 0.609661 0.556977 0.049608 0.095349
12 0.815927 0.563953 0.052219 0.095349
55 0.377285 0.661628 0.049608 0.095349
1 0.118146 0.315116 0.045692 0.090698
32 0.116841 0.653488 0.050914 0.102326
45 0.060705 0.538372 0.079634 0.095349
36 0.659922 0.439535 0.050914 0.093023
51 0.398172 0.432558 0.046997 0.088372
23 0.347258 0.545349 0.046997 0.090698
47 0.449086 0.796512 0.370757 0.127907
15 0.442559 0.666279 0.049608 0.095349
48 0.760444 0.330233 0.053525 0.093023
44 0.046345 0.651163 0.066580 0.097674
20 0.932768 0.330233 0.124021 0.097674
6 0.432768 0.324419 0.050914 0.095349
53 0.527415 0.437209 0.049608 0.093023
26 0.885770 0.568605 0.053525 0.100000
34 0.782637 0.684884 0.053525 0.100000
9 0.627285 0.327907 0.050914 0.097674
28 0.542428 0.554651 0.048303 0.095349
7 0.497389 0.326744 0.049608 0.095349
30 0.501305 0.474419 1.000000 0.944186
2 0.180157 0.317442 0.049608 0.090698
58 0.181462 0.656977 0.049608 0.095349
16 0.311358 0.659302 0.050914 0.095349
13 0.216057 0.776744 0.066580 0.097674
8 0.560705 0.327907 0.050914 0.097674
39 0.866841 0.448837 0.054830 0.097674
54 0.796997 0.444186 0.053525 0.097674
24 0.411227 0.547674 0.049608 0.090698
14 0.685379 0.805814 0.073107 0.109302
31 0.676893 0.559302 0.050914 0.095349
43 0.218668 0.541860 0.048303 0.093023
59 0.462794 0.434884 0.048303 0.088372
35 0.508486 0.668605 0.050914 0.100000
22 0.955614 0.511628 0.091384 0.223256
18 0.642950 0.679070 0.050914 0.097674
50 0.958225 0.820930 0.086162 0.116279
5 0.369452 0.323256 0.049608 0.093023
56 0.206919 0.427907 0.048303 0.093023
52 0.065927 0.425581 0.077023 0.093023
42 0.334856 0.432558 0.048303 0.088372
11 0.829634 0.330233 0.050914 0.093023
4 0.306136 0.320930 0.048303 0.093023
27 0.593995 0.440698 0.049608 0.090698
49 0.046997 0.770930 0.083551 0.104651
37 0.746084 0.562791 0.053525 0.093023
25 0.477807 0.551163 0.049608 0.093023
40 0.712141 0.681395 0.050914 0.093023
0 0.692559 0.329070 0.053525 0.095349
41 0.144909 0.429070 0.049608 0.095349
17 0.058094 0.313953 0.048303 0.093023
10 0.155352 0.539535 0.046997 0.093023
21 0.271540 0.431395 0.049608 0.095349
46 0.911227 0.691860 0.180157 0.109302
