50 0.608437 0.778819 0.054375 0.052484
13 0.180312 0.764761 0.040625 0.050609
1 0.132812 0.536551 0.028125 0.045923
51 0.293438 0.594189 0.026875 0.043112
44 0.082500 0.704780 0.040000 0.048735
23 0.261875 0.650422 0.027500 0.044986
22 0.606875 0.630740 0.050000 0.104967
56 0.182188 0.592315 0.028125 0.044986
4 0.242500 0.539363 0.027500 0.044049
10 0.148750 0.647610 0.028750 0.046860
43 0.186250 0.648547 0.028750 0.046860
12 0.528750 0.658388 0.031250 0.047798
46 0.584063 0.717432 0.099375 0.049672
20 0.596562 0.544986 0.066875 0.045923
16 0.238750 0.707123 0.030000 0.047798
7 0.353125 0.542174 0.028750 0.045923
26 0.567813 0.659325 0.030625 0.049672
36 0.444063 0.599344 0.029375 0.045923
47 0.317188 0.771790 0.219375 0.057170
58 0.162500 0.705248 0.028750 0.045923
14 0.454375 0.773664 0.041250 0.049672
8 0.389688 0.543580 0.029375 0.046860
41 0.145625 0.592315 0.030000 0.046860
59 0.330625 0.596064 0.027500 0.044986
48 0.501250 0.545455 0.030000 0.046860
53 0.368750 0.598407 0.028750 0.045923
15 0.315000 0.708529 0.028750 0.046860
52 0.099687 0.592315 0.046875 0.046860
18 0.431250 0.713683 0.028750 0.047798
33 0.392500 0.712277 0.030000 0.048735
55 0.276562 0.708529 0.029375 0.046860
19 0.223438 0.649953 0.028125 0.047798
3 0.205937 0.539831 0.028125 0.044986
38 0.481875 0.599344 0.028750 0.045923
30 0.508750 0.613402 0.963750 0.488285
35 0.354063 0.710872 0.029375 0.049672
45 0.094375 0.648547 0.050000 0.048735
29 0.414062 0.654639 0.029375 0.047798
57 0.200937 0.705717 0.029375 0.046860
49 0.080312 0.764292 0.051875 0.055295
9 0.426250 0.543580 0.028750 0.046860
34 0.509687 0.715558 0.030625 0.047798
11 0.539062 0.545455 0.029375 0.046860
31 0.451562 0.655576 0.029375 0.045923
42 0.256563 0.594189 0.028125 0.044986
0 0.463750 0.544517 0.030000 0.046860
39 0.556875 0.600750 0.030000 0.046860
27 0.406250 0.598875 0.028750 0.044986
21 0.219375 0.594189 0.028750 0.046860
6 0.315937 0.540769 0.028125 0.044986
28 0.375625 0.652765 0.027500 0.045923
17 0.096875 0.537488 0.031250 0.045923
25 0.337813 0.652765 0.028125 0.045923
37 0.490312 0.657451 0.031875 0.047798
24 0.299687 0.651359 0.028125 0.046860
32 0.124688 0.706654 0.030625 0.052484
40 0.470938 0.715089 0.030625 0.048735
2 0.169375 0.537957 0.028750 0.046860
5 0.278750 0.540300 0.027500 0.044049
54 0.519375 0.601218 0.030000 0.045923
