59 0.252168 0.460425 0.039017 0.052124
48 0.443642 0.403475 0.037572 0.050193
27 0.337428 0.460425 0.039017 0.052124
13 0.096098 0.631274 0.050578 0.054054
15 0.242052 0.574324 0.039017 0.052124
12 0.474711 0.516409 0.039017 0.052124
31 0.390173 0.517375 0.037572 0.054054
9 0.358382 0.402510 0.037572 0.052124
37 0.432803 0.517375 0.039017 0.050193
21 0.123555 0.460425 0.039017 0.052124
10 0.049133 0.518340 0.037572 0.052124
19 0.134393 0.518340 0.037572 0.052124
38 0.422688 0.460425 0.039017 0.052124
54 0.464595 0.460425 0.039017 0.052124
44 0.013728 0.575290 0.024566 0.050193
46 0.533960 0.572394 0.111272 0.052124
41 0.038295 0.460425 0.039017 0.052124
51 0.209538 0.460425 0.037572 0.052124
11 0.485549 0.403475 0.037572 0.050193
18 0.369942 0.574324 0.037572 0.052124
3 0.101879 0.404440 0.039017 0.052124
26 0.560694 0.460425 0.060694 0.052124
30 0.460983 0.500000 0.919075 0.382239
7 0.273844 0.402510 0.039017 0.052124
33 0.326590 0.574324 0.037572 0.052124
5 0.187139 0.404440 0.039017 0.052124
39 0.507225 0.460425 0.037572 0.052124
29 0.347543 0.517375 0.039017 0.050193
14 0.399566 0.630309 0.047688 0.052124
34 0.454480 0.573359 0.039017 0.050193
42 0.166908 0.461390 0.039017 0.050193
8 0.315751 0.403475 0.039017 0.054054
53 0.294798 0.460425 0.037572 0.052124
28 0.304913 0.516409 0.037572 0.052124
55 0.200145 0.574324 0.039017 0.052124
25 0.263006 0.518340 0.037572 0.052124
16 0.156792 0.574324 0.039017 0.052124
49 0.017341 0.632239 0.031792 0.052124
47 0.247832 0.631274 0.247110 0.054054
2 0.058526 0.403475 0.039017 0.050193
57 0.114884 0.575290 0.039017 0.050193
17 0.010838 0.403475 0.018786 0.050193
52 0.016618 0.460425 0.030347 0.052124
4 0.144509 0.402510 0.037572 0.052124
35 0.285405 0.574324 0.039017 0.052124
24 0.220376 0.517375 0.039017 0.050193
6 0.230491 0.404440 0.039017 0.052124
43 0.091763 0.518340 0.039017 0.052124
23 0.177023 0.518340 0.039017 0.052124
56 0.081647 0.461390 0.039017 0.050193
0 0.401012 0.403475 0.039017 0.050193
1 0.018786 0.404440 0.034682 0.052124
58 0.071532 0.574324 0.039017 0.052124
50 0.559971 0.630309 0.062139 0.052124
40 0.412572 0.574324 0.039017 0.052124
45 0.019509 0.520270 0.036127 0.055985
22 0.544798 0.516409 0.092486 0.052124
32 0.028179 0.574324 0.039017 0.052124
20 0.549855 0.403475 0.079480 0.050193
36 0.379335 0.460425 0.039017 0.052124
