52 0.017790 0.718750 0.031835 0.057500
12 0.502809 0.788750 0.039326 0.057500
50 0.603933 0.931250 0.069288 0.062500
14 0.406367 0.927500 0.052434 0.060000
11 0.514981 0.658750 0.037453 0.057500
58 0.030899 0.851250 0.039326 0.057500
46 0.570225 0.858750 0.129213 0.062500
18 0.376404 0.856250 0.037453 0.062500
36 0.393258 0.722500 0.037453 0.055000
0 0.419476 0.658750 0.037453 0.057500
54 0.490637 0.723750 0.037453 0.057500
8 0.322097 0.658750 0.037453 0.057500
2 0.033708 0.655000 0.037453 0.060000
31 0.402622 0.788750 0.037453 0.057500
22 0.602996 0.757500 0.071161 0.125000
16 0.129213 0.852500 0.041199 0.060000
1 0.011236 0.653750 0.018727 0.057500
6 0.224719 0.657500 0.037453 0.055000
43 0.059925 0.785000 0.037453 0.055000
59 0.247191 0.720000 0.037453 0.055000
40 0.426030 0.857500 0.039326 0.060000
27 0.343633 0.722500 0.035581 0.055000
49 0.014045 0.920000 0.024345 0.060000
39 0.539326 0.723750 0.037453 0.057500
42 0.149813 0.720000 0.037453 0.055000
33 0.327715 0.856250 0.041199 0.062500
24 0.205993 0.785000 0.037453 0.055000
10 0.016854 0.783750 0.029963 0.057500
45 0.017790 0.786250 0.031835 0.057500
4 0.129213 0.655000 0.037453 0.055000
44 0.013109 0.852500 0.022472 0.060000
38 0.441011 0.722500 0.035581 0.055000
25 0.256554 0.786250 0.037453 0.057500
28 0.305243 0.786250 0.037453 0.057500
9 0.370787 0.658750 0.037453 0.057500
32 0.011236 0.851250 0.018727 0.062500
35 0.276217 0.855000 0.039326 0.060000
37 0.453184 0.788750 0.037453 0.057500
29 0.353933 0.788750 0.037453 0.057500
56 0.053371 0.717500 0.039326 0.055000
57 0.079588 0.852500 0.039326 0.060000
17 0.011236 0.653750 0.018727 0.052500
20 0.588951 0.660000 0.084270 0.055000
30 0.501873 0.750000 1.000000 0.505000
34 0.475655 0.857500 0.037453 0.060000
23 0.156367 0.783750 0.035581 0.057500
48 0.466292 0.660000 0.037453 0.055000
26 0.551498 0.788750 0.039326 0.057500
7 0.274345 0.657500 0.039326 0.055000
41 0.013109 0.717500 0.022472 0.055000
5 0.176966 0.657500 0.039326 0.055000
53 0.294944 0.721250 0.039326 0.057500
13 0.057116 0.920000 0.054307 0.060000
3 0.080524 0.655000 0.037453 0.055000
15 0.227528 0.853750 0.039326 0.057500
51 0.197566 0.720000 0.035581 0.055000
21 0.101124 0.720000 0.037453 0.055000
19 0.108614 0.786250 0.037453 0.057500
47 0.231273 0.923750 0.282772 0.062500
55 0.178839 0.852500 0.039326 0.060000
