23 0.234028 0.553704 0.031944 0.044444
57 0.169792 0.607870 0.032639 0.045370
4 0.207639 0.448611 0.031944 0.045370
43 0.151389 0.554630 0.033333 0.044444
37 0.478125 0.553704 0.032639 0.046296
13 0.150694 0.664815 0.045833 0.050000
0 0.446875 0.449074 0.034028 0.048148
17 0.045486 0.448611 0.035417 0.045370
42 0.226042 0.500000 0.032639 0.044444
38 0.467014 0.500463 0.032639 0.045370
22 0.585764 0.551852 0.084028 0.046296
29 0.397569 0.553241 0.032639 0.045370
41 0.103472 0.502315 0.034722 0.047222
15 0.293750 0.606481 0.033333 0.046296
40 0.457986 0.606944 0.032639 0.047222
7 0.328819 0.449074 0.031250 0.046296
54 0.507639 0.500926 0.033333 0.046296
55 0.253125 0.606944 0.032639 0.045370
35 0.335417 0.606481 0.031944 0.046296
58 0.128472 0.608333 0.033333 0.044444
18 0.417014 0.607407 0.032639 0.048148
30 0.500000 0.532407 0.998611 0.414815
32 0.604167 0.663889 0.059722 0.051852
27 0.387500 0.500926 0.030556 0.044444
36 0.427431 0.500926 0.032639 0.046296
34 0.499306 0.606944 0.031944 0.047222
14 0.442361 0.661574 0.044444 0.049074
11 0.527778 0.449074 0.031944 0.048148
5 0.247917 0.448611 0.033333 0.045370
1 0.086458 0.449537 0.032639 0.045370
31 0.437500 0.553704 0.031944 0.046296
33 0.376736 0.606944 0.032639 0.047222
9 0.407986 0.449074 0.032639 0.048148
20 0.587847 0.446759 0.071528 0.045370
28 0.356250 0.553241 0.030556 0.045370
39 0.547569 0.500926 0.034028 0.048148
56 0.144444 0.500926 0.031944 0.046296
47 0.297569 0.663426 0.232639 0.052778
16 0.211111 0.607870 0.033333 0.045370
48 0.487153 0.449537 0.034028 0.047222
59 0.308681 0.500926 0.031250 0.044444
52 0.052431 0.500926 0.052083 0.044444
19 0.192708 0.554167 0.032639 0.045370
44 0.060764 0.608333 0.086806 0.048148
46 0.577083 0.605556 0.104167 0.046296
49 0.039583 0.667593 0.059722 0.053704
25 0.316667 0.551852 0.030556 0.044444
6 0.288542 0.449074 0.032639 0.046296
12 0.519444 0.552778 0.031944 0.046296
3 0.167014 0.449074 0.034028 0.048148
8 0.368403 0.449537 0.032639 0.047222
53 0.347569 0.501389 0.031250 0.045370
45 0.053125 0.554630 0.063194 0.044444
51 0.267014 0.500463 0.031250 0.043519
2 0.127431 0.448611 0.034028 0.045370
24 0.275347 0.553241 0.031250 0.045370
26 0.599653 0.500000 0.053472 0.046296
10 0.110069 0.554167 0.032639 0.045370
21 0.185417 0.500926 0.031944 0.046296
