14 0.451172 0.759130 0.041016 0.060870
3 0.186035 0.493913 0.030273 0.062609
39 0.551758 0.552174 0.033203 0.060870
42 0.243652 0.559130 0.030273 0.057391
26 0.598633 0.551304 0.048828 0.059130
28 0.368652 0.624348 0.028320 0.059130
44 0.098633 0.699130 0.074219 0.062609
7 0.339355 0.490435 0.030273 0.059130
25 0.330566 0.625217 0.028320 0.057391
34 0.503418 0.690435 0.030273 0.062609
41 0.130859 0.563478 0.029297 0.059130
55 0.272949 0.693913 0.028320 0.059130
10 0.140137 0.629565 0.028320 0.059130
24 0.291992 0.626087 0.031250 0.059130
58 0.159180 0.697391 0.029297 0.055652
49 0.084473 0.769565 0.049805 0.064348
56 0.167969 0.561739 0.029297 0.055652
17 0.075195 0.497391 0.027344 0.059130
30 0.501953 0.579130 0.935547 0.556522
11 0.530762 0.482609 0.032227 0.057391
20 0.587402 0.481739 0.067383 0.059130
19 0.214844 0.628696 0.029297 0.057391
37 0.484375 0.621739 0.031250 0.060870
45 0.088379 0.632174 0.055664 0.060870
48 0.491211 0.486087 0.029297 0.060870
6 0.300293 0.491304 0.030273 0.060870
18 0.425293 0.691304 0.028320 0.060870
21 0.205566 0.560000 0.030273 0.059130
51 0.281738 0.559130 0.030273 0.057391
15 0.311035 0.692174 0.032227 0.059130
31 0.444824 0.621739 0.028320 0.057391
5 0.261719 0.491304 0.031250 0.060870
12 0.521484 0.620000 0.029297 0.060870
16 0.234863 0.696522 0.030273 0.057391
38 0.472168 0.553043 0.028320 0.059130
52 0.083496 0.565217 0.045898 0.062609
40 0.464355 0.690435 0.030273 0.059130
2 0.149414 0.495652 0.031250 0.062609
54 0.511230 0.553043 0.030273 0.059130
33 0.388184 0.692174 0.032227 0.062609
1 0.111328 0.497391 0.031250 0.059130
0 0.453125 0.486957 0.029297 0.059130
32 0.601074 0.760870 0.055664 0.064348
57 0.196777 0.695652 0.030273 0.059130
35 0.349609 0.692174 0.029297 0.059130
4 0.223145 0.492174 0.028320 0.059130
59 0.320801 0.557391 0.028320 0.057391
22 0.584473 0.620000 0.077148 0.060870
36 0.435059 0.554783 0.030273 0.059130
53 0.358398 0.556522 0.029297 0.059130
13 0.183105 0.766087 0.040039 0.060870
47 0.317383 0.764348 0.210938 0.067826
8 0.377441 0.489565 0.030273 0.060870
46 0.575684 0.688696 0.096680 0.059130
29 0.406738 0.623478 0.030273 0.060870
9 0.414551 0.487826 0.030273 0.060870
23 0.253418 0.626957 0.028320 0.057391
27 0.396484 0.554783 0.027344 0.055652
43 0.176758 0.628696 0.029297 0.057391
