7 0.344093 0.683884 0.028846 0.045455
59 0.320055 0.241736 0.024725 0.037190
56 0.184753 0.242769 0.026099 0.039256
12 0.489698 0.287190 0.026099 0.041322
19 0.232143 0.783058 0.027473 0.045455
44 0.104396 0.340909 0.038462 0.045455
21 0.218407 0.241736 0.027473 0.041322
49 0.105082 0.390496 0.042582 0.045455
41 0.150412 0.241736 0.028846 0.041322
18 0.419643 0.835744 0.028846 0.047521
11 0.495879 0.190083 0.027473 0.045455
54 0.500000 0.737603 0.030220 0.045455
9 0.397665 0.192149 0.028846 0.049587
21 0.226648 0.735537 0.030220 0.045455
33 0.372940 0.336777 0.026099 0.041322
5 0.266484 0.193182 0.027473 0.043388
38 0.465659 0.737603 0.030220 0.045455
46 0.552885 0.834711 0.089286 0.045455
40 0.439560 0.337810 0.027473 0.043388
24 0.299451 0.783058 0.027473 0.045455
15 0.306319 0.337810 0.027473 0.043388
52 0.109203 0.243802 0.042582 0.041322
2 0.168956 0.195248 0.030220 0.043388
47 0.311126 0.385331 0.188187 0.039256
23 0.257555 0.291322 0.026099 0.041322
38 0.447802 0.238636 0.027473 0.039256
6 0.301511 0.193182 0.028846 0.047521
36 0.431319 0.737603 0.030220 0.045455
16 0.248626 0.834711 0.027473 0.045455
10 0.163462 0.782025 0.027473 0.047521
33 0.385989 0.836777 0.030220 0.049587
4 0.243132 0.681818 0.027473 0.045455
35 0.339286 0.337810 0.027473 0.043388
9 0.412088 0.679752 0.027473 0.045455
53 0.348901 0.240702 0.027473 0.039256
42 0.260989 0.735537 0.027473 0.045455
10 0.159341 0.291322 0.032967 0.041322
54 0.500000 0.737603 0.030220 0.045455
37 0.471841 0.783058 0.028846 0.045455
22 0.574863 0.756198 0.045330 0.099174
57 0.213599 0.833678 0.026099 0.043388
55 0.274038 0.337810 0.026099 0.039256
0 0.447802 0.683884 0.030220 0.045455
13 0.203984 0.891529 0.037088 0.047521
7 0.333104 0.191116 0.028846 0.047521
39 0.513736 0.239669 0.027473 0.041322
29 0.391484 0.291322 0.030220 0.041322
34 0.471841 0.336777 0.026099 0.041322
8 0.377060 0.679752 0.028846 0.045455
26 0.520604 0.285124 0.027473 0.041322
35 0.350962 0.835744 0.028846 0.047521
1 0.136676 0.678719 0.026099 0.043388
41 0.155220 0.730372 0.027473 0.043388
28 0.368132 0.783058 0.024725 0.045455
17 0.105082 0.678719 0.023352 0.043388
13 0.191621 0.388430 0.037088 0.041322
32 0.146978 0.833678 0.027473 0.047521
39 0.534341 0.735537 0.030220 0.045455
48 0.483516 0.683884 0.030220 0.045455
20 0.565247 0.678719 0.064560 0.047521
30 0.478709 0.754132 0.814560 0.396694
18 0.406593 0.337810 0.027473 0.043388
56 0.190934 0.732438 0.030220 0.047521
29 0.405907 0.789256 0.028846 0.045455
2 0.171016 0.679752 0.026099 0.045455
40 0.454670 0.835744 0.030220 0.047521
37 0.456044 0.288223 0.027473 0.043388
28 0.356456 0.289256 0.026099 0.041322
25 0.333104 0.784091 0.028846 0.047521
31 0.423077 0.289256 0.027473 0.041322
26 0.540522 0.783058 0.028846 0.045455
45 0.108516 0.290289 0.043956 0.043388
46 0.536401 0.337810 0.086538 0.047521
27 0.396978 0.735537 0.030220 0.045455
15 0.316621 0.835744 0.031593 0.047521
27 0.382555 0.240702 0.028846 0.039256
58 0.179258 0.832645 0.023352 0.045455
16 0.239698 0.337810 0.026099 0.039256
22 0.556319 0.261364 0.046703 0.097107
54 0.480769 0.239669 0.027473 0.041322
44 0.111264 0.834711 0.038462 0.045455
58 0.173764 0.338843 0.026099 0.041322
47 0.321429 0.893595 0.192308 0.064050
38 0.250687 0.241736 0.026099 0.037190
42 0.254808 0.243802 0.026099 0.037190
14 0.427198 0.387397 0.035714 0.043388
17 0.105082 0.197314 0.026099 0.043388
59 0.328297 0.736570 0.027473 0.043388
45 0.115385 0.782025 0.043956 0.043388
31 0.441621 0.789256 0.028846 0.045455
6 0.309066 0.681818 0.027473 0.045455
57 0.206731 0.338843 0.026099 0.041322
3 0.206044 0.680785 0.027473 0.047521
20 0.549451 0.190083 0.065934 0.041322
3 0.201236 0.195248 0.028846 0.043388
49 0.112637 0.886364 0.043956 0.045455
4 0.236264 0.193182 0.027473 0.043388
43 0.191621 0.289256 0.026099 0.037190
11 0.516484 0.685950 0.030220 0.045455
43 0.197802 0.783058 0.027473 0.045455
34 0.491758 0.841942 0.030220 0.047521
51 0.293956 0.737603 0.027473 0.045455
30 0.465659 0.242769 0.785714 0.407025
53 0.362637 0.735537 0.030220 0.045455
25 0.324176 0.288223 0.027473 0.039256
12 0.506181 0.783058 0.028846 0.045455
48 0.463599 0.190083 0.028846 0.049587
5 0.274038 0.679752 0.026099 0.045455
50 0.576236 0.888430 0.048077 0.049587
14 0.441621 0.889463 0.037088 0.047521
19 0.225962 0.291322 0.026099 0.041322
1 0.136676 0.197314 0.028846 0.039256
55 0.282967 0.835744 0.030220 0.043388
8 0.364698 0.192149 0.028846 0.049587
51 0.286401 0.241736 0.026099 0.037190
50 0.557005 0.391529 0.045330 0.043388
23 0.265110 0.784091 0.027473 0.047521
36 0.414835 0.240702 0.027473 0.039256
24 0.291209 0.289256 0.024725 0.041322
32 0.139423 0.337810 0.026099 0.043388
0 0.430632 0.191116 0.028846 0.047521
52 0.113324 0.731405 0.042582 0.045455
