57 0.180000 0.825000 0.033750 0.045000
15 0.292187 0.810000 0.034375 0.046667
29 0.383125 0.749583 0.033750 0.045833
52 0.064375 0.738750 0.051250 0.045833
22 0.553438 0.701250 0.044375 0.090833
23 0.235000 0.767917 0.033750 0.045833
18 0.403125 0.795000 0.032500 0.046667
25 0.309688 0.758750 0.034375 0.045833
48 0.457188 0.643333 0.033125 0.043333
41 0.111250 0.734167 0.036250 0.046667
37 0.454375 0.739167 0.033750 0.045000
36 0.407187 0.697500 0.033125 0.045000
35 0.329688 0.805417 0.034375 0.045833
6 0.278750 0.665833 0.033750 0.045000
38 0.442500 0.692500 0.032500 0.045000
43 0.159375 0.777917 0.035000 0.045833
58 0.141875 0.830000 0.033750 0.046667
1 0.091875 0.687500 0.035000 0.045000
8 0.351875 0.656667 0.033750 0.045000
2 0.129688 0.683333 0.034375 0.045000
13 0.193750 0.872917 0.035000 0.047500
19 0.197500 0.773333 0.033750 0.046667
42 0.224375 0.721250 0.035000 0.045833
5 0.241250 0.670417 0.033750 0.044167
17 0.054375 0.692083 0.033750 0.042500
3 0.166875 0.678750 0.035000 0.044167
49 0.068437 0.889167 0.059375 0.046667
10 0.121875 0.782917 0.033750 0.045833
40 0.438437 0.790000 0.033125 0.045000
21 0.186250 0.724583 0.035000 0.045833
28 0.346875 0.754167 0.032500 0.045000
59 0.299063 0.712083 0.033125 0.045833
9 0.387188 0.652083 0.033125 0.044167
11 0.492500 0.639583 0.032500 0.042500
4 0.204375 0.674583 0.033750 0.044167
39 0.512188 0.683333 0.031875 0.043333
54 0.477812 0.688333 0.033125 0.045000
32 0.103438 0.833750 0.034375 0.047500
14 0.449375 0.837917 0.051250 0.047500
34 0.474062 0.784583 0.033125 0.045833
30 0.444063 0.719583 0.850625 0.454167
7 0.315937 0.660833 0.033125 0.045000
47 0.317812 0.857500 0.206875 0.068333
51 0.261562 0.716250 0.034375 0.044167
20 0.540000 0.633333 0.057500 0.045000
56 0.149062 0.729583 0.035625 0.045833
16 0.217188 0.820000 0.035625 0.046667
55 0.255312 0.815417 0.034375 0.045833
0 0.422500 0.647500 0.032500 0.045000
31 0.418750 0.744167 0.032500 0.046667
33 0.366250 0.800000 0.033750 0.046667
24 0.272500 0.763333 0.033750 0.045000
46 0.536875 0.775833 0.085000 0.050000
26 0.524062 0.729167 0.033125 0.045000
45 0.070312 0.788750 0.061875 0.047500
50 0.556562 0.823333 0.056875 0.048333
44 0.060937 0.840000 0.043125 0.046667
53 0.335625 0.707083 0.033750 0.045833
12 0.489687 0.734583 0.033125 0.045833
27 0.372188 0.702500 0.033125 0.045000
