57 0.187012 0.721583 0.036133 0.053237
16 0.225586 0.725180 0.035156 0.051799
14 0.465820 0.802878 0.054688 0.054676
17 0.076660 0.544604 0.032227 0.047482
12 0.519531 0.690647 0.035156 0.051799
37 0.480469 0.687770 0.035156 0.051799
52 0.081543 0.599281 0.051758 0.050360
6 0.304688 0.561871 0.035156 0.050360
9 0.419434 0.570504 0.034180 0.050360
11 0.532715 0.579856 0.034180 0.048921
25 0.326660 0.675540 0.036133 0.050360
15 0.303223 0.730935 0.036133 0.051799
33 0.381348 0.737410 0.036133 0.053237
4 0.227539 0.555396 0.035156 0.048921
55 0.264160 0.728058 0.034180 0.051799
54 0.511719 0.634532 0.035156 0.051799
56 0.166504 0.605755 0.034180 0.051799
48 0.495117 0.576259 0.033203 0.047482
49 0.062012 0.770504 0.069336 0.053237
47 0.325195 0.790647 0.216797 0.061871
50 0.583008 0.812950 0.062500 0.054676
29 0.404297 0.681295 0.035156 0.050360
28 0.365234 0.678417 0.035156 0.053237
59 0.321289 0.617986 0.035156 0.050360
43 0.170898 0.663309 0.035156 0.051799
18 0.419922 0.740288 0.035156 0.053237
32 0.108398 0.715108 0.037109 0.051799
53 0.359375 0.622302 0.035156 0.050360
13 0.195312 0.780576 0.037109 0.053237
8 0.381348 0.568345 0.034180 0.048921
36 0.435059 0.627338 0.034180 0.051799
3 0.189941 0.552518 0.034180 0.048921
39 0.550293 0.636691 0.034180 0.050360
44 0.065430 0.712230 0.044922 0.048921
42 0.243164 0.612950 0.035156 0.048921
27 0.397949 0.623741 0.034180 0.050360
24 0.287598 0.672662 0.034180 0.050360
2 0.151855 0.549640 0.034180 0.048921
7 0.343750 0.564748 0.035156 0.050360
19 0.208984 0.666906 0.035156 0.050360
23 0.249023 0.670504 0.035156 0.051799
34 0.498047 0.746043 0.035156 0.053237
31 0.441895 0.684173 0.034180 0.053237
51 0.281738 0.615108 0.036133 0.050360
40 0.458984 0.743885 0.035156 0.051799
10 0.133301 0.660432 0.034180 0.051799
21 0.204590 0.608633 0.036133 0.051799
35 0.342285 0.734532 0.036133 0.053237
0 0.457520 0.574101 0.034180 0.048921
38 0.474121 0.630935 0.034180 0.050360
5 0.266602 0.558993 0.035156 0.047482
58 0.147949 0.717986 0.034180 0.051799
46 0.565918 0.751079 0.092773 0.054676
26 0.557617 0.693525 0.035156 0.051799
41 0.128418 0.602878 0.036133 0.051799
45 0.081055 0.656835 0.060547 0.050360
30 0.479980 0.658993 0.930664 0.489209
1 0.114746 0.547482 0.034180 0.050360
22 0.592773 0.667626 0.042969 0.109353
20 0.585449 0.583453 0.061523 0.050360
