52 0.032813 0.621875 0.053125 0.047917
12 0.499219 0.680208 0.032813 0.047917
50 0.583594 0.798958 0.057813 0.052083
14 0.418750 0.795833 0.043750 0.050000
11 0.509375 0.571875 0.031250 0.047917
58 0.105469 0.732292 0.032813 0.047917
46 0.555469 0.738542 0.107813 0.052083
18 0.393750 0.736458 0.031250 0.052083
36 0.407813 0.625000 0.031250 0.045833
0 0.429688 0.571875 0.031250 0.047917
54 0.489063 0.626042 0.031250 0.047917
8 0.348438 0.571875 0.031250 0.047917
2 0.107813 0.568750 0.031250 0.050000
31 0.415625 0.680208 0.031250 0.047917
22 0.582812 0.654167 0.059375 0.104167
16 0.187500 0.733333 0.034375 0.050000
1 0.067969 0.567708 0.032813 0.047917
6 0.267188 0.570833 0.031250 0.045833
43 0.129688 0.677083 0.031250 0.045833
59 0.285938 0.622917 0.031250 0.045833
40 0.435156 0.737500 0.032813 0.050000
27 0.366406 0.625000 0.029687 0.045833
49 0.022656 0.789583 0.042188 0.050000
39 0.529687 0.626042 0.031250 0.047917
42 0.204687 0.622917 0.031250 0.045833
33 0.353125 0.736458 0.034375 0.052083
24 0.251563 0.677083 0.031250 0.045833
10 0.089844 0.676042 0.032813 0.047917
45 0.028125 0.678125 0.053125 0.047917
4 0.187500 0.568750 0.031250 0.045833
44 0.020313 0.733333 0.037500 0.050000
38 0.447656 0.625000 0.029687 0.045833
25 0.293750 0.678125 0.031250 0.047917
28 0.334375 0.678125 0.031250 0.047917
9 0.389062 0.571875 0.031250 0.047917
32 0.063281 0.732292 0.032813 0.052083
35 0.310156 0.735417 0.032813 0.050000
37 0.457813 0.680208 0.031250 0.047917
29 0.375000 0.680208 0.031250 0.047917
56 0.124219 0.620833 0.032813 0.045833
57 0.146094 0.733333 0.032813 0.050000
17 0.027344 0.567708 0.032813 0.043750
20 0.571094 0.572917 0.070312 0.045833
30 0.492188 0.661458 0.981250 0.447917
34 0.476562 0.737500 0.031250 0.050000
23 0.210156 0.676042 0.029687 0.047917
48 0.468750 0.572917 0.031250 0.045833
26 0.539844 0.680208 0.032813 0.047917
7 0.308594 0.570833 0.032813 0.045833
41 0.083594 0.620833 0.032813 0.045833
5 0.227344 0.570833 0.032813 0.045833
53 0.325781 0.623958 0.032813 0.047917
13 0.127344 0.789583 0.045312 0.050000
3 0.146875 0.568750 0.031250 0.045833
15 0.269531 0.734375 0.032813 0.047917
51 0.244531 0.622917 0.029687 0.045833
21 0.164062 0.622917 0.031250 0.045833
19 0.170313 0.678125 0.031250 0.047917
47 0.272656 0.792708 0.235937 0.052083
55 0.228906 0.733333 0.032813 0.050000
