32 0.047203 0.681437 0.044056 0.056903
37 0.480420 0.611940 0.036364 0.046642
24 0.256294 0.618470 0.037063 0.050373
20 0.599301 0.496735 0.079720 0.043843
29 0.391958 0.614272 0.035664 0.047575
59 0.293007 0.559701 0.037762 0.050373
52 0.024126 0.563433 0.046853 0.054104
16 0.184965 0.680037 0.042657 0.055970
34 0.504196 0.670243 0.036364 0.047575
23 0.212587 0.619403 0.037762 0.054104
27 0.382168 0.557369 0.035664 0.047575
1 0.056643 0.507929 0.040559 0.053172
5 0.230070 0.505131 0.039161 0.053172
36 0.425524 0.556437 0.037063 0.045709
26 0.570280 0.611007 0.037063 0.046642
49 0.018531 0.744869 0.035664 0.062500
31 0.436364 0.612873 0.034965 0.046642
14 0.481119 0.732743 0.062937 0.051306
9 0.404545 0.503265 0.038462 0.051306
40 0.458741 0.671642 0.036364 0.048507
38 0.470629 0.555504 0.036364 0.045709
21 0.161189 0.562966 0.042657 0.053172
15 0.275874 0.676306 0.039860 0.054104
10 0.076224 0.622201 0.041958 0.054104
12 0.526573 0.611007 0.036364 0.046642
51 0.249301 0.562034 0.038462 0.053172
47 0.311888 0.738806 0.261538 0.063433
46 0.589161 0.669310 0.115385 0.047575
53 0.337413 0.558302 0.037063 0.049440
56 0.115734 0.563433 0.041259 0.054104
43 0.121678 0.621269 0.043357 0.055970
25 0.302098 0.616604 0.037762 0.052239
0 0.447552 0.502799 0.039161 0.052239
48 0.490909 0.500933 0.037762 0.048507
3 0.143007 0.506530 0.038462 0.054104
54 0.513986 0.555037 0.036364 0.044776
11 0.534615 0.499067 0.035664 0.044776
19 0.167133 0.620336 0.040559 0.055970
30 0.500699 0.616138 1.000000 0.480410
58 0.092657 0.681437 0.042657 0.056903
17 0.016783 0.507929 0.032168 0.051306
55 0.231469 0.679571 0.039161 0.056903
42 0.205594 0.562500 0.040559 0.052239
57 0.138462 0.680504 0.041958 0.056903
28 0.347552 0.614739 0.036364 0.048507
2 0.100699 0.506996 0.039161 0.053172
45 0.026573 0.622201 0.051748 0.057836
50 0.621678 0.730877 0.064336 0.051306
35 0.321678 0.674907 0.037762 0.051306
13 0.150000 0.741604 0.058042 0.059701
44 0.014685 0.683302 0.027972 0.056903
4 0.186364 0.506063 0.038462 0.053172
39 0.557692 0.554104 0.037063 0.046642
18 0.412587 0.673507 0.036364 0.052239
22 0.613986 0.581157 0.062937 0.104478
6 0.273776 0.504664 0.038462 0.054104
7 0.317133 0.503265 0.038462 0.051306
41 0.071678 0.564366 0.042657 0.054104
8 0.361189 0.504198 0.039860 0.053172
33 0.368182 0.674440 0.039860 0.054104
