23 0.295625 0.525833 0.028750 0.040000
57 0.237813 0.574583 0.029375 0.040833
4 0.271875 0.431250 0.028750 0.040833
43 0.221250 0.526667 0.030000 0.040000
37 0.515312 0.525833 0.029375 0.041667
13 0.220625 0.625833 0.041250 0.045000
0 0.487187 0.431667 0.030625 0.043333
17 0.125938 0.431250 0.031875 0.040833
42 0.288438 0.477500 0.029375 0.040000
38 0.505313 0.477917 0.029375 0.040833
22 0.612187 0.524167 0.075625 0.041667
29 0.442812 0.525417 0.029375 0.040833
41 0.178125 0.479583 0.031250 0.042500
15 0.349375 0.573333 0.030000 0.041667
40 0.497188 0.573750 0.029375 0.042500
7 0.380937 0.431667 0.028125 0.041667
54 0.541875 0.478333 0.030000 0.041667
55 0.312812 0.573750 0.029375 0.040833
35 0.386875 0.573333 0.028750 0.041667
58 0.200625 0.575000 0.030000 0.040000
18 0.460313 0.574167 0.029375 0.043333
30 0.525312 0.506667 0.918125 0.373333
32 0.628750 0.625000 0.053750 0.046667
27 0.433750 0.478333 0.027500 0.040000
36 0.469687 0.478333 0.029375 0.041667
34 0.534375 0.573750 0.028750 0.042500
14 0.483125 0.622917 0.040000 0.044167
11 0.560000 0.431667 0.028750 0.043333
5 0.308125 0.431250 0.030000 0.040833
1 0.162812 0.432083 0.029375 0.040833
31 0.478750 0.525833 0.028750 0.041667
33 0.424063 0.573750 0.029375 0.042500
9 0.452188 0.431667 0.029375 0.043333
20 0.614062 0.429583 0.064375 0.040833
28 0.405625 0.525417 0.027500 0.040833
39 0.577812 0.478333 0.030625 0.043333
56 0.215000 0.478333 0.028750 0.041667
47 0.352812 0.624583 0.209375 0.047500
16 0.275000 0.574583 0.030000 0.040833
48 0.523438 0.432083 0.030625 0.042500
59 0.362812 0.478333 0.028125 0.040000
52 0.132188 0.478333 0.046875 0.040000
19 0.258437 0.526250 0.029375 0.040833
44 0.139687 0.575000 0.078125 0.043333
46 0.604375 0.572500 0.093750 0.041667
49 0.120625 0.628333 0.053750 0.048333
25 0.370000 0.524167 0.027500 0.040000
6 0.344687 0.431667 0.029375 0.041667
12 0.552500 0.525000 0.028750 0.041667
3 0.235313 0.431667 0.030625 0.043333
8 0.416563 0.432083 0.029375 0.042500
53 0.397813 0.478750 0.028125 0.040833
45 0.132812 0.526667 0.056875 0.040000
51 0.325313 0.477917 0.028125 0.039167
2 0.199687 0.431250 0.030625 0.040833
24 0.332813 0.525417 0.028125 0.040833
26 0.624687 0.477500 0.048125 0.041667
10 0.184062 0.526250 0.029375 0.040833
21 0.251875 0.478333 0.028750 0.041667
