18 0.438750 0.553750 0.037500 0.037500
17 0.060000 0.433750 0.036667 0.034167
29 0.418750 0.512917 0.037500 0.037500
45 0.076250 0.513333 0.067500 0.036667
14 0.488333 0.593333 0.058333 0.038333
39 0.571667 0.471667 0.036667 0.036667
30 0.499167 0.488750 0.948333 0.300833
59 0.326667 0.472917 0.038333 0.037500
7 0.347083 0.432083 0.037500 0.035833
32 0.110833 0.553750 0.038333 0.037500
22 0.620833 0.491250 0.050000 0.079167
44 0.065000 0.553750 0.046667 0.035833
55 0.274583 0.553333 0.037500 0.036667
15 0.315833 0.553750 0.038333 0.037500
33 0.397500 0.553333 0.038333 0.036667
54 0.530417 0.472500 0.037500 0.038333
0 0.470000 0.432500 0.038333 0.036667
53 0.367500 0.472917 0.036667 0.037500
20 0.607917 0.431250 0.067500 0.037500
27 0.408333 0.472500 0.036667 0.036667
24 0.295000 0.513333 0.036667 0.036667
57 0.192500 0.553750 0.036667 0.035833
28 0.377083 0.512917 0.037500 0.037500
41 0.121250 0.473750 0.039167 0.037500
46 0.591250 0.552083 0.095833 0.037500
5 0.265000 0.433333 0.038333 0.036667
8 0.387917 0.432500 0.037500 0.036667
51 0.285000 0.472917 0.036667 0.037500
48 0.510000 0.432083 0.038333 0.035833
26 0.581667 0.512500 0.036667 0.036667
6 0.305833 0.433333 0.038333 0.036667
16 0.234167 0.554167 0.038333 0.036667
1 0.101667 0.433750 0.036667 0.035833
58 0.152083 0.554167 0.037500 0.036667
23 0.254167 0.513333 0.038333 0.036667
35 0.356667 0.553750 0.038333 0.037500
19 0.212917 0.513750 0.037500 0.037500
37 0.500000 0.512500 0.038333 0.038333
12 0.540833 0.512500 0.038333 0.038333
42 0.244583 0.473333 0.037500 0.036667
25 0.336250 0.513333 0.037500 0.036667
43 0.172500 0.513750 0.038333 0.037500
50 0.610833 0.592917 0.063333 0.037500
56 0.162083 0.472917 0.037500 0.037500
4 0.224583 0.433333 0.037500 0.036667
2 0.142500 0.432917 0.038333 0.035833
49 0.072917 0.594583 0.062500 0.037500
21 0.203333 0.472917 0.038333 0.037500
34 0.520417 0.552917 0.037500 0.035833
40 0.479583 0.553333 0.037500 0.036667
11 0.551667 0.431667 0.036667 0.036667
3 0.182917 0.433333 0.039167 0.036667
38 0.490000 0.472083 0.036667 0.037500
9 0.429167 0.432500 0.038333 0.036667
10 0.131250 0.513333 0.037500 0.036667
47 0.342083 0.594167 0.229167 0.040000
31 0.458750 0.512500 0.037500 0.038333
52 0.070417 0.473333 0.055833 0.036667
36 0.448750 0.472500 0.037500 0.038333
13 0.206667 0.593750 0.038333 0.037500
