19 0.454929 0.448529 0.100519 0.113322
8 0.673152 0.106401 0.083009 0.079585
4 0.395590 0.252595 0.086900 0.093426
49 0.214332 0.884516 0.167964 0.218858
45 0.154994 0.627163 0.172503 0.192042
24 0.605058 0.357266 0.099870 0.103806
15 0.685798 0.426471 0.107004 0.108997
51 0.545396 0.277682 0.090791 0.093426
52 0.110571 0.522491 0.144617 0.155709
42 0.472438 0.320069 0.091440 0.096886
37 0.930285 0.159602 0.086252 0.082180
54 0.924449 0.063581 0.081064 0.073529
3 0.317445 0.294118 0.087549 0.102076
10 0.282425 0.546713 0.092737 0.124567
38 0.868677 0.095156 0.081064 0.076125
47 0.745136 0.528547 0.460441 0.373702
56 0.311284 0.408304 0.089494 0.105536
2 0.236057 0.336938 0.084306 0.104671
36 0.810311 0.128028 0.087549 0.077855
14 0.962062 0.358997 0.077173 0.126298
33 0.824578 0.337370 0.095331 0.100346
39 0.973087 0.036332 0.055123 0.067474
27 0.748054 0.161765 0.083658 0.081315
34 0.983463 0.222751 0.034371 0.097751
21 0.395590 0.363322 0.093385 0.102076
57 0.455253 0.572664 0.098573 0.119377
5 0.468547 0.213668 0.087549 0.095156
25 0.675422 0.311419 0.094034 0.096886
30 0.500649 0.500865 1.000000 1.000000
18 0.888132 0.296280 0.091440 0.096021
40 0.949741 0.253893 0.086252 0.087370
44 0.213684 0.726644 0.222438 0.204152
0 0.795396 0.042388 0.078470 0.074394
1 0.150778 0.383218 0.082361 0.107266
58 0.368029 0.627595 0.090143 0.116782
55 0.612192 0.472318 0.102464 0.105536
31 0.871271 0.194204 0.086252 0.085640
59 0.615435 0.237024 0.090791 0.088235
9 0.736057 0.073962 0.080415 0.075260
12 0.972763 0.122837 0.055772 0.076125
53 0.683852 0.198962 0.088846 0.086505
29 0.809339 0.231834 0.088197 0.088235
41 0.228599 0.461505 0.101816 0.115052
17 0.058042 0.429931 0.092737 0.115917
13 0.468547 0.710640 0.129053 0.170415
35 0.756161 0.379325 0.103761 0.102941
7 0.608625 0.141003 0.084955 0.084775
43 0.370623 0.496972 0.099222 0.118512
16 0.537613 0.523789 0.108949 0.118512
48 0.854410 0.026817 0.068093 0.051903
23 0.531128 0.398356 0.097276 0.104671
28 0.745785 0.270761 0.090791 0.091696
6 0.539883 0.177768 0.090143 0.089100
