23 0.279070 0.583333 0.033430 0.046512
57 0.211846 0.640019 0.034157 0.047481
4 0.251453 0.473353 0.033430 0.047481
43 0.192587 0.584302 0.034884 0.046512
37 0.534520 0.583333 0.034157 0.048450
13 0.191860 0.699612 0.047965 0.052326
0 0.501817 0.473837 0.035610 0.050388
17 0.081759 0.473353 0.037064 0.047481
42 0.270712 0.527132 0.034157 0.046512
38 0.522892 0.527616 0.034157 0.047481
22 0.647166 0.581395 0.087936 0.048450
29 0.450218 0.582849 0.034157 0.047481
41 0.142442 0.529554 0.036337 0.049419
15 0.341570 0.638566 0.034884 0.048450
40 0.513445 0.639050 0.034157 0.049419
7 0.378270 0.473837 0.032703 0.048450
54 0.565407 0.528101 0.034884 0.048450
55 0.299055 0.639050 0.034157 0.047481
35 0.385174 0.638566 0.033430 0.048450
58 0.168605 0.640504 0.034884 0.046512
18 0.470567 0.639535 0.034157 0.050388
30 0.506541 0.561047 0.988372 0.434109
32 0.666424 0.698643 0.062500 0.054264
27 0.439680 0.528101 0.031977 0.046512
36 0.481468 0.528101 0.034157 0.048450
34 0.556686 0.639050 0.033430 0.049419
14 0.497093 0.696221 0.046512 0.051357
11 0.586483 0.473837 0.033430 0.050388
5 0.293605 0.473353 0.034884 0.047481
1 0.124637 0.474322 0.034157 0.047481
31 0.492006 0.583333 0.033430 0.048450
33 0.428416 0.639050 0.034157 0.049419
9 0.461119 0.473837 0.034157 0.050388
20 0.649346 0.471415 0.074855 0.047481
28 0.406977 0.582849 0.031977 0.047481
39 0.607195 0.528101 0.035610 0.050388
56 0.185320 0.528101 0.033430 0.048450
47 0.345567 0.698159 0.243459 0.055233
16 0.255087 0.640019 0.034884 0.047481
48 0.543968 0.474322 0.035610 0.049419
59 0.357195 0.528101 0.032703 0.046512
52 0.089026 0.528101 0.054506 0.046512
19 0.235828 0.583818 0.034157 0.047481
44 0.097747 0.640504 0.090843 0.050388
46 0.638081 0.637597 0.109012 0.048450
49 0.075581 0.702519 0.062500 0.056202
25 0.365552 0.581395 0.031977 0.046512
6 0.336119 0.473837 0.034157 0.048450
12 0.577762 0.582364 0.033430 0.048450
3 0.208939 0.473837 0.035610 0.050388
8 0.419695 0.474322 0.034157 0.049419
53 0.397892 0.528585 0.032703 0.047481
45 0.089753 0.584302 0.066134 0.046512
51 0.313590 0.527616 0.032703 0.045543
2 0.167515 0.473353 0.035610 0.047481
24 0.322311 0.582849 0.032703 0.047481
26 0.661701 0.527132 0.055959 0.048450
10 0.149346 0.583818 0.034157 0.047481
21 0.228198 0.528101 0.033430 0.048450
