57 0.191300 0.767747 0.038784 0.057099
16 0.232704 0.771605 0.037736 0.055556
14 0.490566 0.854938 0.058700 0.058642
17 0.072851 0.577932 0.034591 0.050926
12 0.548218 0.734568 0.037736 0.055556
37 0.506289 0.731481 0.037736 0.055556
52 0.078092 0.636574 0.055556 0.054012
6 0.317610 0.596451 0.037736 0.054012
9 0.440776 0.605710 0.036688 0.054012
11 0.562369 0.615741 0.036688 0.052469
25 0.341195 0.718364 0.038784 0.054012
15 0.316038 0.777778 0.038784 0.055556
33 0.399895 0.784722 0.038784 0.057099
4 0.234801 0.589506 0.037736 0.052469
55 0.274109 0.774691 0.036688 0.055556
54 0.539832 0.674383 0.037736 0.055556
56 0.169287 0.643519 0.036688 0.055556
48 0.522013 0.611883 0.035639 0.050926
49 0.057128 0.820216 0.074423 0.057099
47 0.339623 0.841821 0.232704 0.066358
50 0.616352 0.865741 0.067086 0.058642
29 0.424528 0.724537 0.037736 0.054012
28 0.382600 0.721451 0.037736 0.057099
59 0.335430 0.656636 0.037736 0.054012
43 0.174004 0.705247 0.037736 0.055556
18 0.441300 0.787809 0.037736 0.057099
32 0.106918 0.760802 0.039832 0.055556
53 0.376310 0.661265 0.037736 0.054012
13 0.200210 0.831019 0.039832 0.057099
8 0.399895 0.603395 0.036688 0.052469
36 0.457547 0.666667 0.036688 0.055556
3 0.194444 0.586420 0.036688 0.052469
39 0.581237 0.676698 0.036688 0.054012
44 0.060797 0.757716 0.048218 0.052469
42 0.251572 0.651235 0.037736 0.052469
27 0.417715 0.662809 0.036688 0.054012
24 0.299266 0.715278 0.036688 0.054012
2 0.153564 0.583333 0.036688 0.052469
7 0.359539 0.599537 0.037736 0.054012
19 0.214885 0.709105 0.037736 0.054012
23 0.257862 0.712963 0.037736 0.055556
34 0.525157 0.793981 0.037736 0.057099
31 0.464885 0.727623 0.036688 0.057099
51 0.292977 0.653549 0.038784 0.054012
40 0.483229 0.791667 0.037736 0.055556
10 0.133648 0.702160 0.036688 0.055556
21 0.210168 0.646605 0.038784 0.055556
35 0.357966 0.781636 0.038784 0.057099
0 0.481656 0.609568 0.036688 0.052469
38 0.499476 0.670525 0.036688 0.054012
5 0.276730 0.593364 0.037736 0.050926
58 0.149371 0.763889 0.036688 0.055556
46 0.598008 0.799383 0.099581 0.058642
26 0.589099 0.737654 0.037736 0.055556
41 0.128407 0.640432 0.038784 0.055556
45 0.077568 0.698302 0.064990 0.054012
30 0.503669 0.700617 0.994759 0.524691
1 0.113732 0.581019 0.036688 0.054012
22 0.626834 0.709877 0.046122 0.117284
20 0.618973 0.619599 0.066038 0.054012
