30 0.497083 0.513514 0.905833 0.744283
37 0.488333 0.554054 0.030000 0.076923
59 0.332500 0.460499 0.028333 0.076923
27 0.405417 0.461538 0.029167 0.074844
21 0.221250 0.460499 0.029167 0.076923
39 0.552500 0.461538 0.030000 0.079002
24 0.304167 0.553015 0.030000 0.074844
10 0.155417 0.551975 0.029167 0.076923
44 0.112917 0.645530 0.077500 0.081081
25 0.340833 0.551975 0.028333 0.076923
36 0.441667 0.462578 0.030000 0.076923
47 0.327500 0.738046 0.206667 0.079002
46 0.577500 0.645530 0.093333 0.076923
32 0.600000 0.742204 0.053333 0.087318
49 0.097083 0.739085 0.050833 0.081081
17 0.090000 0.366944 0.030000 0.076923
0 0.460833 0.371102 0.030000 0.081081
58 0.174167 0.644491 0.028333 0.079002
29 0.415000 0.551975 0.030000 0.076923
12 0.525833 0.554054 0.028333 0.076923
6 0.314167 0.370062 0.030000 0.079002
22 0.585833 0.555094 0.076667 0.079002
40 0.470417 0.645530 0.029167 0.076923
51 0.295417 0.460499 0.029167 0.076923
45 0.104167 0.551975 0.058333 0.076923
1 0.128750 0.367983 0.029167 0.074844
2 0.165833 0.369023 0.030000 0.076923
42 0.258333 0.460499 0.030000 0.076923
56 0.184583 0.460499 0.029167 0.076923
31 0.452083 0.553015 0.029167 0.074844
48 0.497083 0.371102 0.029167 0.081081
9 0.423750 0.370062 0.030833 0.083160
52 0.099167 0.459459 0.048333 0.079002
18 0.432500 0.645530 0.030000 0.076923
20 0.590000 0.370062 0.066667 0.079002
53 0.368750 0.461538 0.029167 0.079002
28 0.377500 0.551975 0.030000 0.076923
11 0.533750 0.370062 0.029167 0.079002
4 0.240417 0.369023 0.029167 0.076923
43 0.192917 0.551975 0.030833 0.076923
13 0.196667 0.738046 0.040000 0.079002
41 0.147083 0.460499 0.030833 0.081081
38 0.478750 0.460499 0.029167 0.076923
3 0.203333 0.369023 0.030000 0.076923
34 0.507083 0.644491 0.029167 0.074844
16 0.248750 0.645530 0.030833 0.076923
19 0.230000 0.553015 0.030000 0.079002
35 0.359167 0.644491 0.030000 0.079002
33 0.396250 0.644491 0.030833 0.079002
15 0.322083 0.643451 0.030833 0.076923
23 0.267083 0.551975 0.029167 0.076923
26 0.600000 0.464657 0.046667 0.076923
14 0.455833 0.737006 0.040000 0.076923
55 0.285417 0.643451 0.029167 0.076923
57 0.211250 0.645530 0.029167 0.076923
8 0.387500 0.371102 0.030000 0.081081
54 0.515833 0.461538 0.030000 0.079002
5 0.277083 0.369023 0.030833 0.076923
7 0.350833 0.370062 0.030000 0.079002
