32 0.597812 0.681250 0.059375 0.050833
48 0.490938 0.478750 0.033125 0.042500
4 0.229687 0.474583 0.031875 0.042500
59 0.321562 0.524583 0.031875 0.042500
31 0.443125 0.574167 0.031250 0.043333
43 0.173750 0.572917 0.033750 0.044167
54 0.509687 0.526667 0.031875 0.043333
11 0.527500 0.477917 0.031250 0.040833
34 0.500000 0.626667 0.032500 0.043333
35 0.345313 0.625833 0.033125 0.043333
27 0.397500 0.525417 0.031250 0.042500
19 0.212188 0.573333 0.031875 0.043333
7 0.343438 0.476250 0.033125 0.042500
26 0.594063 0.528333 0.051875 0.043333
40 0.462187 0.626667 0.033125 0.043333
16 0.228125 0.624583 0.035000 0.044167
14 0.445625 0.678333 0.045000 0.046667
36 0.434688 0.525833 0.031875 0.041667
39 0.546562 0.526250 0.033125 0.044167
8 0.380000 0.477917 0.033750 0.044167
18 0.422500 0.626667 0.032500 0.045000
5 0.266875 0.475417 0.032500 0.044167
42 0.245312 0.523750 0.033125 0.042500
45 0.081250 0.572083 0.063750 0.044167
28 0.366563 0.573750 0.031875 0.044167
20 0.583438 0.478333 0.069375 0.041667
29 0.405938 0.574583 0.031875 0.044167
47 0.307812 0.677917 0.223125 0.050833
33 0.384375 0.626667 0.035000 0.046667
57 0.189062 0.623750 0.033125 0.044167
25 0.328750 0.573750 0.032500 0.044167
53 0.359375 0.525000 0.032500 0.041667
44 0.087188 0.623750 0.086875 0.047500
3 0.192500 0.475417 0.035000 0.045833
24 0.289062 0.573333 0.031875 0.043333
58 0.150312 0.624167 0.036875 0.045000
56 0.169063 0.522917 0.033125 0.042500
21 0.208437 0.524167 0.035625 0.045000
6 0.305625 0.476667 0.035000 0.043333
30 0.484687 0.564583 0.964375 0.395833
46 0.572500 0.626250 0.100000 0.045833
15 0.306250 0.625833 0.035000 0.045000
23 0.250937 0.573333 0.031875 0.043333
52 0.082812 0.522500 0.053125 0.043333
37 0.480938 0.575000 0.033125 0.045000
55 0.268125 0.625000 0.035000 0.045000
38 0.471875 0.525833 0.032500 0.041667
2 0.156250 0.475417 0.036250 0.044167
41 0.132188 0.525000 0.039375 0.046667
10 0.134687 0.572500 0.031875 0.043333
9 0.416875 0.477500 0.032500 0.043333
17 0.077813 0.473750 0.033125 0.040833
1 0.116875 0.474583 0.033750 0.042500
12 0.519375 0.576250 0.032500 0.044167
22 0.581250 0.575417 0.080000 0.044167
49 0.063750 0.676250 0.057500 0.047500
0 0.454062 0.478333 0.033125 0.043333
51 0.283438 0.524167 0.031875 0.041667
13 0.170000 0.677083 0.048750 0.047500
