54 0.698177 0.404028 0.042188 0.063981
31 0.621875 0.471169 0.041667 0.063981
32 0.244792 0.539494 0.041667 0.064771
43 0.311719 0.472749 0.042188 0.063981
57 0.334375 0.539494 0.041667 0.063191
28 0.533333 0.471169 0.040625 0.063981
47 0.475260 0.607425 0.239063 0.064771
39 0.742188 0.404028 0.041667 0.063981
44 0.198698 0.540284 0.046354 0.061611
0 0.630469 0.337678 0.042188 0.063981
17 0.192969 0.338468 0.032813 0.062401
38 0.653906 0.404423 0.041146 0.063191
6 0.453385 0.338073 0.041146 0.063191
51 0.432031 0.404028 0.041146 0.062401
46 0.766667 0.537520 0.108333 0.063981
9 0.585677 0.338073 0.042188 0.063191
27 0.565365 0.404028 0.041146 0.063981
2 0.276562 0.338468 0.041667 0.062401
1 0.232292 0.338073 0.041667 0.063191
21 0.344010 0.405608 0.042188 0.063981
37 0.666667 0.471564 0.042708 0.064771
13 0.333594 0.608215 0.042188 0.063191
11 0.719531 0.336888 0.041146 0.062401
10 0.267188 0.472749 0.041667 0.062401
35 0.511198 0.539494 0.043229 0.064771
8 0.541667 0.338468 0.041667 0.063981
20 0.782031 0.337678 0.077604 0.063981
14 0.618490 0.607425 0.042188 0.064771
40 0.643750 0.537915 0.041667 0.061611
4 0.365104 0.338073 0.040625 0.063191
23 0.400521 0.471959 0.041667 0.063981
50 0.664844 0.606240 0.047396 0.065561
24 0.444792 0.471959 0.041667 0.063981
7 0.497396 0.338468 0.040625 0.062401
3 0.320573 0.338468 0.042188 0.063981
42 0.388281 0.406003 0.042188 0.063191
45 0.210156 0.471959 0.068229 0.062401
49 0.198698 0.607425 0.047396 0.064771
15 0.466667 0.539494 0.042708 0.063191
52 0.203646 0.405213 0.056250 0.063191
34 0.688021 0.537915 0.041667 0.061611
58 0.289583 0.539889 0.041667 0.063981
41 0.255469 0.405608 0.043229 0.063981
16 0.378125 0.539100 0.042708 0.063981
55 0.422656 0.539494 0.042188 0.063191
29 0.577865 0.471959 0.042188 0.063981
56 0.299740 0.405608 0.042188 0.063981
48 0.674740 0.338073 0.042188 0.063191
12 0.711198 0.471169 0.042188 0.063981
36 0.609635 0.404818 0.042188 0.063981
5 0.409115 0.338468 0.041146 0.062401
22 0.793750 0.437994 0.055208 0.131912
33 0.555208 0.539494 0.042708 0.064771
18 0.599740 0.538310 0.041146 0.063981
25 0.489063 0.471564 0.041667 0.063191
19 0.355990 0.472749 0.042188 0.063981
26 0.755208 0.470774 0.041667 0.064771
30 0.500000 0.456951 0.665625 0.406793
59 0.477083 0.404818 0.041667 0.063981
53 0.520833 0.404818 0.041667 0.063981
