12 0.800938 0.367621 0.054960 0.073345
56 0.262735 0.291145 0.054960 0.074240
54 0.783847 0.289803 0.055630 0.073345
41 0.204424 0.291592 0.057641 0.073345
20 0.894437 0.211538 0.101206 0.072451
48 0.753016 0.212880 0.055630 0.073345
46 0.874330 0.443202 0.144102 0.074240
34 0.769772 0.443649 0.055630 0.071556
25 0.510724 0.368515 0.053619 0.073345
42 0.380027 0.291592 0.054960 0.073345
58 0.249665 0.444991 0.055630 0.072451
10 0.220174 0.368068 0.055630 0.072451
14 0.678954 0.522361 0.054960 0.073345
30 0.526810 0.345259 0.888740 0.461538
49 0.129021 0.523256 0.062332 0.075134
6 0.464142 0.214222 0.054290 0.074240
4 0.348190 0.213775 0.054290 0.073345
1 0.174263 0.213327 0.054960 0.072451
23 0.395777 0.368515 0.054290 0.073345
26 0.858914 0.365832 0.054290 0.073345
32 0.190013 0.444991 0.055630 0.072451
44 0.128686 0.445438 0.058981 0.071556
53 0.551609 0.291592 0.054960 0.073345
7 0.522118 0.214669 0.054960 0.073345
36 0.667225 0.290698 0.055630 0.073345
21 0.321381 0.292039 0.055630 0.074240
29 0.625670 0.368068 0.055630 0.072451
39 0.842158 0.288909 0.054290 0.073345
5 0.406166 0.214222 0.054960 0.074240
47 0.492962 0.522361 0.310322 0.073345
45 0.144102 0.367621 0.088472 0.073345
11 0.811662 0.211986 0.053619 0.071556
13 0.307641 0.523256 0.054960 0.073345
24 0.452748 0.368962 0.054290 0.074240
16 0.366957 0.445886 0.055630 0.074240
3 0.290214 0.213775 0.054960 0.073345
57 0.308981 0.445886 0.054960 0.072451
18 0.653820 0.444097 0.054290 0.072451
38 0.725536 0.290250 0.054290 0.072451
52 0.136394 0.290698 0.071716 0.073345
43 0.278485 0.368515 0.055630 0.073345
33 0.596180 0.445438 0.055630 0.073345
28 0.568365 0.368068 0.053619 0.072451
40 0.711796 0.443649 0.054960 0.071556
17 0.122654 0.213775 0.042895 0.071556
15 0.481903 0.445438 0.054960 0.071556
9 0.636729 0.213327 0.054960 0.074240
37 0.741622 0.367621 0.055630 0.073345
0 0.694705 0.213327 0.054290 0.074240
50 0.739946 0.521914 0.061662 0.072451
27 0.609584 0.290698 0.054290 0.071556
31 0.683646 0.367174 0.054960 0.072451
51 0.436662 0.291145 0.054290 0.072451
22 0.909853 0.327818 0.073056 0.151163
19 0.337131 0.368962 0.054960 0.074240
8 0.579088 0.214222 0.053619 0.074240
35 0.538874 0.444991 0.054960 0.072451
55 0.424598 0.445438 0.055630 0.073345
2 0.232574 0.213327 0.054960 0.072451
59 0.494303 0.291592 0.054290 0.073345
