1 0.079687 0.235000 0.049375 0.066667
7 0.393750 0.237917 0.048750 0.067500
52 0.047500 0.305000 0.061250 0.065000
5 0.288750 0.236250 0.048750 0.065833
55 0.304375 0.444583 0.050000 0.065833
44 0.041875 0.444167 0.048750 0.065000
8 0.444688 0.237917 0.048125 0.067500
49 0.042188 0.513333 0.050625 0.066667
30 0.483125 0.355833 0.956250 0.415000
16 0.251563 0.444167 0.050625 0.066667
17 0.034063 0.236250 0.036875 0.065833
32 0.094375 0.444167 0.050000 0.068333
6 0.341250 0.236667 0.048750 0.066667
3 0.184062 0.235833 0.049375 0.068333
24 0.329062 0.375417 0.049375 0.065833
39 0.677813 0.305833 0.048125 0.066667
38 0.574688 0.306667 0.048125 0.066667
14 0.526250 0.513333 0.048750 0.065000
15 0.355625 0.445000 0.050000 0.065000
20 0.719375 0.237083 0.077500 0.065833
18 0.509687 0.444167 0.048125 0.065000
29 0.484687 0.375833 0.048125 0.066667
19 0.225000 0.375000 0.050000 0.066667
2 0.132812 0.235417 0.049375 0.067500
48 0.600000 0.237917 0.048750 0.067500
45 0.054062 0.374167 0.074375 0.065000
34 0.612187 0.444167 0.049375 0.063333
33 0.458437 0.444583 0.049375 0.065833
43 0.172500 0.374583 0.050000 0.065833
12 0.639375 0.375417 0.048750 0.065833
31 0.535625 0.375833 0.047500 0.065000
27 0.471562 0.305833 0.048125 0.065000
57 0.199687 0.444583 0.049375 0.065833
40 0.561250 0.443750 0.048750 0.064167
4 0.237500 0.236250 0.048750 0.065833
56 0.158750 0.304583 0.050000 0.067500
9 0.496875 0.237917 0.048750 0.067500
23 0.276875 0.374167 0.048750 0.065000
58 0.146563 0.443750 0.050625 0.067500
47 0.362812 0.514167 0.271875 0.063333
35 0.407500 0.444583 0.050000 0.065833
22 0.731563 0.339167 0.051875 0.136667
28 0.432812 0.375417 0.048125 0.065833
42 0.263750 0.305417 0.050000 0.065833
26 0.690625 0.375000 0.048750 0.065000
46 0.698438 0.443750 0.116875 0.065833
36 0.523438 0.306667 0.049375 0.066667
41 0.106563 0.305417 0.051875 0.067500
0 0.548750 0.237917 0.048750 0.067500
54 0.625938 0.306667 0.049375 0.066667
37 0.587500 0.375833 0.048750 0.065000
10 0.120313 0.374167 0.049375 0.066667
11 0.652188 0.236250 0.048125 0.065833
21 0.211250 0.305417 0.050000 0.067500
25 0.381250 0.375000 0.048750 0.066667
51 0.315937 0.305000 0.048125 0.065000
13 0.199687 0.514167 0.050625 0.065000
53 0.420000 0.306667 0.048750 0.066667
59 0.367812 0.306250 0.049375 0.065833
50 0.577500 0.512917 0.048750 0.064167
