52 0.142962 0.252930 0.074780 0.076172
26 0.882698 0.340820 0.055718 0.072266
0 0.717742 0.182617 0.054252 0.076172
2 0.241935 0.175781 0.055718 0.074219
35 0.557185 0.417969 0.055718 0.074219
29 0.646628 0.339844 0.055718 0.074219
8 0.598974 0.181641 0.054252 0.074219
24 0.469208 0.337891 0.055718 0.074219
34 0.793255 0.418945 0.055718 0.072266
20 0.920821 0.183594 0.102639 0.074219
12 0.824047 0.341797 0.055718 0.074219
39 0.866569 0.261719 0.055718 0.074219
37 0.763930 0.341797 0.055718 0.074219
38 0.748534 0.261719 0.054252 0.074219
11 0.836510 0.183594 0.054252 0.074219
14 0.699413 0.498047 0.055718 0.074219
56 0.274194 0.254883 0.055718 0.076172
46 0.898094 0.418945 0.145161 0.076172
42 0.393695 0.258789 0.054252 0.076172
21 0.334311 0.257812 0.055718 0.074219
7 0.540323 0.181641 0.054252 0.074219
3 0.302053 0.177734 0.055718 0.074219
25 0.528592 0.337891 0.054252 0.074219
44 0.134164 0.413086 0.063050 0.076172
59 0.513196 0.259766 0.055718 0.074219
58 0.259531 0.414062 0.055718 0.074219
15 0.498534 0.417969 0.055718 0.074219
30 0.543255 0.316406 0.904692 0.476562
36 0.689150 0.261719 0.055718 0.074219
50 0.761730 0.498047 0.063050 0.074219
16 0.379765 0.416016 0.055718 0.074219
41 0.214076 0.254883 0.058651 0.076172
33 0.616569 0.418945 0.057185 0.076172
31 0.706012 0.339844 0.054252 0.074219
18 0.674487 0.417969 0.055718 0.074219
6 0.480938 0.179688 0.055718 0.074219
17 0.127566 0.173828 0.043988 0.074219
10 0.229472 0.333984 0.057185 0.074219
55 0.439883 0.416016 0.055718 0.074219
32 0.198680 0.413086 0.057185 0.076172
1 0.181085 0.173828 0.054252 0.074219
27 0.630499 0.260742 0.055718 0.072266
9 0.657625 0.181641 0.054252 0.074219
40 0.734604 0.418945 0.055718 0.072266
5 0.420821 0.179688 0.055718 0.074219
28 0.587243 0.339844 0.054252 0.074219
22 0.934751 0.301758 0.074780 0.154297
49 0.133431 0.492188 0.067449 0.078125
48 0.776393 0.183594 0.054252 0.074219
47 0.509531 0.495117 0.318182 0.076172
51 0.452346 0.258789 0.054252 0.076172
23 0.409824 0.335938 0.054252 0.074219
13 0.318915 0.495117 0.057185 0.072266
45 0.150293 0.332031 0.092375 0.074219
54 0.807918 0.261719 0.055718 0.074219
43 0.290323 0.335938 0.055718 0.074219
19 0.350440 0.336914 0.055718 0.076172
4 0.361437 0.177734 0.054252 0.074219
53 0.571848 0.260742 0.055718 0.076172
57 0.321114 0.414062 0.055718 0.074219
