33 0.549074 0.369136 0.057407 0.061728
29 0.553704 0.303704 0.055556 0.059259
35 0.500926 0.386420 0.057407 0.061728
42 0.333333 0.322222 0.055556 0.061728
41 0.180556 0.375309 0.057407 0.064198
1 0.139815 0.327160 0.053704 0.061728
22 0.753704 0.203704 0.081481 0.101235
4 0.291667 0.274074 0.053704 0.059259
43 0.260185 0.411111 0.057407 0.066667
8 0.482407 0.211111 0.053704 0.056790
10 0.208333 0.428395 0.057407 0.066667
39 0.695370 0.197531 0.053704 0.054321
51 0.381481 0.303704 0.055556 0.059259
48 0.613889 0.169136 0.053704 0.051852
5 0.339815 0.258025 0.053704 0.056790
14 0.634259 0.401235 0.057407 0.061728
15 0.452778 0.404938 0.057407 0.064198
3 0.242593 0.291358 0.055556 0.059259
27 0.523148 0.255556 0.053704 0.056790
21 0.282407 0.339506 0.057407 0.061728
50 0.681481 0.381481 0.062963 0.061728
45 0.137963 0.454321 0.087037 0.079012
53 0.477778 0.271605 0.055556 0.059259
31 0.599074 0.288889 0.053704 0.059259
13 0.315741 0.522222 0.061111 0.071605
23 0.362037 0.372840 0.057407 0.064198
18 0.594444 0.350617 0.055556 0.059259
20 0.713889 0.138272 0.083333 0.059259
44 0.138889 0.522222 0.062963 0.071605
19 0.312037 0.391358 0.057407 0.066667
52 0.118519 0.400000 0.074074 0.074074
24 0.412037 0.355556 0.057407 0.064198
59 0.429630 0.288889 0.055556 0.059259
7 0.436111 0.225926 0.053704 0.056790
26 0.728704 0.243210 0.053704 0.056790
2 0.190741 0.309877 0.055556 0.061728
49 0.151852 0.587654 0.066667 0.079012
30 0.450000 0.356790 0.796296 0.590123
6 0.387963 0.241975 0.053704 0.059259
57 0.300926 0.460494 0.057407 0.066667
0 0.570370 0.182716 0.051852 0.054321
25 0.460185 0.337037 0.057407 0.061728
12 0.687037 0.258025 0.055556 0.056790
28 0.507407 0.320988 0.055556 0.059259
17 0.093519 0.343210 0.042593 0.059259
9 0.526852 0.196296 0.053704 0.056790
55 0.403704 0.422222 0.059259 0.064198
11 0.656481 0.154321 0.050000 0.051852
40 0.640741 0.334568 0.055556 0.056790
58 0.249074 0.481481 0.057407 0.069136
32 0.193519 0.502469 0.057407 0.071605
38 0.612037 0.225926 0.053704 0.051852
46 0.758333 0.292593 0.116667 0.081481
47 0.479630 0.466667 0.270370 0.158025
36 0.569444 0.240741 0.053704 0.056790
16 0.353704 0.441975 0.059259 0.069136
37 0.643519 0.272840 0.053704 0.056790
54 0.656481 0.212346 0.053704 0.054321
34 0.684259 0.318519 0.057407 0.054321
56 0.231481 0.356790 0.055556 0.061728
