21 0.337891 0.184896 0.041992 0.045573
19 0.348877 0.236003 0.042480 0.047526
20 0.764893 0.130859 0.074707 0.044271
38 0.645020 0.181315 0.040039 0.044922
49 0.176270 0.343750 0.052734 0.053385
15 0.461670 0.286133 0.043457 0.048828
54 0.689209 0.180664 0.042480 0.046224
9 0.575928 0.134440 0.039551 0.044922
6 0.446777 0.136068 0.039062 0.044271
56 0.293945 0.185221 0.041992 0.046224
12 0.706787 0.229818 0.042480 0.048177
48 0.661133 0.132812 0.041016 0.045573
41 0.249756 0.186198 0.043457 0.046875
57 0.324463 0.288737 0.043457 0.048828
17 0.190430 0.137695 0.033203 0.042318
24 0.438721 0.234375 0.041504 0.046875
32 0.230469 0.287760 0.044922 0.049479
14 0.619629 0.337891 0.044922 0.052083
2 0.272949 0.136719 0.041016 0.044271
33 0.552490 0.285156 0.044434 0.049479
31 0.616699 0.231445 0.041992 0.047526
36 0.601562 0.181641 0.041016 0.045573
47 0.470703 0.340820 0.249023 0.052734
44 0.181152 0.289062 0.047852 0.048177
5 0.404053 0.137044 0.039551 0.043620
52 0.197021 0.185872 0.057129 0.046224
45 0.198242 0.236003 0.070312 0.047526
53 0.514160 0.183594 0.041016 0.046875
13 0.321777 0.343424 0.044922 0.051432
50 0.668457 0.336914 0.049805 0.051432
1 0.229004 0.137695 0.041016 0.043620
22 0.786133 0.202799 0.063477 0.095703
26 0.750732 0.228516 0.043457 0.049479
42 0.382324 0.185221 0.041016 0.044922
39 0.732178 0.179036 0.041504 0.046875
29 0.572510 0.232747 0.041504 0.047526
37 0.661621 0.231120 0.042969 0.048177
3 0.316895 0.136719 0.041016 0.044271
11 0.705322 0.130859 0.039551 0.044271
4 0.361084 0.136719 0.039551 0.044271
28 0.527832 0.234049 0.041016 0.047526
55 0.416016 0.287109 0.042969 0.049479
16 0.370117 0.287109 0.042969 0.049479
30 0.493652 0.230469 0.713867 0.308594
46 0.767090 0.279948 0.113281 0.049479
43 0.303711 0.236654 0.042969 0.047526
7 0.489990 0.135417 0.040527 0.044271
23 0.394043 0.235026 0.041016 0.046875
34 0.687744 0.282878 0.043457 0.048828
18 0.597412 0.283854 0.042480 0.049479
10 0.258301 0.236328 0.042969 0.046875
58 0.278076 0.288737 0.043457 0.048828
40 0.642578 0.282552 0.042969 0.048177
25 0.482910 0.233724 0.041016 0.046875
27 0.558594 0.182292 0.040039 0.044271
0 0.618408 0.134115 0.040527 0.044271
51 0.427002 0.184245 0.040527 0.045573
8 0.532715 0.135742 0.040039 0.044922
59 0.470459 0.183919 0.040527 0.046224
35 0.506836 0.285807 0.042969 0.049479
