22 0.829009 0.405738 0.060142 0.129508
48 0.700767 0.307377 0.044222 0.060656
10 0.267099 0.436885 0.043632 0.060656
18 0.618809 0.503689 0.044222 0.061475
34 0.714033 0.504098 0.045991 0.060656
20 0.816627 0.306557 0.083726 0.062295
46 0.798939 0.504098 0.117925 0.062295
15 0.477594 0.503279 0.044811 0.060656
17 0.189564 0.306557 0.034788 0.059016
9 0.606132 0.307377 0.043632 0.060656
12 0.739092 0.438525 0.045401 0.062295
1 0.231427 0.306967 0.043042 0.059836
37 0.691333 0.438525 0.045401 0.062295
51 0.441922 0.372131 0.043042 0.060656
28 0.549233 0.437295 0.044222 0.061475
0 0.653597 0.307787 0.044222 0.061475
5 0.417453 0.307377 0.043632 0.060656
3 0.323998 0.306557 0.044222 0.060656
47 0.487028 0.568443 0.253538 0.061475
27 0.583726 0.372131 0.044811 0.060656
14 0.638856 0.569672 0.045401 0.060656
35 0.525059 0.503689 0.045401 0.061475
44 0.193986 0.501230 0.049528 0.059836
30 0.517394 0.422131 0.719929 0.390164
57 0.337264 0.501639 0.044811 0.060656
56 0.301592 0.371311 0.044222 0.060656
23 0.408019 0.436885 0.043632 0.060656
52 0.200472 0.371311 0.058962 0.062295
36 0.630601 0.372541 0.045401 0.061475
24 0.454304 0.438115 0.044222 0.061475
59 0.489092 0.372131 0.044222 0.060656
2 0.278007 0.306967 0.043042 0.059836
53 0.536262 0.372541 0.045401 0.061475
7 0.512087 0.307377 0.043042 0.060656
25 0.501474 0.437705 0.044222 0.060656
8 0.558667 0.307787 0.043042 0.061475
21 0.348467 0.372131 0.043632 0.060656
33 0.571934 0.503689 0.045991 0.061475
39 0.773290 0.372541 0.044222 0.061475
32 0.242630 0.500410 0.044222 0.061475
31 0.643573 0.438115 0.044222 0.061475
38 0.678361 0.372541 0.044222 0.061475
4 0.371167 0.306967 0.043042 0.059836
6 0.464917 0.307377 0.043042 0.060656
40 0.666863 0.503279 0.044811 0.060656
42 0.395342 0.372541 0.044222 0.059836
13 0.335790 0.567623 0.044222 0.061475
55 0.431014 0.502869 0.044811 0.061475
11 0.749116 0.306557 0.044222 0.060656
41 0.255012 0.371721 0.045401 0.061475
16 0.383844 0.502459 0.044811 0.062295
29 0.596698 0.437705 0.044811 0.062295
26 0.786851 0.438115 0.045401 0.061475
43 0.313679 0.436885 0.043632 0.060656
19 0.360849 0.437705 0.044811 0.060656
49 0.192512 0.566393 0.050118 0.062295
50 0.688679 0.569672 0.050708 0.062295
58 0.290094 0.501639 0.044811 0.060656
45 0.206073 0.436066 0.071344 0.060656
54 0.725825 0.372951 0.044811 0.060656
