54 0.678955 0.416358 0.039551 0.059956
31 0.607422 0.479275 0.039062 0.059956
32 0.253906 0.543301 0.039062 0.060696
43 0.316650 0.480755 0.039551 0.059956
57 0.337891 0.543301 0.039062 0.059215
28 0.524414 0.479275 0.038086 0.059956
47 0.469971 0.606958 0.224121 0.060696
39 0.720215 0.416358 0.039062 0.059956
44 0.210693 0.544041 0.043457 0.057735
0 0.615479 0.354182 0.039551 0.059956
17 0.205322 0.354922 0.030762 0.058475
38 0.637451 0.416728 0.038574 0.059215
6 0.449463 0.354552 0.038574 0.059215
51 0.429443 0.416358 0.038574 0.058475
46 0.743164 0.541451 0.101562 0.059956
9 0.573486 0.354552 0.039551 0.059215
27 0.554443 0.416358 0.038574 0.059956
2 0.283691 0.354922 0.039062 0.058475
1 0.242188 0.354552 0.039062 0.059215
21 0.346924 0.417839 0.039551 0.059956
37 0.649414 0.479645 0.040039 0.060696
13 0.337158 0.607698 0.039551 0.059215
11 0.698975 0.353442 0.038574 0.058475
10 0.274902 0.480755 0.039062 0.058475
35 0.503662 0.543301 0.040527 0.060696
8 0.532227 0.354922 0.039062 0.059956
20 0.757568 0.354182 0.072754 0.059956
14 0.604248 0.606958 0.039551 0.060696
40 0.627930 0.541821 0.039062 0.057735
4 0.366699 0.354552 0.038086 0.059215
23 0.399902 0.480015 0.039062 0.059956
50 0.647705 0.605848 0.044434 0.061436
24 0.441406 0.480015 0.039062 0.059956
7 0.490723 0.354922 0.038086 0.058475
3 0.324951 0.354922 0.039551 0.059956
42 0.388428 0.418209 0.039551 0.059215
45 0.221436 0.480015 0.063965 0.058475
49 0.210693 0.606958 0.044434 0.060696
15 0.461914 0.543301 0.040039 0.059215
52 0.215332 0.417469 0.052734 0.059215
34 0.669434 0.541821 0.039062 0.057735
58 0.295898 0.543671 0.039062 0.059956
41 0.263916 0.417839 0.040527 0.059956
16 0.378906 0.542931 0.040039 0.059956
55 0.420654 0.543301 0.039551 0.059215
29 0.566162 0.480015 0.039551 0.059956
56 0.305420 0.417839 0.039551 0.059956
48 0.656982 0.354552 0.039551 0.059215
12 0.691162 0.479275 0.039551 0.059956
36 0.595947 0.417098 0.039551 0.059956
5 0.407959 0.354922 0.038574 0.058475
22 0.768555 0.448187 0.051758 0.123612
33 0.544922 0.543301 0.040039 0.060696
18 0.586670 0.542191 0.038574 0.059956
25 0.482910 0.479645 0.039062 0.059215
19 0.358154 0.480755 0.039551 0.059956
26 0.732422 0.478905 0.039062 0.060696
30 0.493164 0.465951 0.624023 0.381199
59 0.471680 0.417098 0.039062 0.059956
53 0.512695 0.417098 0.039062 0.059956
