19 0.263736 0.327801 0.065934 0.099585
12 0.834478 0.322614 0.050824 0.097510
53 0.533654 0.220954 0.064560 0.097510
25 0.479396 0.326763 0.063187 0.097510
54 0.812500 0.217842 0.050824 0.095436
42 0.319368 0.220954 0.064560 0.097510
35 0.516484 0.433610 0.065934 0.095436
27 0.605082 0.218880 0.064560 0.093361
48 0.779533 0.115145 0.064560 0.093361
7 0.496566 0.117220 0.064560 0.097510
41 0.105769 0.223029 0.065934 0.097510
3 0.212225 0.117220 0.064560 0.093361
2 0.142170 0.117220 0.064560 0.093361
33 0.588599 0.433610 0.067308 0.099585
31 0.696429 0.324689 0.063187 0.097510
49 0.020604 0.544606 0.038462 0.101660
57 0.226648 0.434647 0.065934 0.097510
26 0.892857 0.322614 0.049451 0.097510
16 0.299451 0.434647 0.065934 0.097510
13 0.223214 0.543568 0.067308 0.099585
52 0.033654 0.221992 0.064560 0.095436
32 0.080357 0.435685 0.067308 0.099585
4 0.283654 0.117220 0.061813 0.093361
55 0.372940 0.433610 0.067308 0.095436
40 0.734890 0.431535 0.065934 0.095436
20 0.927885 0.113071 0.097527 0.093361
8 0.566621 0.116183 0.064560 0.095436
28 0.552198 0.326763 0.063187 0.097510
46 0.919643 0.429461 0.146978 0.099585
23 0.336538 0.326763 0.063187 0.097510
34 0.806319 0.430498 0.063187 0.097510
58 0.153846 0.434647 0.065934 0.097510
50 0.742445 0.541494 0.067308 0.099585
29 0.623626 0.324689 0.065934 0.097510
15 0.443681 0.433610 0.065934 0.095436
10 0.120192 0.326763 0.064560 0.097510
56 0.175824 0.220954 0.063187 0.097510
1 0.071429 0.118257 0.063187 0.091286
36 0.676511 0.219917 0.064560 0.095436
51 0.390110 0.220954 0.063187 0.093361
37 0.769231 0.325726 0.065934 0.095436
47 0.445055 0.541494 0.365385 0.103734
59 0.462225 0.219917 0.064560 0.095436
22 0.945055 0.266598 0.082418 0.205394
24 0.407967 0.326763 0.063187 0.097510
43 0.191621 0.326763 0.064560 0.097510
21 0.247940 0.221992 0.064560 0.095436
9 0.638049 0.116183 0.064560 0.095436
30 0.501374 0.317427 1.000000 0.630705
45 0.040522 0.325726 0.078297 0.099585
6 0.425137 0.116183 0.064560 0.095436
44 0.021291 0.435685 0.039835 0.099585
38 0.748626 0.218880 0.063187 0.093361
0 0.708791 0.114108 0.065934 0.095436
5 0.353709 0.116183 0.064560 0.095436
11 0.844780 0.113071 0.049451 0.093361
18 0.660714 0.431535 0.065934 0.099585
39 0.870192 0.216805 0.050824 0.097510
14 0.667582 0.542531 0.065934 0.101660
17 0.017170 0.118257 0.031593 0.091286
