32 0.025281 0.421250 0.046816 0.137500
34 0.770599 0.028750 0.099251 0.052500
13 0.157303 0.430000 0.104869 0.140000
30 0.501873 0.332500 1.000000 0.660000
21 0.089888 0.110000 0.101124 0.120000
31 0.620787 0.030000 0.095506 0.055000
55 0.298689 0.232500 0.102996 0.125000
28 0.466292 0.042500 0.097378 0.080000
4 0.100187 0.030000 0.095506 0.055000
6 0.260300 0.022500 0.101124 0.040000
59 0.334270 0.030000 0.095506 0.055000
3 0.033708 0.047500 0.063670 0.090000
35 0.461610 0.143750 0.099251 0.117500
43 0.054307 0.242500 0.101124 0.125000
56 0.027154 0.153750 0.050562 0.122500
29 0.544944 0.030000 0.097378 0.055000
27 0.489700 0.021250 0.095506 0.037500
40 0.694757 0.036250 0.097378 0.067500
2 0.019663 0.075000 0.035581 0.115000
53 0.411985 0.030000 0.097378 0.055000
16 0.214419 0.278750 0.102996 0.127500
33 0.541199 0.102500 0.101124 0.115000
25 0.387640 0.066250 0.097378 0.112500
42 0.172285 0.068750 0.097378 0.112500
41 0.016854 0.193750 0.029963 0.122500
37 0.697566 0.021250 0.099251 0.037500
46 0.895131 0.031250 0.209738 0.057500
7 0.345506 0.015000 0.088015 0.025000
15 0.380150 0.187500 0.101124 0.125000
5 0.179775 0.030000 0.097378 0.055000
47 0.429775 0.290000 0.473783 0.340000
18 0.619850 0.058750 0.097378 0.112500
24 0.307116 0.110000 0.101124 0.120000
50 0.768727 0.095000 0.106742 0.120000
58 0.046816 0.372500 0.089888 0.130000
23 0.225655 0.151250 0.099251 0.122500
10 0.027154 0.287500 0.050562 0.130000
51 0.252809 0.042500 0.097378 0.080000
19 0.140449 0.196250 0.101124 0.122500
14 0.688202 0.138750 0.102996 0.117500
57 0.128277 0.325000 0.102996 0.130000
