1 0.176393 0.223498 0.050398 0.068905
27 0.599469 0.297703 0.053050 0.068905
53 0.543767 0.298587 0.053050 0.070671
23 0.391247 0.372792 0.050398 0.070671
11 0.797745 0.222615 0.051724 0.070671
56 0.261936 0.297703 0.051724 0.068905
54 0.769894 0.296820 0.054377 0.070671
7 0.513926 0.224382 0.051724 0.070671
16 0.362069 0.448763 0.053050 0.070671
0 0.683024 0.224382 0.053050 0.070671
50 0.726790 0.522968 0.058355 0.074205
44 0.131300 0.447880 0.058355 0.072438
6 0.456897 0.225265 0.051724 0.068905
58 0.249337 0.447880 0.053050 0.072438
52 0.139920 0.296820 0.070292 0.070671
18 0.643236 0.447880 0.053050 0.072438
30 0.521883 0.352473 0.866048 0.454064
57 0.306366 0.447880 0.053050 0.072438
12 0.786472 0.372792 0.053050 0.070671
3 0.289125 0.224382 0.053050 0.070671
4 0.345491 0.224382 0.051724 0.070671
5 0.401194 0.224382 0.051724 0.070671
42 0.375332 0.298587 0.053050 0.070671
47 0.485411 0.522968 0.302387 0.074205
19 0.334218 0.373675 0.053050 0.072438
46 0.858753 0.446996 0.141910 0.074205
49 0.131300 0.522968 0.061008 0.070671
33 0.586207 0.448763 0.053050 0.070671
36 0.655836 0.297703 0.054377 0.068905
24 0.446286 0.373675 0.051724 0.068905
55 0.418435 0.447880 0.054377 0.072438
45 0.147215 0.371025 0.084881 0.070671
21 0.319629 0.298587 0.053050 0.070671
15 0.474138 0.447880 0.054377 0.068905
39 0.827586 0.296820 0.053050 0.070671
31 0.671751 0.373675 0.054377 0.072438
13 0.305703 0.522968 0.051724 0.070671
22 0.892573 0.333039 0.068966 0.146643
35 0.529841 0.448763 0.051724 0.070671
41 0.206233 0.296820 0.054377 0.070671
29 0.614721 0.372792 0.051724 0.070671
48 0.739390 0.223498 0.054377 0.072438
43 0.276525 0.372792 0.051724 0.070671
32 0.192308 0.447880 0.053050 0.072438
40 0.700928 0.448763 0.051724 0.070671
10 0.220822 0.372792 0.051724 0.070671
17 0.126658 0.222615 0.041114 0.067138
37 0.728780 0.373675 0.054377 0.072438
20 0.877984 0.221731 0.098143 0.072438
14 0.667109 0.523852 0.053050 0.072438
25 0.502653 0.372792 0.053050 0.070671
34 0.756631 0.448763 0.054377 0.070671
51 0.431034 0.297703 0.053050 0.068905
38 0.712202 0.297703 0.053050 0.068905
28 0.559019 0.372792 0.051724 0.070671
9 0.625332 0.224382 0.051724 0.070671
59 0.487401 0.298587 0.051724 0.070671
26 0.842838 0.371908 0.054377 0.072438
8 0.568966 0.224382 0.050398 0.070671
2 0.232759 0.223498 0.051724 0.068905
