22 0.828555 0.408131 0.057336 0.123534
48 0.706296 0.314308 0.042159 0.057858
10 0.292861 0.437842 0.041596 0.057858
18 0.628162 0.501564 0.042159 0.058640
34 0.718943 0.501955 0.043845 0.057858
20 0.816751 0.313526 0.079820 0.059421
46 0.799888 0.501955 0.112423 0.059421
15 0.493536 0.501173 0.042721 0.057858
17 0.218943 0.313526 0.033165 0.056294
9 0.616076 0.314308 0.041596 0.057858
12 0.742833 0.439406 0.043283 0.059421
1 0.258853 0.313917 0.041034 0.057076
37 0.697302 0.439406 0.043283 0.059421
51 0.459528 0.376075 0.041034 0.057858
28 0.561832 0.438233 0.042159 0.058640
0 0.661327 0.314699 0.042159 0.058640
5 0.436200 0.314308 0.041596 0.057858
3 0.347105 0.313526 0.042159 0.057858
47 0.502530 0.563331 0.241709 0.058640
27 0.594716 0.376075 0.042721 0.057858
14 0.647274 0.564504 0.043283 0.057858
35 0.538786 0.501564 0.043283 0.058640
44 0.223159 0.499218 0.047218 0.057076
30 0.531478 0.423769 0.686341 0.372166
57 0.359753 0.499609 0.042721 0.057858
56 0.325745 0.375293 0.042159 0.057858
23 0.427206 0.437842 0.041596 0.057858
52 0.229342 0.375293 0.056211 0.059421
36 0.639404 0.376466 0.043283 0.058640
24 0.471332 0.439015 0.042159 0.058640
59 0.504497 0.376075 0.042159 0.057858
2 0.303260 0.313917 0.041034 0.057076
53 0.549466 0.376466 0.043283 0.058640
7 0.526419 0.314308 0.041034 0.057858
25 0.516301 0.438624 0.042159 0.057858
8 0.570826 0.314699 0.041034 0.058640
21 0.370433 0.376075 0.041596 0.057858
33 0.583474 0.501564 0.043845 0.058640
39 0.775436 0.376466 0.042159 0.058640
32 0.269533 0.498436 0.042159 0.058640
31 0.651771 0.439015 0.042159 0.058640
38 0.684935 0.376466 0.042159 0.058640
4 0.392074 0.313917 0.041034 0.057076
6 0.481450 0.314308 0.041034 0.057858
40 0.673974 0.501173 0.042721 0.057858
42 0.415121 0.376466 0.042159 0.057076
13 0.358347 0.562549 0.042159 0.058640
55 0.449129 0.500782 0.042721 0.058640
11 0.752389 0.313526 0.042159 0.057858
41 0.281338 0.375684 0.043283 0.058640
16 0.404160 0.500391 0.042721 0.059421
29 0.607083 0.438624 0.042721 0.059421
26 0.788364 0.439015 0.043283 0.058640
43 0.337268 0.437842 0.041596 0.057858
19 0.382237 0.438624 0.042721 0.057858
49 0.221754 0.561376 0.047780 0.059421
50 0.694772 0.564504 0.048342 0.059421
58 0.314784 0.499609 0.042721 0.057858
45 0.234682 0.437060 0.068016 0.057858
54 0.730185 0.376857 0.042721 0.057858
