45 0.040230 0.652199 0.065134 0.065972
22 0.624840 0.622685 0.059387 0.157407
54 0.526181 0.579282 0.034483 0.070602
8 0.375479 0.498843 0.033206 0.069444
33 0.381226 0.737847 0.035760 0.072917
23 0.230204 0.653356 0.031290 0.070602
59 0.308748 0.574653 0.031290 0.065972
4 0.200830 0.493634 0.032567 0.065972
16 0.204342 0.733796 0.033206 0.069444
55 0.248404 0.733796 0.033206 0.069444
50 0.627714 0.830440 0.063857 0.077546
48 0.504789 0.500579 0.036398 0.070602
56 0.133780 0.572338 0.031290 0.065972
6 0.288314 0.496528 0.032567 0.067130
43 0.141762 0.652778 0.031928 0.069444
17 0.030013 0.491319 0.030651 0.063657
46 0.598978 0.745370 0.113665 0.071759
19 0.185824 0.652778 0.031928 0.069444
1 0.071520 0.493634 0.031928 0.063657
13 0.139208 0.815972 0.045977 0.071759
38 0.482759 0.576968 0.033206 0.068287
37 0.492337 0.657986 0.035760 0.070602
58 0.115262 0.732639 0.033844 0.067130
34 0.514368 0.740162 0.035121 0.070602
27 0.395594 0.574653 0.032567 0.065972
47 0.295338 0.820602 0.248404 0.078704
32 0.070562 0.731481 0.033844 0.067130
49 0.027139 0.812500 0.053001 0.067130
53 0.352810 0.575810 0.032567 0.068287
40 0.470626 0.739005 0.031928 0.068287
11 0.547573 0.499421 0.033844 0.065972
39 0.569285 0.579861 0.035121 0.071759
31 0.448276 0.656829 0.033206 0.070602
41 0.090996 0.571759 0.032567 0.064815
25 0.317050 0.655093 0.032567 0.071759
18 0.424968 0.738426 0.035121 0.071759
10 0.098659 0.651042 0.032567 0.068287
3 0.157727 0.495370 0.031928 0.067130
29 0.405172 0.656250 0.033844 0.071759
21 0.178161 0.572917 0.031928 0.067130
14 0.452107 0.824074 0.048531 0.076389
15 0.292784 0.735532 0.033844 0.070602
44 0.023627 0.732639 0.043423 0.064815
7 0.331418 0.497106 0.031928 0.068287
26 0.580779 0.661458 0.035121 0.070602
24 0.273627 0.654514 0.031290 0.072917
5 0.245211 0.495370 0.031928 0.067130
57 0.159642 0.733218 0.031928 0.068287
51 0.264368 0.574074 0.030651 0.067130
12 0.536718 0.660301 0.037676 0.072917
28 0.361111 0.655093 0.032567 0.071759
2 0.114623 0.494792 0.031290 0.065972
35 0.337165 0.737269 0.033206 0.071759
42 0.221584 0.575231 0.031928 0.067130
9 0.418902 0.498264 0.035760 0.068287
36 0.439655 0.576968 0.035121 0.068287
30 0.500639 0.625000 1.000000 0.641204
20 0.613985 0.501157 0.079821 0.067130
0 0.462644 0.499421 0.037676 0.068287
52 0.038953 0.572338 0.053640 0.063657
