56 0.199375 0.300824 0.020000 0.041209
50 0.470000 0.444368 0.031250 0.045330
8 0.334375 0.263049 0.021250 0.031593
55 0.250937 0.388736 0.020625 0.038462
27 0.342813 0.303571 0.019375 0.038462
25 0.295312 0.343407 0.020625 0.038462
29 0.345625 0.349588 0.021250 0.034341
53 0.319063 0.304258 0.019375 0.037088
22 0.474062 0.330357 0.030625 0.081044
11 0.432188 0.263049 0.018125 0.034341
28 0.320000 0.346841 0.020000 0.037088
30 0.402813 0.355082 0.601875 0.344780
32 0.153438 0.387363 0.021875 0.038462
40 0.377500 0.396978 0.020000 0.035714
37 0.394375 0.352335 0.021250 0.037088
44 0.127188 0.385302 0.026875 0.034341
39 0.441250 0.309066 0.020000 0.041209
1 0.172500 0.257555 0.017500 0.034341
16 0.226562 0.388736 0.020625 0.035714
7 0.310000 0.260989 0.020000 0.032967
42 0.246875 0.303571 0.020000 0.035714
2 0.194062 0.256181 0.018125 0.031593
20 0.468750 0.265110 0.043750 0.032967
54 0.416250 0.308379 0.021250 0.037088
43 0.197500 0.344093 0.021250 0.037088
10 0.174375 0.344093 0.021250 0.034341
38 0.392188 0.306319 0.019375 0.038462
13 0.179063 0.438187 0.029375 0.052198
46 0.452188 0.396291 0.068125 0.031593
34 0.402813 0.397665 0.019375 0.031593
35 0.301250 0.390110 0.021250 0.041209
51 0.270625 0.302885 0.020000 0.034341
52 0.147187 0.301511 0.030625 0.037088
3 0.216562 0.258929 0.016875 0.031593
18 0.351875 0.393544 0.022500 0.039835
31 0.369375 0.348214 0.021250 0.039835
19 0.221562 0.344780 0.020625 0.035714
47 0.273750 0.443681 0.157500 0.054945
21 0.222188 0.302198 0.021875 0.038462
57 0.202500 0.386676 0.021250 0.037088
17 0.148750 0.255495 0.017500 0.035714
33 0.326875 0.393544 0.021250 0.039835
41 0.176250 0.301511 0.021250 0.039835
45 0.141563 0.343407 0.036875 0.032967
6 0.287813 0.260302 0.016875 0.037088
58 0.177500 0.387363 0.021250 0.035714
5 0.264062 0.258929 0.016875 0.034341
36 0.367812 0.305632 0.020625 0.037088
23 0.245938 0.343407 0.020625 0.038462
0 0.382500 0.262363 0.021250 0.032967
14 0.370625 0.444368 0.027500 0.039835
4 0.239375 0.258929 0.017500 0.034341
24 0.270313 0.346154 0.019375 0.035714
49 0.117500 0.437500 0.028750 0.050824
9 0.358125 0.263736 0.020000 0.032967
12 0.418438 0.350962 0.023125 0.042582
15 0.276250 0.389423 0.022500 0.039835
26 0.444375 0.350962 0.021250 0.045330
48 0.408125 0.262363 0.020000 0.035714
59 0.294687 0.303571 0.019375 0.035714
