50 0.593870 0.795012 0.047254 0.071776
46 0.564815 0.718370 0.101533 0.064477
18 0.407407 0.717762 0.031928 0.065693
36 0.418902 0.565693 0.033206 0.063260
20 0.579183 0.490876 0.068966 0.059611
11 0.519796 0.490876 0.031928 0.062044
31 0.428799 0.641119 0.032567 0.065693
59 0.293742 0.564477 0.029374 0.065693
4 0.187739 0.486010 0.030651 0.064477
3 0.145913 0.486618 0.031290 0.063260
57 0.155172 0.719586 0.030651 0.066910
53 0.334930 0.565693 0.031290 0.065693
58 0.112069 0.720195 0.030013 0.065693
0 0.439336 0.491484 0.033206 0.065693
38 0.459770 0.565693 0.031928 0.063260
2 0.103768 0.486010 0.031290 0.062044
42 0.210409 0.564477 0.031290 0.065693
22 0.588761 0.604015 0.051086 0.139903
52 0.029055 0.561436 0.053001 0.064477
27 0.377395 0.564477 0.031928 0.063260
35 0.323436 0.718978 0.032567 0.068127
44 0.021392 0.719586 0.041507 0.064477
43 0.134738 0.641727 0.029374 0.066910
28 0.345785 0.641119 0.031290 0.068127
33 0.365900 0.718978 0.034483 0.070560
8 0.356641 0.489051 0.032567 0.065693
23 0.220626 0.641119 0.028736 0.065693
26 0.548851 0.642336 0.032567 0.068127
7 0.315134 0.489051 0.031290 0.065693
9 0.398467 0.490268 0.033206 0.065693
10 0.092273 0.641119 0.030013 0.068127
55 0.239144 0.717762 0.031290 0.063260
32 0.069285 0.719586 0.031290 0.071776
6 0.272989 0.486618 0.031290 0.065693
29 0.387931 0.641727 0.032567 0.066910
48 0.480204 0.492092 0.033206 0.062044
51 0.251596 0.563260 0.029374 0.065693
25 0.303959 0.641119 0.030651 0.065693
13 0.126756 0.796837 0.042784 0.065693
41 0.082695 0.562044 0.032567 0.065693
21 0.167625 0.563260 0.031290 0.065693
16 0.196999 0.720195 0.031290 0.065693
15 0.281928 0.718370 0.032567 0.066910
1 0.060026 0.484185 0.030651 0.060827
19 0.177203 0.641119 0.031290 0.065693
12 0.509579 0.642944 0.033206 0.064477
14 0.443167 0.795012 0.045977 0.069343
30 0.465837 0.608273 0.930396 0.549878
5 0.230524 0.486618 0.030651 0.065693
24 0.261175 0.641727 0.030651 0.066910
47 0.285760 0.797445 0.256066 0.069343
39 0.539591 0.568127 0.030651 0.065693
37 0.469349 0.642336 0.033206 0.065693
40 0.448595 0.717153 0.032567 0.064477
17 0.017880 0.482360 0.030651 0.062044
34 0.488825 0.717762 0.033844 0.065693
49 0.021073 0.797445 0.040868 0.064477
54 0.499681 0.566910 0.032567 0.063260
56 0.125160 0.562652 0.029374 0.064477
45 0.033844 0.642336 0.065134 0.068127
