50 0.600625 0.781287 0.046250 0.070322
46 0.572187 0.706198 0.099375 0.063170
18 0.418125 0.705602 0.031250 0.064362
36 0.429375 0.556615 0.032500 0.061979
20 0.586250 0.483313 0.067500 0.058403
11 0.528125 0.483313 0.031250 0.060787
31 0.439063 0.630513 0.031875 0.064362
59 0.306875 0.555423 0.028750 0.064362
4 0.203125 0.478546 0.030000 0.063170
3 0.162188 0.479142 0.030625 0.061979
57 0.171250 0.707390 0.030000 0.065554
53 0.347187 0.556615 0.030625 0.064362
58 0.129062 0.707986 0.029375 0.064362
0 0.449375 0.483909 0.032500 0.064362
38 0.469375 0.556615 0.031250 0.061979
2 0.120938 0.478546 0.030625 0.060787
42 0.225312 0.555423 0.030625 0.064362
22 0.595625 0.594160 0.050000 0.137068
52 0.047813 0.552443 0.051875 0.063170
27 0.388750 0.555423 0.031250 0.061979
35 0.335938 0.706794 0.031875 0.066746
44 0.040000 0.707390 0.041250 0.063170
43 0.151250 0.631108 0.028750 0.065554
28 0.357812 0.630513 0.030625 0.066746
33 0.377500 0.706794 0.033750 0.069130
8 0.368437 0.481526 0.031875 0.064362
23 0.235313 0.630513 0.028125 0.064362
26 0.556562 0.631704 0.031875 0.066746
7 0.327813 0.481526 0.030625 0.064362
9 0.409375 0.482718 0.032500 0.064362
10 0.109687 0.630513 0.029375 0.066746
55 0.253437 0.705602 0.030625 0.061979
32 0.087188 0.707390 0.030625 0.070322
6 0.286562 0.479142 0.030625 0.064362
29 0.399062 0.631108 0.031875 0.065554
48 0.489375 0.484505 0.032500 0.060787
51 0.265625 0.554231 0.028750 0.064362
25 0.316875 0.630513 0.030000 0.064362
13 0.143437 0.783075 0.041875 0.064362
41 0.100312 0.553039 0.031875 0.064362
21 0.183438 0.554231 0.030625 0.064362
16 0.212188 0.707986 0.030625 0.064362
15 0.295312 0.706198 0.031875 0.065554
1 0.078125 0.476758 0.030000 0.059595
19 0.192812 0.630513 0.030625 0.064362
12 0.518125 0.632300 0.032500 0.063170
14 0.453125 0.781287 0.045000 0.067938
30 0.467813 0.598331 0.925625 0.538737
5 0.245000 0.479142 0.030000 0.064362
24 0.275000 0.631108 0.030000 0.065554
47 0.299063 0.783671 0.250625 0.067938
39 0.547500 0.558999 0.030000 0.064362
37 0.478750 0.631704 0.032500 0.064362
40 0.458437 0.705006 0.031875 0.063170
17 0.036875 0.474970 0.030000 0.060787
34 0.497812 0.705602 0.033125 0.064362
49 0.038437 0.783671 0.043125 0.063170
54 0.508437 0.557807 0.031875 0.061979
56 0.141875 0.553635 0.028750 0.063170
45 0.052500 0.631704 0.063750 0.066746
