19 0.284000 0.554222 0.037000 0.068444
24 0.382000 0.555111 0.035000 0.068444
8 0.487250 0.389778 0.035500 0.072000
38 0.603750 0.474222 0.033500 0.066667
55 0.360500 0.640889 0.036000 0.065778
53 0.465000 0.472889 0.034000 0.067556
57 0.260500 0.640444 0.037000 0.068444
43 0.233250 0.552889 0.037500 0.069333
12 0.663250 0.556444 0.033500 0.065778
10 0.182000 0.554222 0.038000 0.070222
42 0.321000 0.469333 0.036000 0.069333
0 0.579500 0.391111 0.036000 0.071111
31 0.571750 0.557333 0.033500 0.067556
34 0.643250 0.639111 0.035500 0.064000
52 0.104000 0.464889 0.064000 0.071111
51 0.369750 0.470667 0.034500 0.068444
28 0.477500 0.557333 0.034000 0.069333
56 0.220250 0.467556 0.037500 0.071111
25 0.430000 0.556000 0.035000 0.068444
58 0.208750 0.641333 0.037500 0.068444
22 0.751250 0.515556 0.060500 0.149333
17 0.091000 0.376889 0.038000 0.072889
21 0.270750 0.469333 0.036500 0.071111
36 0.558750 0.473778 0.034500 0.065778
41 0.169500 0.468000 0.039000 0.072000
29 0.525250 0.555556 0.034500 0.067556
1 0.142500 0.378222 0.038000 0.070222
54 0.649750 0.475111 0.033500 0.066667
2 0.194750 0.380444 0.038500 0.072889
23 0.333750 0.555556 0.035500 0.069333
37 0.617500 0.557333 0.035000 0.067556
20 0.737250 0.393778 0.075500 0.067556
5 0.344250 0.385333 0.036500 0.072000
47 0.412750 0.728000 0.296500 0.074667
3 0.244750 0.383111 0.037500 0.072889
40 0.597000 0.639111 0.034000 0.064000
39 0.694750 0.476000 0.033500 0.068444
9 0.533750 0.390667 0.035500 0.072000
59 0.417500 0.470667 0.034000 0.066667
15 0.408250 0.639556 0.036500 0.066667
49 0.095500 0.730222 0.054000 0.072000
30 0.501500 0.523556 0.919000 0.599111
33 0.503750 0.639556 0.035500 0.066667
50 0.765500 0.721333 0.048000 0.064889
35 0.456250 0.639111 0.035500 0.065778
46 0.728000 0.640000 0.113000 0.064000
26 0.708750 0.558222 0.034500 0.067556
14 0.594250 0.724444 0.047500 0.067556
16 0.310250 0.639556 0.036500 0.066667
7 0.440250 0.388000 0.035500 0.070222
32 0.156000 0.641333 0.039000 0.072000
6 0.392750 0.386667 0.036500 0.071111
13 0.227750 0.728000 0.051500 0.067556
27 0.512500 0.471556 0.033000 0.064889
44 0.097250 0.641333 0.052500 0.070222
11 0.670500 0.392444 0.033000 0.068444
18 0.550250 0.638667 0.034500 0.066667
4 0.294750 0.382667 0.036500 0.070222
48 0.624750 0.392889 0.035500 0.071111
45 0.110750 0.553778 0.077500 0.069333
