2 0.134687 0.333333 0.034375 0.045000
24 0.293125 0.442083 0.035000 0.044167
22 0.629687 0.420417 0.054375 0.095833
49 0.026250 0.553333 0.051250 0.048333
42 0.240937 0.387917 0.034375 0.040833
37 0.508437 0.446667 0.034375 0.043333
5 0.265937 0.337500 0.035625 0.046667
50 0.644687 0.555417 0.051875 0.047500
48 0.516563 0.345417 0.033125 0.044167
0 0.476562 0.342917 0.033125 0.045833
31 0.466250 0.445417 0.033750 0.042500
44 0.030937 0.493750 0.059375 0.045833
39 0.579063 0.397083 0.031875 0.044167
20 0.616875 0.344167 0.071250 0.038333
23 0.248438 0.440000 0.033125 0.043333
58 0.131562 0.494167 0.040625 0.045000
9 0.435625 0.342917 0.035000 0.045833
34 0.530312 0.499583 0.035625 0.044167
1 0.088438 0.330417 0.031875 0.040833
28 0.381875 0.445000 0.035000 0.045000
16 0.222188 0.495833 0.038125 0.043333
7 0.351562 0.339583 0.034375 0.045833
59 0.328437 0.390417 0.033125 0.040833
18 0.445000 0.498750 0.035000 0.044167
12 0.550000 0.447083 0.033750 0.042500
29 0.425000 0.444167 0.035000 0.043333
40 0.488125 0.499167 0.035000 0.043333
8 0.394375 0.342500 0.035000 0.046667
26 0.591250 0.447083 0.033750 0.042500
43 0.157500 0.438750 0.033750 0.044167
25 0.337500 0.442500 0.035000 0.043333
54 0.538750 0.396667 0.032500 0.043333
13 0.141563 0.554583 0.054375 0.054167
53 0.372188 0.392083 0.034375 0.042500
27 0.414687 0.393333 0.033125 0.040000
30 0.496875 0.422083 0.988750 0.455833
4 0.222812 0.335417 0.034375 0.045833
15 0.313125 0.497500 0.037500 0.043333
10 0.112812 0.438333 0.034375 0.043333
3 0.179375 0.333750 0.035000 0.045833
56 0.152812 0.385833 0.033125 0.041667
51 0.284687 0.388750 0.033125 0.040833
38 0.497188 0.395417 0.031875 0.040833
52 0.051875 0.383333 0.061250 0.043333
57 0.176875 0.495000 0.040000 0.045000
32 0.085312 0.493750 0.043125 0.047500
55 0.268125 0.496250 0.038750 0.044167
21 0.197500 0.387083 0.035000 0.044167
11 0.556875 0.345000 0.031250 0.043333
17 0.045312 0.330417 0.035625 0.044167
35 0.357812 0.497500 0.036875 0.043333
47 0.313750 0.555000 0.287500 0.051667
33 0.402187 0.499583 0.036875 0.044167
14 0.483125 0.557500 0.050000 0.051667
19 0.203125 0.440000 0.032500 0.043333
46 0.608437 0.499583 0.109375 0.044167
45 0.050625 0.438333 0.073750 0.045000
36 0.455937 0.394583 0.033125 0.040833
41 0.110000 0.385417 0.038750 0.042500
6 0.309688 0.337083 0.035625 0.045833
