2 0.132898 0.272894 0.037775 0.049451
24 0.307005 0.392399 0.038462 0.048535
22 0.676854 0.368590 0.059753 0.105311
49 0.021291 0.514652 0.041209 0.053114
42 0.249657 0.332875 0.037775 0.044872
37 0.543613 0.397436 0.037775 0.047619
5 0.277129 0.277473 0.039148 0.051282
50 0.693338 0.516941 0.057005 0.052198
48 0.552541 0.286172 0.036401 0.048535
0 0.508585 0.283425 0.036401 0.050366
31 0.497253 0.396062 0.037088 0.046703
44 0.026099 0.449176 0.050824 0.050366
39 0.621223 0.342949 0.035027 0.048535
20 0.662775 0.284799 0.078297 0.042125
23 0.257898 0.390110 0.036401 0.047619
58 0.129464 0.449634 0.044643 0.049451
9 0.463599 0.283425 0.038462 0.050366
34 0.567651 0.455586 0.039148 0.048535
1 0.082074 0.269689 0.035027 0.044872
28 0.404533 0.395604 0.038462 0.049451
16 0.229052 0.451465 0.041896 0.047619
7 0.371223 0.279762 0.037775 0.050366
59 0.345810 0.335623 0.036401 0.044872
18 0.473901 0.454670 0.038462 0.048535
12 0.589286 0.397894 0.037088 0.046703
29 0.451923 0.394689 0.038462 0.047619
40 0.521291 0.455128 0.038462 0.047619
8 0.418269 0.282967 0.038462 0.051282
26 0.634615 0.397894 0.037088 0.046703
43 0.157967 0.388736 0.037088 0.048535
25 0.355769 0.392857 0.038462 0.047619
54 0.576923 0.342491 0.035714 0.047619
13 0.140453 0.516026 0.059753 0.059524
53 0.393887 0.337454 0.037775 0.046703
27 0.440591 0.338828 0.036401 0.043956
30 0.500687 0.370421 1.000000 0.500916
4 0.229739 0.275183 0.037775 0.050366
15 0.328984 0.453297 0.041209 0.047619
10 0.108860 0.388278 0.037775 0.047619
3 0.182005 0.273352 0.038462 0.050366
56 0.152816 0.330586 0.036401 0.045788
51 0.297734 0.333791 0.036401 0.044872
38 0.531250 0.341117 0.035027 0.044872
52 0.041896 0.327839 0.067308 0.047619
57 0.179258 0.450549 0.043956 0.049451
32 0.078640 0.449176 0.047390 0.052198
55 0.279533 0.451923 0.042582 0.048535
21 0.201923 0.331960 0.038462 0.048535
11 0.596841 0.285714 0.034341 0.047619
17 0.034684 0.269689 0.039148 0.048535
35 0.378091 0.453297 0.040522 0.047619
47 0.329670 0.516484 0.315934 0.056777
33 0.426854 0.455586 0.040522 0.048535
14 0.515797 0.519231 0.054945 0.056777
19 0.208104 0.390110 0.035714 0.047619
46 0.653503 0.455586 0.120192 0.048535
45 0.040865 0.388278 0.080357 0.049451
36 0.485920 0.340201 0.036401 0.044872
41 0.105769 0.330128 0.042582 0.046703
6 0.325206 0.277015 0.039148 0.050366
