0 0.435173 0.448880 0.028241 0.060224
36 0.417522 0.524510 0.027599 0.060224
44 0.069961 0.681373 0.037227 0.063025
42 0.234917 0.522409 0.026958 0.064426
11 0.506098 0.449580 0.027599 0.058824
37 0.462131 0.602241 0.028241 0.061625
38 0.453466 0.525910 0.026316 0.060224
23 0.242940 0.601541 0.026316 0.063025
46 0.545250 0.678571 0.090501 0.060224
34 0.478819 0.677871 0.028241 0.061625
39 0.523427 0.526611 0.027599 0.061625
5 0.252888 0.444678 0.026958 0.060224
49 0.068357 0.760504 0.039153 0.061625
16 0.223042 0.680672 0.027599 0.064426
59 0.307445 0.521709 0.026958 0.063025
18 0.407253 0.677871 0.027599 0.061625
14 0.439345 0.757703 0.039153 0.064426
8 0.362644 0.447479 0.028241 0.063025
10 0.132221 0.600840 0.026958 0.064426
45 0.080873 0.603641 0.055199 0.064426
56 0.161104 0.521709 0.026958 0.063025
20 0.558408 0.449580 0.060334 0.058824
7 0.326380 0.446078 0.027599 0.060224
57 0.186136 0.679272 0.026958 0.061625
35 0.333761 0.679272 0.028241 0.061625
41 0.124198 0.522409 0.028883 0.064426
43 0.169127 0.602941 0.027599 0.065826
54 0.488768 0.527311 0.027599 0.060224
50 0.572208 0.756303 0.039153 0.064426
4 0.216303 0.443978 0.026958 0.061625
21 0.198010 0.521709 0.027599 0.063025
22 0.567073 0.563725 0.045571 0.138655
1 0.105263 0.443978 0.026958 0.061625
19 0.206033 0.600840 0.026958 0.064426
15 0.297176 0.678571 0.028241 0.063025
25 0.316431 0.601541 0.026958 0.063025
12 0.497433 0.601541 0.028241 0.063025
48 0.471438 0.450280 0.027599 0.057423
26 0.532092 0.601541 0.028241 0.063025
13 0.161425 0.759104 0.037869 0.061625
32 0.111682 0.679272 0.028241 0.064426
2 0.142169 0.443978 0.027599 0.061625
31 0.426187 0.601541 0.026958 0.063025
47 0.300706 0.759804 0.225289 0.068627
29 0.389923 0.601541 0.027599 0.063025
28 0.353338 0.601541 0.026316 0.063025
24 0.279204 0.602241 0.026958 0.064426
27 0.380937 0.523810 0.026316 0.058824
30 0.453466 0.572129 0.836329 0.550420
6 0.289474 0.444678 0.026958 0.060224
40 0.443517 0.678571 0.028241 0.060224
17 0.068678 0.443277 0.026958 0.063025
3 0.179397 0.445378 0.027599 0.061625
58 0.148909 0.679972 0.026958 0.063025
33 0.370988 0.679972 0.028241 0.063025
51 0.270860 0.521709 0.026958 0.063025
52 0.077985 0.522409 0.045571 0.061625
53 0.344031 0.523810 0.026958 0.064426
55 0.259949 0.678571 0.026958 0.060224
9 0.398909 0.448179 0.027599 0.061625
