9 0.399038 0.480769 0.032967 0.051282
58 0.083104 0.655678 0.035714 0.053114
10 0.065247 0.594780 0.037088 0.048535
33 0.360920 0.659799 0.035027 0.054029
49 0.013736 0.717949 0.026099 0.053114
6 0.265110 0.478480 0.035714 0.050366
25 0.294986 0.597527 0.033654 0.050366
20 0.598558 0.485806 0.073489 0.044872
0 0.443338 0.482143 0.032280 0.050366
24 0.248970 0.597070 0.033654 0.049451
55 0.223214 0.657051 0.035714 0.050366
37 0.475962 0.600275 0.034341 0.048535
39 0.554258 0.543956 0.030220 0.049451
48 0.487981 0.484432 0.033654 0.049451
47 0.271635 0.725275 0.287775 0.062271
23 0.202953 0.595696 0.033654 0.048535
46 0.583791 0.664835 0.112637 0.049451
31 0.430288 0.598443 0.032280 0.048535
38 0.465316 0.541667 0.030907 0.046703
41 0.058379 0.536630 0.038462 0.051282
16 0.176511 0.657967 0.035714 0.050366
34 0.498626 0.660256 0.032967 0.049451
56 0.103709 0.535714 0.035714 0.047619
7 0.310096 0.479853 0.035027 0.051282
50 0.618819 0.725733 0.046703 0.054029
53 0.331044 0.539377 0.034341 0.047619
1 0.038118 0.474817 0.033654 0.050366
51 0.240041 0.538004 0.033654 0.046703
17 0.008929 0.474817 0.016484 0.044872
28 0.340316 0.597985 0.032280 0.051282
42 0.194368 0.538004 0.034341 0.046703
18 0.407280 0.659799 0.032967 0.052198
40 0.453640 0.661630 0.033654 0.050366
29 0.386676 0.597985 0.032967 0.049451
32 0.035371 0.656593 0.036401 0.054945
15 0.268887 0.658425 0.036401 0.051282
27 0.376717 0.539377 0.032280 0.045788
36 0.421703 0.540293 0.034341 0.045788
14 0.447115 0.723443 0.046703 0.054945
45 0.019231 0.593407 0.037088 0.047619
30 0.500687 0.582418 1.000000 0.465201
26 0.566964 0.602564 0.033654 0.051282
52 0.015110 0.534341 0.028846 0.050366
12 0.521291 0.602106 0.032967 0.050366
19 0.157967 0.596612 0.035714 0.050366
3 0.128434 0.478022 0.034341 0.051282
8 0.354739 0.479396 0.033654 0.054029
21 0.150412 0.537546 0.035714 0.051282
57 0.130495 0.656136 0.037088 0.050366
5 0.219093 0.480311 0.035714 0.050366
13 0.096154 0.719322 0.050824 0.055861
44 0.013393 0.655220 0.025412 0.050366
4 0.173764 0.478480 0.032967 0.050366
22 0.608860 0.574176 0.059753 0.108059
43 0.111264 0.595238 0.035714 0.051282
59 0.284684 0.539377 0.032280 0.047619
35 0.315591 0.658883 0.035027 0.052198
11 0.531593 0.483516 0.031593 0.049451
54 0.510302 0.542582 0.032967 0.046703
2 0.083104 0.475275 0.038462 0.049451
