47 0.322188 0.727917 0.274375 0.060833
46 0.616563 0.656667 0.115625 0.053333
36 0.455625 0.547083 0.037500 0.050833
28 0.381563 0.607083 0.035625 0.052500
55 0.273125 0.669167 0.036250 0.051667
23 0.250312 0.612500 0.034375 0.051667
34 0.534687 0.658333 0.036875 0.051667
19 0.205625 0.615417 0.033750 0.052500
58 0.139687 0.675833 0.035625 0.051667
31 0.467813 0.603750 0.036875 0.052500
53 0.370000 0.550000 0.036250 0.051667
56 0.150312 0.558750 0.035625 0.052500
25 0.338438 0.609167 0.036875 0.053333
29 0.425312 0.605417 0.036875 0.052500
6 0.303750 0.494583 0.037500 0.050833
20 0.628437 0.480833 0.079375 0.048333
32 0.096562 0.676667 0.036875 0.051667
59 0.325313 0.552083 0.034375 0.050833
49 0.046562 0.737917 0.045625 0.052500
35 0.360938 0.665417 0.038125 0.054167
54 0.542813 0.542917 0.036875 0.050833
44 0.046875 0.679167 0.042500 0.048333
8 0.390313 0.492917 0.036875 0.052500
0 0.476562 0.488333 0.038125 0.051667
51 0.282813 0.553750 0.036875 0.050833
5 0.259688 0.496250 0.036875 0.052500
10 0.118438 0.617500 0.036875 0.051667
33 0.404375 0.664583 0.038750 0.052500
42 0.239063 0.556250 0.036875 0.050833
38 0.499688 0.545417 0.036875 0.052500
2 0.128125 0.502083 0.036250 0.049167
12 0.555312 0.600000 0.036875 0.051667
48 0.520000 0.486667 0.038750 0.051667
15 0.316250 0.667500 0.037500 0.053333
50 0.651563 0.713333 0.051875 0.055000
24 0.293750 0.610417 0.036250 0.052500
43 0.161875 0.616250 0.033750 0.052500
17 0.042188 0.505000 0.035625 0.046667
26 0.598750 0.597083 0.035000 0.052500
52 0.052187 0.562083 0.053125 0.049167
45 0.058125 0.621250 0.065000 0.049167
7 0.347813 0.493333 0.036875 0.051667
57 0.185312 0.673333 0.036875 0.051667
41 0.106563 0.560417 0.036875 0.050833
4 0.216250 0.498333 0.036250 0.051667
27 0.413438 0.547917 0.035625 0.050833
1 0.084375 0.503333 0.036250 0.048333
18 0.448125 0.662083 0.037500 0.052500
11 0.563125 0.484167 0.036250 0.050000
16 0.228125 0.671250 0.035000 0.052500
37 0.512188 0.601667 0.036875 0.051667
14 0.486875 0.720000 0.050000 0.055000
21 0.194062 0.556667 0.035625 0.051667
3 0.171875 0.499583 0.037500 0.050833
39 0.586562 0.540417 0.035625 0.050833
40 0.492188 0.659583 0.036875 0.050833
13 0.156250 0.733750 0.047500 0.054167
30 0.505000 0.580000 0.985000 0.450000
22 0.640938 0.567083 0.059375 0.110833
9 0.433437 0.489583 0.036875 0.052500
