32 0.076797 0.562215 0.032680 0.049087
15 0.288399 0.557078 0.032680 0.047945
35 0.329657 0.555936 0.031863 0.047945
55 0.246324 0.558219 0.031863 0.047945
42 0.213235 0.444064 0.032680 0.047945
40 0.452206 0.552511 0.030229 0.045662
20 0.584150 0.377854 0.070261 0.047945
22 0.593954 0.463470 0.050654 0.105023
53 0.339052 0.441781 0.032680 0.047945
38 0.462418 0.438356 0.031046 0.045662
10 0.098448 0.504566 0.033497 0.047945
9 0.398693 0.383562 0.032680 0.047945
41 0.086601 0.448059 0.032680 0.049087
14 0.447712 0.609589 0.042484 0.047945
47 0.290850 0.615868 0.251634 0.053653
12 0.513889 0.494292 0.031046 0.047945
16 0.204248 0.558790 0.032680 0.046804
34 0.493464 0.551941 0.031046 0.046804
13 0.135621 0.619863 0.042484 0.047945
54 0.502451 0.437785 0.031046 0.046804
21 0.170343 0.445776 0.033497 0.049087
49 0.031863 0.622146 0.042484 0.047945
7 0.316585 0.384703 0.033497 0.047945
0 0.440359 0.382420 0.032680 0.047945
33 0.370507 0.554224 0.031863 0.046804
6 0.274101 0.385845 0.033497 0.047945
43 0.140523 0.503995 0.032680 0.049087
23 0.225490 0.501142 0.031046 0.047945
20 0.679739 0.715753 0.089869 0.066210
39 0.543709 0.436644 0.030229 0.046804
24 0.266748 0.500571 0.031863 0.046804
5 0.231618 0.386986 0.033497 0.047945
30 0.480801 0.461758 0.959967 0.407534
1 0.062092 0.390411 0.032680 0.047945
44 0.031046 0.565068 0.040850 0.047945
51 0.255310 0.442922 0.031863 0.047945
37 0.472222 0.495434 0.031046 0.047945
45 0.041667 0.507420 0.062092 0.049087
27 0.379902 0.441210 0.031046 0.046804
3 0.146650 0.388699 0.033497 0.049087
28 0.349673 0.497717 0.031046 0.047945
17 0.020425 0.390411 0.031046 0.047945
19 0.182190 0.502854 0.032680 0.049087
52 0.033497 0.449201 0.050654 0.049087
58 0.120507 0.562785 0.031863 0.047945
56 0.128268 0.446918 0.032680 0.049087
48 0.480801 0.381279 0.031863 0.047945
46 0.570261 0.550799 0.101307 0.049087
59 0.296569 0.441781 0.032680 0.047945
36 0.420343 0.440068 0.031863 0.046804
31 0.431373 0.496005 0.031046 0.046804
2 0.104167 0.389840 0.033497 0.049087
8 0.357435 0.384703 0.033497 0.050228
18 0.411356 0.554795 0.030229 0.047945
57 0.162173 0.561073 0.031863 0.049087
4 0.189542 0.387557 0.032680 0.049087
25 0.308415 0.498858 0.031863 0.047945
11 0.521650 0.379566 0.030229 0.046804
29 0.391340 0.497146 0.031046 0.046804
26 0.554330 0.492580 0.030229 0.046804
50 0.600899 0.606164 0.041667 0.047945
