47 0.325990 0.740630 0.280332 0.062181
46 0.626756 0.667802 0.118135 0.054514
36 0.462324 0.555792 0.038314 0.051959
28 0.386654 0.617121 0.036398 0.053663
55 0.275862 0.680579 0.037037 0.052811
23 0.252554 0.622658 0.035121 0.052811
34 0.543103 0.669506 0.037676 0.052811
19 0.206897 0.625639 0.034483 0.053663
58 0.139527 0.687394 0.036398 0.052811
31 0.474777 0.613714 0.037676 0.053663
53 0.374840 0.558773 0.037037 0.052811
56 0.150383 0.567717 0.036398 0.053663
25 0.342593 0.619250 0.037676 0.054514
29 0.431354 0.615417 0.037676 0.053663
6 0.307152 0.502129 0.038314 0.051959
20 0.638889 0.488075 0.081098 0.049404
32 0.095466 0.688245 0.037676 0.052811
59 0.329183 0.560903 0.035121 0.051959
49 0.044381 0.750852 0.046616 0.053663
35 0.365581 0.676746 0.038953 0.055366
54 0.551405 0.551533 0.037676 0.051959
44 0.044700 0.690801 0.043423 0.049404
8 0.395594 0.500426 0.037676 0.053663
0 0.483716 0.495741 0.038953 0.052811
51 0.285760 0.562606 0.037676 0.051959
5 0.262133 0.503833 0.037676 0.053663
10 0.117816 0.627768 0.037676 0.052811
33 0.409962 0.675894 0.039591 0.053663
42 0.241060 0.565162 0.037676 0.051959
38 0.507344 0.554089 0.037676 0.053663
2 0.127714 0.509796 0.037037 0.050256
12 0.564176 0.609881 0.037676 0.052811
48 0.528097 0.494037 0.039591 0.052811
15 0.319923 0.678876 0.038314 0.054514
50 0.662516 0.725724 0.053001 0.056218
24 0.296935 0.620528 0.037037 0.053663
43 0.162197 0.626491 0.034483 0.053663
17 0.039911 0.512777 0.036398 0.047700
26 0.608557 0.606899 0.035760 0.053663
52 0.050128 0.571124 0.054278 0.050256
45 0.056194 0.631601 0.066411 0.050256
7 0.352171 0.500852 0.037676 0.052811
57 0.186143 0.684838 0.037676 0.052811
41 0.105683 0.569421 0.037676 0.051959
4 0.217752 0.505963 0.037037 0.052811
27 0.419221 0.556644 0.036398 0.051959
1 0.083014 0.511073 0.037037 0.049404
18 0.454662 0.673339 0.038314 0.053663
11 0.572158 0.491482 0.037037 0.051107
16 0.229885 0.682709 0.035760 0.053663
37 0.520115 0.611584 0.037676 0.052811
14 0.494253 0.732538 0.051086 0.056218
21 0.195083 0.565588 0.036398 0.052811
3 0.172414 0.507240 0.038314 0.051959
39 0.596105 0.548978 0.036398 0.051959
40 0.499681 0.670784 0.037676 0.051959
13 0.156450 0.746593 0.048531 0.055366
30 0.505109 0.589438 0.991060 0.459966
22 0.651660 0.576235 0.060664 0.113288
9 0.439655 0.497019 0.037676 0.053663
