52 0.123000 0.537171 0.076667 0.087942
48 0.655333 0.399365 0.029333 0.064370
0 0.616000 0.401179 0.030667 0.066183
53 0.506333 0.491387 0.032667 0.068903
41 0.198667 0.527652 0.044000 0.083409
5 0.393667 0.419764 0.036667 0.072529
22 0.750000 0.498187 0.041333 0.140526
38 0.631000 0.476428 0.028667 0.064370
44 0.117000 0.732548 0.063333 0.087035
57 0.299000 0.694923 0.040667 0.073436
21 0.310667 0.513146 0.040000 0.076156
14 0.603667 0.713509 0.043333 0.065277
45 0.129667 0.633273 0.092667 0.091568
25 0.470333 0.577516 0.034000 0.070716
47 0.447667 0.748867 0.258000 0.128740
28 0.515333 0.571623 0.032000 0.067996
20 0.746333 0.392566 0.060667 0.059837
10 0.212667 0.618314 0.042667 0.079782
36 0.591000 0.481868 0.030000 0.064370
17 0.110667 0.439710 0.044000 0.081596
2 0.230667 0.430644 0.042667 0.077969
59 0.461000 0.497280 0.034000 0.071623
6 0.442000 0.414778 0.036000 0.071623
51 0.413667 0.501813 0.035333 0.071623
42 0.364333 0.508613 0.036667 0.074343
50 0.747333 0.679057 0.046667 0.059837
26 0.712333 0.540345 0.027333 0.061650
4 0.342333 0.422484 0.038000 0.074343
29 0.558333 0.564370 0.031333 0.067996
35 0.493333 0.657298 0.034667 0.067090
9 0.575333 0.404805 0.032000 0.067996
56 0.256000 0.519492 0.041333 0.079782
15 0.447667 0.665458 0.036667 0.068903
24 0.423667 0.585675 0.035333 0.070716
54 0.669000 0.472348 0.027333 0.063463
43 0.270000 0.610154 0.041333 0.077969
37 0.638000 0.552131 0.029333 0.065277
3 0.288000 0.426564 0.040000 0.077063
30 0.512000 0.571170 0.958667 0.719855
32 0.184667 0.717135 0.045333 0.081596
40 0.619333 0.631006 0.030667 0.061650
46 0.725667 0.612421 0.090000 0.071623
18 0.578667 0.639166 0.032000 0.065277
34 0.657333 0.623300 0.030667 0.058930
49 0.124667 0.827743 0.081333 0.096102
23 0.375000 0.593835 0.036667 0.072529
7 0.488000 0.410698 0.033333 0.068903
1 0.171667 0.436083 0.043333 0.077969
19 0.323667 0.601541 0.038000 0.075249
33 0.536667 0.647325 0.034667 0.067090
11 0.692667 0.395739 0.026667 0.060743
13 0.278000 0.790118 0.056000 0.082502
8 0.532000 0.408885 0.033333 0.068903
31 0.599000 0.558024 0.030000 0.064370
12 0.676333 0.546238 0.028667 0.064370
39 0.705667 0.467362 0.026000 0.060743
16 0.350333 0.686310 0.039333 0.072529
55 0.401000 0.674524 0.038000 0.070716
58 0.243667 0.705802 0.043333 0.077063
27 0.549333 0.485947 0.030667 0.067090
