52 0.121631 0.537156 0.077493 0.088991
48 0.659704 0.397706 0.029650 0.065138
0 0.619946 0.399541 0.030997 0.066972
53 0.509097 0.490826 0.033019 0.069725
41 0.198113 0.527523 0.044474 0.084404
5 0.395216 0.418349 0.037062 0.073394
22 0.755391 0.497706 0.041779 0.142202
38 0.635108 0.475688 0.028976 0.065138
44 0.115566 0.734862 0.064016 0.088073
57 0.299528 0.696789 0.041105 0.074312
21 0.311321 0.512844 0.040431 0.077064
14 0.607480 0.715596 0.043801 0.066055
45 0.128369 0.634404 0.093666 0.092661
25 0.472709 0.577982 0.034367 0.071560
47 0.449798 0.751376 0.260782 0.130275
28 0.518194 0.572018 0.032345 0.068807
20 0.751685 0.390826 0.061321 0.060550
10 0.212264 0.619266 0.043127 0.080734
36 0.594677 0.481193 0.030323 0.065138
17 0.109164 0.438532 0.044474 0.082569
2 0.230458 0.429358 0.043127 0.078899
59 0.463275 0.496789 0.034367 0.072477
6 0.444070 0.413303 0.036388 0.072477
51 0.415431 0.501376 0.035714 0.072477
42 0.365566 0.508257 0.037062 0.075229
50 0.752695 0.680734 0.047170 0.060550
26 0.717318 0.540367 0.027628 0.062385
4 0.343329 0.421101 0.038410 0.075229
29 0.561658 0.564679 0.031671 0.068807
35 0.495957 0.658716 0.035040 0.067890
9 0.578841 0.403211 0.032345 0.068807
56 0.256065 0.519266 0.041779 0.080734
15 0.449798 0.666972 0.037062 0.069725
24 0.425539 0.586239 0.035714 0.071560
54 0.673518 0.471560 0.027628 0.064220
43 0.270216 0.611009 0.041779 0.078899
37 0.642183 0.552294 0.029650 0.066055
3 0.288410 0.425229 0.040431 0.077982
30 0.514825 0.571560 0.969003 0.728440
32 0.183962 0.719266 0.045822 0.082569
40 0.623315 0.632110 0.030997 0.062385
46 0.730795 0.613303 0.090970 0.072477
18 0.582210 0.640367 0.032345 0.066055
34 0.661725 0.624312 0.030997 0.059633
49 0.123315 0.831193 0.082210 0.097248
23 0.376348 0.594495 0.037062 0.073394
7 0.490566 0.409174 0.033693 0.069725
1 0.170822 0.434862 0.043801 0.078899
19 0.324461 0.602294 0.038410 0.076147
33 0.539757 0.648624 0.035040 0.067890
11 0.697439 0.394037 0.026954 0.061468
13 0.278302 0.793119 0.056604 0.083486
8 0.535040 0.407339 0.033693 0.069725
31 0.602763 0.558257 0.030323 0.065138
12 0.680930 0.546330 0.028976 0.065138
39 0.710580 0.466514 0.026280 0.061468
16 0.351415 0.688073 0.039757 0.073394
55 0.402628 0.676147 0.038410 0.071560
58 0.243598 0.707798 0.043801 0.077982
27 0.552561 0.485321 0.030997 0.067890
