47 0.290823 0.776108 0.202429 0.068038
56 0.159919 0.546677 0.025641 0.064873
17 0.074899 0.470728 0.024291 0.061709
49 0.079622 0.780063 0.035088 0.069620
30 0.424089 0.592563 0.752362 0.526899
7 0.311741 0.470728 0.025641 0.064873
24 0.269906 0.622627 0.026991 0.068038
18 0.386640 0.694620 0.025641 0.066456
3 0.175776 0.471519 0.024966 0.063291
53 0.328273 0.545095 0.026316 0.068038
16 0.218961 0.700158 0.026316 0.068038
39 0.491228 0.543513 0.026991 0.068038
38 0.427126 0.544304 0.025641 0.063291
44 0.079622 0.703323 0.033738 0.064873
41 0.125843 0.547468 0.026316 0.066456
55 0.252362 0.698576 0.025641 0.064873
10 0.134953 0.624209 0.024291 0.068038
15 0.286437 0.696994 0.027665 0.068038
19 0.202767 0.624209 0.024966 0.068038
23 0.236167 0.622627 0.024291 0.064873
46 0.511134 0.692247 0.081646 0.064873
6 0.278340 0.468354 0.026316 0.063291
25 0.303306 0.621044 0.026316 0.068038
9 0.377530 0.469146 0.026316 0.064873
28 0.337382 0.620253 0.025641 0.066456
42 0.228070 0.546677 0.025641 0.064873
21 0.194332 0.545095 0.024291 0.064873
20 0.522605 0.467563 0.056005 0.058544
45 0.088731 0.627373 0.050607 0.068038
58 0.151147 0.700158 0.024291 0.064873
43 0.168354 0.624209 0.024966 0.068038
11 0.475034 0.469146 0.026991 0.061709
13 0.163630 0.777690 0.034413 0.068038
51 0.261134 0.545095 0.024291 0.064873
27 0.361673 0.544304 0.025641 0.063291
26 0.499663 0.618671 0.027665 0.069620
4 0.209852 0.469937 0.024291 0.063291
32 0.117746 0.700949 0.024966 0.066456
14 0.415992 0.769778 0.037112 0.071203
54 0.459514 0.545095 0.026991 0.068038
35 0.319838 0.696994 0.026991 0.068038
31 0.403509 0.619462 0.026991 0.068038
50 0.535762 0.766614 0.037787 0.068038
34 0.451754 0.693829 0.027665 0.068038
1 0.107962 0.470728 0.024291 0.061709
0 0.410594 0.469937 0.026316 0.063291
33 0.353576 0.696203 0.028340 0.069620
22 0.530364 0.578323 0.043185 0.143987
52 0.084345 0.547468 0.040486 0.066456
29 0.370783 0.620253 0.027665 0.069620
48 0.442645 0.469937 0.026991 0.063291
37 0.435897 0.619462 0.028340 0.068038
57 0.185223 0.700158 0.024966 0.068038
59 0.294534 0.544304 0.024966 0.063291
8 0.344467 0.470728 0.026316 0.064873
5 0.243927 0.469146 0.024966 0.064873
12 0.468286 0.617880 0.028340 0.068038
2 0.142038 0.471519 0.024966 0.063291
36 0.394737 0.545095 0.026991 0.064873
40 0.419703 0.693829 0.026991 0.064873
