56 0.143667 0.632640 0.036667 0.074122
46 0.598667 0.799740 0.112000 0.072822
7 0.337000 0.550065 0.036667 0.072822
29 0.411667 0.715865 0.036667 0.074122
51 0.272333 0.631339 0.035333 0.071521
52 0.048000 0.631990 0.057333 0.070221
16 0.219000 0.798440 0.038000 0.070221
36 0.443333 0.631990 0.037333 0.072822
24 0.283000 0.715215 0.036667 0.072822
48 0.508000 0.550715 0.037333 0.074122
1 0.080000 0.548765 0.036000 0.070221
13 0.150000 0.881664 0.049333 0.072822
10 0.112000 0.715865 0.037333 0.074122
11 0.550667 0.549415 0.036000 0.071521
43 0.154667 0.715215 0.037333 0.072822
40 0.475667 0.799090 0.036667 0.071521
54 0.529000 0.632640 0.036667 0.074122
27 0.401000 0.631990 0.036667 0.070221
49 0.042667 0.881664 0.049333 0.075423
38 0.486333 0.631990 0.036667 0.072822
15 0.304667 0.798440 0.037333 0.070221
8 0.379667 0.551365 0.038000 0.075423
9 0.422333 0.551365 0.038000 0.075423
12 0.539667 0.715215 0.036667 0.075423
50 0.631333 0.882315 0.050667 0.076723
33 0.390667 0.799090 0.038667 0.074122
26 0.582333 0.715865 0.036667 0.074122
57 0.176667 0.799090 0.037333 0.071521
22 0.624667 0.671651 0.058667 0.159948
53 0.358000 0.633290 0.037333 0.072822
20 0.615000 0.548765 0.078000 0.070221
25 0.325333 0.715215 0.036000 0.072822
44 0.043000 0.797789 0.047333 0.071521
32 0.090333 0.799090 0.038000 0.074122
37 0.497000 0.715865 0.038000 0.074122
58 0.133333 0.798440 0.037333 0.070221
5 0.251333 0.550065 0.037333 0.072822
42 0.229667 0.632640 0.036667 0.071521
45 0.053667 0.715865 0.068667 0.074122
14 0.470667 0.882965 0.049333 0.075423
6 0.295000 0.550715 0.038000 0.071521
21 0.187000 0.632640 0.036667 0.074122
39 0.571667 0.632640 0.036667 0.074122
18 0.432667 0.799090 0.037333 0.074122
59 0.315333 0.631990 0.036000 0.072822
35 0.347667 0.799090 0.038000 0.071521
55 0.262333 0.797789 0.036667 0.071521
28 0.368667 0.715865 0.036000 0.074122
31 0.454000 0.715215 0.037333 0.072822
2 0.122667 0.550065 0.037333 0.072822
23 0.240000 0.715215 0.036000 0.072822
30 0.499000 0.666450 0.994000 0.635891
4 0.208333 0.549415 0.035333 0.071521
17 0.037000 0.549415 0.036667 0.068921
41 0.101333 0.632640 0.038667 0.074122
3 0.165667 0.550065 0.036667 0.072822
47 0.310000 0.885566 0.269333 0.078023
34 0.518000 0.799090 0.037333 0.071521
0 0.465333 0.550715 0.037333 0.074122
19 0.197333 0.715865 0.037333 0.074122
