4 0.207667 0.460469 0.035333 0.083455
16 0.219667 0.743045 0.035333 0.083455
39 0.572667 0.555637 0.034667 0.083455
27 0.401667 0.554905 0.035333 0.081991
3 0.163333 0.462665 0.033333 0.081991
38 0.487667 0.556369 0.036667 0.081991
35 0.348333 0.742313 0.036667 0.084919
33 0.391000 0.743045 0.039333 0.086384
11 0.551333 0.463397 0.034667 0.083455
2 0.120000 0.461201 0.032000 0.081991
50 0.626667 0.836750 0.058667 0.083455
34 0.518667 0.742313 0.034667 0.081991
54 0.530667 0.557833 0.037333 0.084919
30 0.500667 0.590044 0.998667 0.720351
24 0.283000 0.648609 0.035333 0.081991
13 0.160667 0.836018 0.045333 0.081991
45 0.052667 0.650073 0.065333 0.081991
1 0.077667 0.461933 0.031333 0.080527
58 0.133333 0.741581 0.032000 0.080527
7 0.336667 0.461201 0.036000 0.084919
29 0.411333 0.649341 0.036000 0.083455
12 0.540667 0.650073 0.036000 0.084919
8 0.379667 0.462665 0.038000 0.087848
44 0.041333 0.742313 0.042667 0.079063
10 0.111333 0.649341 0.032000 0.083455
0 0.466667 0.461933 0.038667 0.083455
28 0.368667 0.648609 0.034667 0.081991
6 0.294000 0.461933 0.037333 0.083455
51 0.273000 0.554905 0.034000 0.081991
25 0.326000 0.648609 0.034667 0.081991
22 0.626333 0.602489 0.056667 0.183016
41 0.100333 0.555637 0.034000 0.083455
36 0.444000 0.557101 0.036000 0.083455
46 0.600000 0.743777 0.108000 0.081991
40 0.476667 0.741581 0.034667 0.080527
31 0.454333 0.649341 0.035333 0.083455
26 0.583000 0.650073 0.035333 0.084919
14 0.459667 0.836750 0.047333 0.083455
55 0.262333 0.740849 0.035333 0.081991
21 0.186333 0.555637 0.034000 0.083455
56 0.143000 0.554905 0.032667 0.081991
19 0.197000 0.648609 0.034000 0.081991
23 0.240000 0.648609 0.033333 0.081991
57 0.176667 0.741581 0.033333 0.080527
5 0.250667 0.461933 0.037333 0.086384
43 0.154000 0.648609 0.033333 0.081991
53 0.358333 0.556369 0.036667 0.084919
15 0.305333 0.742313 0.037333 0.081991
32 0.090000 0.741581 0.033333 0.080527
18 0.433333 0.741581 0.036000 0.083455
9 0.423000 0.462665 0.038000 0.084919
17 0.034333 0.461201 0.031333 0.079063
59 0.315667 0.556369 0.036667 0.084919
47 0.311333 0.836750 0.241333 0.086384
42 0.230333 0.555637 0.036667 0.083455
49 0.047000 0.835286 0.055333 0.083455
52 0.046000 0.555637 0.054667 0.080527
48 0.509000 0.464129 0.038000 0.084919
37 0.497333 0.650073 0.036000 0.084919
20 0.616667 0.465593 0.077333 0.084919
