36 0.460354 0.437937 0.032110 0.045455
30 0.513106 0.467657 0.975098 0.416084
30 0.531455 0.093531 0.938401 0.185315
2 0.138270 0.390297 0.032765 0.048077
44 0.059633 0.564248 0.040629 0.046329
17 0.053408 0.393357 0.029489 0.047203
23 0.259830 0.500000 0.030799 0.043706
21 0.204784 0.444493 0.032110 0.046329
35 0.366317 0.552448 0.032765 0.045455
49 0.058650 0.621941 0.042595 0.046329
3 0.181193 0.387238 0.032110 0.048951
15 0.324050 0.553759 0.033421 0.046329
26 0.597969 0.487325 0.032110 0.046329
4 0.225098 0.387238 0.032110 0.048951
39 0.586828 0.433566 0.030799 0.045455
56 0.161206 0.446678 0.032765 0.047203
27 0.418742 0.438811 0.031455 0.045455
45 0.070773 0.506993 0.061599 0.047203
57 0.194299 0.559441 0.032110 0.047203
46 0.615990 0.544580 0.106160 0.045455
43 0.172674 0.502622 0.032110 0.045455
16 0.237877 0.556818 0.032765 0.045455
50 0.649738 0.600524 0.046527 0.048951
11 0.564220 0.376748 0.031455 0.047203
10 0.129096 0.504808 0.032765 0.046329
5 0.268021 0.385490 0.032765 0.048951
52 0.065858 0.450612 0.050459 0.046329
47 0.327326 0.614073 0.258847 0.056818
7 0.353211 0.383304 0.034076 0.049825
31 0.472149 0.493444 0.032110 0.046329
22 0.639908 0.459790 0.053080 0.101399
19 0.215924 0.501748 0.032110 0.045455
25 0.345020 0.496503 0.032110 0.045455
9 0.438073 0.380682 0.033421 0.048077
42 0.248362 0.443619 0.032765 0.046329
1 0.095020 0.391608 0.031455 0.048951
20 0.629423 0.373689 0.074050 0.049825
34 0.536042 0.546766 0.031455 0.044580
14 0.489187 0.605769 0.043906 0.048951
12 0.556029 0.489510 0.032110 0.045455
24 0.302425 0.498252 0.032110 0.043706
48 0.522936 0.379371 0.032765 0.047203
55 0.281455 0.555070 0.032110 0.045455
18 0.451507 0.550699 0.031455 0.045455
58 0.150721 0.561189 0.032765 0.045455
13 0.166121 0.618444 0.043906 0.048077
33 0.409240 0.550699 0.033421 0.045455
28 0.387942 0.496503 0.031455 0.045455
37 0.514089 0.492133 0.032110 0.045455
0 0.480996 0.378934 0.032765 0.049825
38 0.502949 0.436189 0.032110 0.045455
40 0.494102 0.548077 0.031455 0.043706
54 0.544889 0.435752 0.032110 0.046329
29 0.430210 0.494318 0.032110 0.046329
32 0.106160 0.562063 0.032765 0.047203
8 0.396134 0.381993 0.033421 0.048951
59 0.333552 0.440997 0.032765 0.046329
53 0.376147 0.440122 0.032765 0.046329
41 0.118283 0.447990 0.033421 0.046329
51 0.290957 0.442745 0.031455 0.046329
6 0.310288 0.383304 0.033421 0.049825
