17 0.008480 0.523567 0.015604 0.048983
19 0.102442 0.660351 0.035278 0.048983
48 0.877544 0.633087 0.049525 0.064695
7 0.257463 0.530961 0.034600 0.060074
1 0.025441 0.522643 0.033243 0.050832
48 0.433514 0.535582 0.040706 0.061922
46 0.496608 0.763863 0.130258 0.060074
4 0.137720 0.526340 0.033921 0.056377
23 0.142130 0.662200 0.035957 0.050832
12 0.444369 0.684381 0.043419 0.054529
2 0.062076 0.523567 0.034600 0.054529
1 0.819878 0.630314 0.045455 0.064695
3 0.099050 0.526802 0.033921 0.055453
28 0.265265 0.670980 0.037992 0.053604
55 0.146540 0.731054 0.037992 0.048059
27 0.310719 0.602126 0.036635 0.054529
11 0.479986 0.536044 0.040027 0.062847
42 0.146201 0.595194 0.035957 0.053604
0 0.388399 0.534658 0.040027 0.061922
37 0.864993 0.714880 0.048847 0.061922
32 0.009837 0.717190 0.018318 0.049908
58 0.030868 0.721349 0.037313 0.048983
30 0.500678 0.702403 1.000000 0.597043
34 0.406038 0.755083 0.044098 0.055453
14 0.340231 0.822551 0.054953 0.053604
31 0.352782 0.676525 0.040706 0.053604
8 0.300204 0.532810 0.037313 0.061922
5 0.177748 0.528189 0.036635 0.058226
38 0.399254 0.608133 0.038670 0.055453
43 0.064450 0.657116 0.036635 0.049908
47 0.181140 0.809150 0.255088 0.074861
53 0.267978 0.600739 0.036635 0.053604
21 0.107191 0.592884 0.035278 0.054529
45 0.015943 0.650647 0.030529 0.048059
24 0.182497 0.665896 0.036635 0.050832
39 0.493216 0.612754 0.040706 0.059150
52 0.013229 0.585952 0.025102 0.049908
49 0.012212 0.776802 0.023066 0.047135
20 0.552239 0.537893 0.086839 0.059150
36 0.354138 0.605823 0.037992 0.054529
26 0.492537 0.689926 0.043419 0.060074
6 0.218114 0.529575 0.037313 0.059150
16 0.107531 0.727819 0.038670 0.048983
25 0.223202 0.668207 0.037992 0.051756
37 0.397558 0.681608 0.040706 0.054529
54 0.445726 0.611368 0.040706 0.058226
15 0.186906 0.734288 0.041384 0.050832
13 0.029851 0.788355 0.047490 0.049908
57 0.068182 0.725046 0.037313 0.050832
35 0.228969 0.737985 0.040027 0.050832
50 0.518996 0.843346 0.059701 0.056377
56 0.069199 0.591035 0.032564 0.050832
44 0.012212 0.713956 0.023066 0.047135
51 0.185889 0.597505 0.033921 0.052680
33 0.271370 0.743068 0.042062 0.051756
40 0.359905 0.750462 0.045455 0.053604
59 0.226255 0.598429 0.035957 0.052680
29 0.308345 0.674214 0.040027 0.052680
41 0.032564 0.588725 0.033921 0.051756
22 0.554274 0.653420 0.067843 0.136784
9 0.342944 0.533272 0.038670 0.060998
18 0.315129 0.745841 0.044098 0.053604
10 0.026798 0.654806 0.034600 0.048983
