18 0.433333 0.753173 0.032000 0.076164
43 0.154333 0.661495 0.031333 0.078984
54 0.530667 0.572638 0.033333 0.078984
30 0.500333 0.607898 0.999333 0.685472
2 0.120000 0.480959 0.032000 0.076164
9 0.422667 0.481664 0.033333 0.077574
47 0.310333 0.844147 0.239333 0.086037
32 0.090333 0.751763 0.032667 0.076164
19 0.198000 0.661495 0.032000 0.078984
5 0.251667 0.485896 0.032667 0.077574
49 0.047667 0.842031 0.054000 0.078984
39 0.573333 0.571932 0.032000 0.077574
22 0.626667 0.617066 0.053333 0.173484
15 0.304667 0.751763 0.033333 0.076164
35 0.347667 0.751763 0.032667 0.076164
8 0.379667 0.481664 0.032667 0.077574
33 0.390333 0.751763 0.034000 0.076164
42 0.229667 0.571932 0.032667 0.077574
11 0.552000 0.483780 0.032000 0.076164
46 0.599667 0.751763 0.106000 0.076164
7 0.337000 0.480254 0.032667 0.077574
31 0.455000 0.662200 0.032667 0.080395
14 0.459667 0.843441 0.044667 0.078984
10 0.111333 0.661495 0.032000 0.078984
38 0.487667 0.571932 0.032667 0.077574
23 0.240333 0.661495 0.031333 0.078984
51 0.272667 0.571227 0.032000 0.078984
40 0.477000 0.751763 0.032667 0.076164
24 0.283000 0.661495 0.031333 0.078984
36 0.444333 0.571932 0.032667 0.077574
50 0.626667 0.843441 0.054667 0.078984
1 0.077667 0.483075 0.031333 0.074753
4 0.209000 0.484485 0.032667 0.077574
26 0.583333 0.662906 0.032000 0.078984
6 0.293667 0.480254 0.032667 0.077574
34 0.518667 0.752468 0.033333 0.074753
12 0.540667 0.662906 0.033333 0.078984
0 0.466333 0.480254 0.034000 0.077574
25 0.326000 0.662200 0.032000 0.077574
53 0.359000 0.571932 0.032667 0.077574
17 0.034000 0.480254 0.032000 0.077574
56 0.143000 0.571227 0.032667 0.078984
57 0.177000 0.751763 0.031333 0.076164
16 0.219333 0.752468 0.032000 0.074753
29 0.412333 0.661495 0.032667 0.078984
37 0.497667 0.662906 0.032667 0.078984
48 0.509667 0.482370 0.032667 0.076164
41 0.100000 0.571227 0.032000 0.078984
20 0.616667 0.483075 0.074667 0.077574
21 0.186667 0.571227 0.032000 0.078984
13 0.161000 0.843441 0.043333 0.078984
58 0.133667 0.751763 0.031333 0.076164
45 0.052667 0.661495 0.064000 0.078984
3 0.164000 0.480959 0.032000 0.076164
28 0.369333 0.662906 0.032000 0.078984
55 0.262000 0.751058 0.032000 0.074753
44 0.041667 0.752468 0.042000 0.074753
52 0.046667 0.571227 0.053333 0.076164
27 0.401667 0.571932 0.032667 0.077574
59 0.315667 0.571932 0.032667 0.077574
