18 0.434636 0.754286 0.032345 0.077143
43 0.152628 0.661429 0.031671 0.080000
54 0.533019 0.571429 0.033693 0.080000
30 0.500674 0.607143 1.000000 0.694286
2 0.117925 0.478571 0.032345 0.077143
9 0.423854 0.479286 0.033693 0.078571
47 0.310310 0.846429 0.241914 0.087143
32 0.087938 0.752857 0.033019 0.077143
19 0.196765 0.661429 0.032345 0.080000
5 0.251011 0.483571 0.033019 0.078571
49 0.044811 0.844286 0.054582 0.080000
39 0.576146 0.570714 0.032345 0.078571
22 0.630054 0.616429 0.053908 0.175714
15 0.304582 0.752857 0.033693 0.077143
35 0.348046 0.752857 0.033019 0.077143
8 0.380391 0.479286 0.033019 0.078571
33 0.391173 0.752857 0.034367 0.077143
42 0.228774 0.570714 0.033019 0.078571
11 0.554582 0.481429 0.032345 0.077143
46 0.602763 0.752857 0.107143 0.077143
7 0.337264 0.477857 0.033019 0.078571
31 0.456536 0.662143 0.033019 0.081429
14 0.461253 0.845714 0.045148 0.080000
10 0.109164 0.661429 0.032345 0.080000
38 0.489555 0.570714 0.033019 0.078571
23 0.239555 0.661429 0.031671 0.080000
51 0.272237 0.570000 0.032345 0.080000
40 0.478774 0.752857 0.033019 0.077143
24 0.282682 0.661429 0.031671 0.080000
36 0.445755 0.570714 0.033019 0.078571
50 0.630054 0.845714 0.055256 0.080000
1 0.075135 0.480714 0.031671 0.075714
4 0.207884 0.482143 0.033019 0.078571
26 0.586253 0.662857 0.032345 0.080000
6 0.293464 0.477857 0.033019 0.078571
34 0.520889 0.753571 0.033693 0.075714
12 0.543127 0.662857 0.033693 0.080000
0 0.467992 0.477857 0.034367 0.078571
25 0.326146 0.662143 0.032345 0.078571
53 0.359501 0.570714 0.033019 0.078571
17 0.030997 0.477857 0.032345 0.078571
56 0.141173 0.570000 0.033019 0.080000
57 0.175539 0.752857 0.031671 0.077143
16 0.218329 0.753571 0.032345 0.075714
29 0.413410 0.661429 0.033019 0.080000
37 0.499663 0.662857 0.033019 0.080000
48 0.511792 0.480000 0.033019 0.077143
41 0.097709 0.570000 0.032345 0.080000
20 0.619946 0.480714 0.075472 0.078571
21 0.185310 0.570000 0.032345 0.080000
13 0.159367 0.845714 0.043801 0.080000
58 0.131739 0.752857 0.031671 0.077143
45 0.049865 0.661429 0.064690 0.080000
3 0.162399 0.478571 0.032345 0.077143
28 0.369946 0.662857 0.032345 0.080000
55 0.261456 0.752143 0.032345 0.075714
44 0.038747 0.753571 0.042453 0.075714
52 0.043801 0.570000 0.053908 0.077143
27 0.402628 0.570714 0.033019 0.078571
59 0.315701 0.570714 0.033019 0.078571
