50 0.613439 0.867080 0.053468 0.081267
46 0.580564 0.780303 0.114884 0.073003
18 0.402457 0.779614 0.036127 0.074380
36 0.415462 0.607438 0.037572 0.071625
20 0.596821 0.522727 0.078035 0.067493
11 0.529624 0.522727 0.036127 0.070248
31 0.426662 0.692837 0.036850 0.074380
59 0.273844 0.606061 0.033237 0.074380
4 0.153902 0.517218 0.034682 0.073003
3 0.106575 0.517906 0.035405 0.071625
57 0.117052 0.781680 0.034682 0.075758
53 0.320448 0.607438 0.035405 0.074380
58 0.068280 0.782369 0.033960 0.074380
0 0.438584 0.523416 0.037572 0.074380
38 0.461705 0.607438 0.036127 0.071625
2 0.058887 0.517218 0.035405 0.070248
42 0.179552 0.606061 0.035405 0.074380
22 0.607659 0.650826 0.057803 0.158402
52 0.015535 0.602617 0.029624 0.073003
27 0.368497 0.606061 0.036127 0.071625
35 0.307442 0.780992 0.036850 0.077135
44 0.012645 0.781680 0.023844 0.073003
43 0.093931 0.693526 0.033237 0.075758
28 0.332731 0.692837 0.035405 0.077135
33 0.355491 0.780992 0.039017 0.079890
8 0.345014 0.520661 0.036850 0.074380
23 0.191113 0.692837 0.032514 0.074380
26 0.562500 0.694215 0.036850 0.077135
7 0.298049 0.520661 0.035405 0.074380
9 0.392341 0.522039 0.037572 0.074380
10 0.045882 0.692837 0.033960 0.077135
55 0.212066 0.779614 0.035405 0.071625
32 0.019870 0.781680 0.035405 0.081267
6 0.250361 0.517906 0.035405 0.074380
29 0.380419 0.693526 0.036850 0.075758
48 0.484827 0.524105 0.037572 0.070248
51 0.226156 0.604683 0.033237 0.074380
25 0.285405 0.692837 0.034682 0.074380
13 0.084899 0.869146 0.048410 0.074380
41 0.035043 0.603306 0.036850 0.074380
21 0.131142 0.604683 0.035405 0.074380
16 0.164379 0.782369 0.035405 0.074380
15 0.260477 0.780303 0.036850 0.075758
1 0.013728 0.515152 0.026012 0.068871
19 0.141980 0.692837 0.035405 0.074380
12 0.518064 0.694904 0.037572 0.073003
14 0.442919 0.867080 0.052023 0.078512
30 0.497832 0.655647 0.994220 0.622590
5 0.202312 0.517906 0.034682 0.074380
24 0.236994 0.693526 0.034682 0.075758
47 0.264812 0.869835 0.289740 0.078512
39 0.552023 0.610193 0.034682 0.074380
37 0.472543 0.694215 0.037572 0.074380
40 0.449061 0.778926 0.036850 0.073003
17 0.009393 0.513085 0.017341 0.070248
34 0.494581 0.779614 0.038295 0.074380
49 0.013006 0.869835 0.024566 0.073003
54 0.506864 0.608815 0.036850 0.071625
56 0.083092 0.603994 0.033237 0.073003
45 0.019147 0.694215 0.036850 0.077135
