36 0.449688 0.445833 0.030625 0.043333
30 0.507812 0.474167 0.945625 0.396667
30 0.532500 0.106667 0.925000 0.198333
2 0.142500 0.400417 0.031250 0.045833
44 0.067500 0.566250 0.038750 0.044167
17 0.061562 0.403333 0.028125 0.045000
23 0.258437 0.505000 0.029375 0.041667
21 0.205937 0.452083 0.030625 0.044167
35 0.360000 0.555000 0.031250 0.043333
49 0.066562 0.621250 0.040625 0.044167
3 0.183438 0.397500 0.030625 0.046667
15 0.319688 0.556250 0.031875 0.044167
26 0.580937 0.492917 0.030625 0.044167
4 0.225312 0.397500 0.030625 0.046667
39 0.570312 0.441667 0.029375 0.043333
56 0.164375 0.454167 0.031250 0.045000
27 0.410000 0.446667 0.030000 0.043333
45 0.078125 0.511667 0.058750 0.045000
57 0.195937 0.561667 0.030625 0.045000
46 0.598125 0.547500 0.101250 0.043333
43 0.175313 0.507500 0.030625 0.043333
16 0.237500 0.559167 0.031250 0.043333
50 0.630313 0.600833 0.044375 0.046667
11 0.548750 0.387500 0.030000 0.045000
10 0.133750 0.509583 0.031250 0.044167
5 0.266250 0.395833 0.031250 0.046667
52 0.073438 0.457917 0.048125 0.044167
47 0.322813 0.613750 0.246875 0.054167
7 0.347500 0.393750 0.032500 0.047500
31 0.460938 0.498750 0.030625 0.044167
22 0.620938 0.466667 0.050625 0.096667
19 0.216562 0.506667 0.030625 0.043333
25 0.339687 0.501667 0.030625 0.043333
9 0.428438 0.391250 0.031875 0.045833
42 0.247500 0.451250 0.031250 0.044167
1 0.101250 0.401667 0.030000 0.046667
20 0.610938 0.384583 0.070625 0.047500
34 0.521875 0.549583 0.030000 0.042500
14 0.477187 0.605833 0.041875 0.046667
12 0.540937 0.495000 0.030625 0.043333
24 0.299063 0.503333 0.030625 0.041667
48 0.509375 0.390000 0.031250 0.045000
55 0.279062 0.557500 0.030625 0.043333
18 0.441250 0.553333 0.030000 0.043333
58 0.154375 0.563333 0.031250 0.043333
13 0.169063 0.617917 0.041875 0.045833
33 0.400938 0.553333 0.031875 0.043333
28 0.380625 0.501667 0.030000 0.043333
37 0.500938 0.497500 0.030625 0.043333
0 0.469375 0.389583 0.031250 0.047500
38 0.490312 0.444167 0.030625 0.043333
40 0.481875 0.550833 0.030000 0.041667
54 0.530312 0.443750 0.030625 0.044167
29 0.420938 0.499583 0.030625 0.044167
32 0.111875 0.564167 0.031250 0.045000
8 0.388437 0.392500 0.031875 0.046667
59 0.328750 0.448750 0.031250 0.044167
53 0.369375 0.447917 0.031250 0.044167
41 0.123438 0.455417 0.031875 0.044167
51 0.288125 0.450417 0.030000 0.044167
6 0.306563 0.393750 0.031875 0.047500
