47 0.301875 0.728404 0.187500 0.062958
56 0.180625 0.516105 0.023750 0.060029
17 0.101875 0.445827 0.022500 0.057101
49 0.106250 0.732064 0.032500 0.064422
30 0.425312 0.558565 0.696875 0.487555
7 0.321250 0.445827 0.023750 0.060029
24 0.282500 0.586384 0.025000 0.062958
18 0.390625 0.653001 0.023750 0.061493
3 0.195312 0.446559 0.023125 0.058565
53 0.336562 0.514641 0.024375 0.062958
16 0.235313 0.658126 0.024375 0.062958
39 0.487500 0.513177 0.025000 0.062958
38 0.428125 0.513909 0.023750 0.058565
44 0.106250 0.661054 0.031250 0.060029
41 0.149062 0.516837 0.024375 0.061493
55 0.266250 0.656662 0.023750 0.060029
10 0.157500 0.587848 0.022500 0.062958
15 0.297812 0.655198 0.025625 0.062958
19 0.220312 0.587848 0.023125 0.062958
23 0.251250 0.586384 0.022500 0.060029
46 0.505938 0.650805 0.075625 0.060029
6 0.290312 0.443631 0.024375 0.058565
25 0.313437 0.584919 0.024375 0.062958
9 0.382188 0.444363 0.024375 0.060029
28 0.345000 0.584187 0.023750 0.061493
42 0.243750 0.516105 0.023750 0.060029
21 0.212500 0.514641 0.022500 0.060029
20 0.516563 0.442899 0.051875 0.054173
45 0.114687 0.590776 0.046875 0.062958
58 0.172500 0.658126 0.022500 0.060029
43 0.188438 0.587848 0.023125 0.062958
11 0.472500 0.444363 0.025000 0.057101
13 0.184062 0.729868 0.031875 0.062958
51 0.274375 0.514641 0.022500 0.060029
27 0.367500 0.513909 0.023750 0.058565
26 0.495312 0.582723 0.025625 0.064422
4 0.226875 0.445095 0.022500 0.058565
32 0.141563 0.658858 0.023125 0.061493
14 0.417812 0.722548 0.034375 0.065886
54 0.458125 0.514641 0.025000 0.062958
35 0.328750 0.655198 0.025000 0.062958
31 0.406250 0.583455 0.025000 0.062958
50 0.528750 0.719619 0.035000 0.062958
34 0.450937 0.652269 0.025625 0.062958
1 0.132500 0.445827 0.022500 0.057101
0 0.412813 0.445095 0.024375 0.058565
33 0.360000 0.654466 0.026250 0.064422
22 0.523750 0.545388 0.040000 0.133236
52 0.110625 0.516837 0.037500 0.061493
29 0.375937 0.584187 0.025625 0.064422
48 0.442500 0.445095 0.025000 0.058565
37 0.436250 0.583455 0.026250 0.062958
57 0.204063 0.658126 0.023125 0.062958
59 0.305312 0.513909 0.023125 0.058565
8 0.351562 0.445827 0.024375 0.060029
5 0.258437 0.444363 0.023125 0.060029
12 0.466250 0.581991 0.026250 0.062958
2 0.164062 0.446559 0.023125 0.058565
36 0.398125 0.514641 0.025000 0.060029
40 0.421250 0.652269 0.025000 0.060029
