1 0.181507 0.240902 0.045838 0.067247
17 0.128556 0.242089 0.044257 0.064873
41 0.196523 0.317247 0.047418 0.068038
11 0.774499 0.238133 0.045311 0.066456
16 0.347734 0.470728 0.048472 0.069620
54 0.737092 0.316851 0.046365 0.068829
34 0.729189 0.470728 0.048472 0.069620
2 0.233930 0.240902 0.046365 0.067247
19 0.321391 0.393196 0.047418 0.069620
35 0.512118 0.469937 0.048472 0.069620
12 0.757113 0.393196 0.047418 0.069620
13 0.296628 0.557753 0.052687 0.088608
37 0.703109 0.393592 0.046891 0.068829
27 0.575079 0.314082 0.046891 0.068038
39 0.791096 0.315269 0.046891 0.068829
21 0.303214 0.316851 0.046891 0.068829
31 0.648577 0.392405 0.046365 0.069620
9 0.612487 0.238924 0.047945 0.068038
10 0.214700 0.392405 0.046891 0.069620
7 0.503161 0.238133 0.047418 0.068038
29 0.595100 0.391614 0.047945 0.069620
0 0.666754 0.238924 0.047945 0.069620
22 0.829557 0.393196 0.082719 0.071203
23 0.375395 0.392405 0.046891 0.068038
45 0.144889 0.394383 0.081138 0.070411
53 0.520021 0.314873 0.048472 0.069620
4 0.341675 0.238133 0.045838 0.068038
58 0.240780 0.470728 0.046365 0.068038
51 0.410959 0.315269 0.046365 0.068829
48 0.719968 0.238924 0.047945 0.068038
25 0.484721 0.392405 0.048472 0.069620
8 0.558219 0.238528 0.047945 0.068829
52 0.136196 0.318038 0.062698 0.069620
47 0.435195 0.556962 0.211802 0.090190
28 0.539515 0.391614 0.047418 0.069620
20 0.836934 0.240506 0.062698 0.068038
49 0.128820 0.556171 0.052160 0.090190
18 0.621444 0.469937 0.047945 0.069620
3 0.287144 0.239715 0.046365 0.068038
55 0.402002 0.469937 0.048472 0.069620
40 0.676765 0.469146 0.047945 0.068038
24 0.429399 0.392801 0.048472 0.068829
33 0.567176 0.470728 0.048999 0.071203
36 0.629347 0.315665 0.047945 0.069620
26 0.844573 0.317247 0.046365 0.068038
46 0.816122 0.470728 0.109589 0.071203
5 0.394889 0.238924 0.047945 0.068038
56 0.249210 0.316456 0.046365 0.068038
30 0.487619 0.377769 0.793994 0.492880
43 0.267387 0.393196 0.046891 0.068038
59 0.466017 0.314478 0.047945 0.068829
57 0.293467 0.470332 0.047418 0.068829
15 0.457323 0.470728 0.049526 0.069620
50 0.689673 0.556962 0.054795 0.088608
42 0.356955 0.315665 0.046891 0.068038
38 0.683351 0.315665 0.046365 0.068038
6 0.449420 0.238133 0.048472 0.068038
14 0.575606 0.559335 0.054268 0.090190
44 0.157271 0.469541 0.106955 0.070411
