1 0.223658 0.270897 0.044073 0.064590
17 0.172746 0.272036 0.042553 0.062310
41 0.238095 0.344225 0.045593 0.065350
11 0.793820 0.268237 0.043566 0.063830
16 0.383485 0.491641 0.046606 0.066869
54 0.757852 0.343845 0.044580 0.066109
34 0.750253 0.491641 0.046606 0.066869
2 0.274063 0.270897 0.044580 0.064590
19 0.358156 0.417173 0.045593 0.066869
35 0.541540 0.490881 0.046606 0.066869
12 0.777102 0.417173 0.045593 0.066869
13 0.334347 0.575228 0.050659 0.085106
37 0.725177 0.417553 0.045086 0.066109
27 0.602077 0.341185 0.045086 0.065350
39 0.809777 0.342325 0.045086 0.066109
21 0.340679 0.343845 0.045086 0.066109
31 0.672746 0.416413 0.044580 0.066869
9 0.638045 0.268997 0.046099 0.065350
10 0.255572 0.416413 0.045086 0.066869
7 0.532928 0.268237 0.045593 0.065350
29 0.621327 0.415653 0.046099 0.066869
0 0.690223 0.268997 0.046099 0.066869
22 0.846758 0.417173 0.079534 0.068389
23 0.410081 0.416413 0.045086 0.065350
45 0.188450 0.418313 0.078014 0.067629
53 0.549139 0.341945 0.046606 0.066869
4 0.377660 0.268237 0.044073 0.065350
58 0.280648 0.491641 0.044580 0.065350
51 0.444276 0.342325 0.044580 0.066109
48 0.741388 0.268997 0.046099 0.065350
25 0.515198 0.416413 0.046606 0.066869
8 0.585866 0.268617 0.046099 0.066109
52 0.180091 0.344985 0.060284 0.066869
47 0.467579 0.574468 0.203647 0.086626
28 0.567882 0.415653 0.045593 0.066869
20 0.853850 0.270517 0.060284 0.065350
49 0.172999 0.573708 0.050152 0.086626
18 0.646657 0.490881 0.046099 0.066869
3 0.325228 0.269757 0.044580 0.065350
55 0.435664 0.490881 0.046606 0.066869
40 0.699848 0.490122 0.046099 0.065350
24 0.462006 0.416793 0.046606 0.066109
33 0.594478 0.491641 0.047112 0.068389
36 0.654255 0.342705 0.046099 0.066869
26 0.861196 0.344225 0.044580 0.065350
46 0.833840 0.491641 0.105370 0.068389
5 0.428825 0.268997 0.046099 0.065350
56 0.288754 0.343465 0.044580 0.065350
30 0.517984 0.402356 0.763425 0.473404
43 0.306231 0.417173 0.045086 0.065350
59 0.497214 0.341565 0.046099 0.066109
57 0.331307 0.491261 0.045593 0.066109
15 0.488855 0.491641 0.047619 0.066869
50 0.712259 0.574468 0.052685 0.085106
42 0.392351 0.342705 0.045086 0.065350
38 0.706180 0.342705 0.044580 0.065350
6 0.481256 0.268237 0.046606 0.065350
14 0.602584 0.576748 0.052178 0.086626
44 0.200355 0.490502 0.102837 0.067629
