1 0.139601 0.358742 0.059829 0.041578
29 0.563390 0.519723 0.058405 0.041578
41 0.157407 0.406183 0.061254 0.042644
46 0.786325 0.601279 0.125356 0.057569
6 0.433761 0.409915 0.058405 0.041578
16 0.295584 0.518124 0.061254 0.042644
58 0.178775 0.498401 0.061254 0.041578
55 0.353276 0.527186 0.059829 0.041578
59 0.448718 0.455757 0.059829 0.041578
19 0.278490 0.471215 0.058405 0.042644
54 0.732906 0.504797 0.058405 0.041578
45 0.075499 0.438699 0.105413 0.050107
53 0.506410 0.466418 0.058405 0.041578
7 0.490741 0.419510 0.058405 0.041578
27 0.563390 0.474947 0.058405 0.041578
10 0.160969 0.451493 0.059829 0.043710
38 0.676638 0.495203 0.056980 0.041578
13 0.217236 0.552772 0.078348 0.050107
2 0.199430 0.368870 0.059829 0.042644
52 0.083333 0.393390 0.089744 0.049041
34 0.692308 0.584222 0.059829 0.040512
12 0.733618 0.548507 0.059829 0.041578
33 0.522792 0.556503 0.059829 0.042644
26 0.847578 0.524520 0.056980 0.042644
15 0.410256 0.536780 0.059829 0.041578
37 0.676638 0.538913 0.056980 0.039446
42 0.334758 0.437100 0.059829 0.042644
3 0.259259 0.379531 0.059829 0.042644
51 0.392450 0.446162 0.058405 0.041578
24 0.393875 0.490938 0.058405 0.041578
25 0.450855 0.500533 0.058405 0.041578
5 0.376068 0.399254 0.056980 0.043710
48 0.718661 0.457889 0.058405 0.041578
9 0.603989 0.438699 0.059829 0.041578
56 0.217236 0.416311 0.058405 0.043710
17 0.079060 0.348614 0.061254 0.042644
22 0.812678 0.562367 0.098291 0.050107
47 0.393162 0.582090 0.284900 0.085288
18 0.579772 0.565565 0.056980 0.041578
49 0.032764 0.523987 0.062678 0.050107
20 0.846866 0.480810 0.086895 0.046908
43 0.219373 0.462154 0.059829 0.041578
21 0.277066 0.426439 0.061254 0.042644
8 0.547009 0.429104 0.056980 0.041578
23 0.336182 0.481343 0.056980 0.041578
57 0.237892 0.509062 0.059829 0.041578
30 0.455128 0.491471 0.907407 0.398721
35 0.467236 0.545842 0.059829 0.042644
40 0.636752 0.574094 0.059829 0.039446
31 0.619658 0.529318 0.056980 0.041578
14 0.566952 0.613539 0.074074 0.052239
36 0.618946 0.485608 0.058405 0.041578
28 0.507123 0.510128 0.056980 0.041578
44 0.081197 0.483475 0.136752 0.054371
11 0.775641 0.467484 0.058405 0.041578
39 0.788462 0.513859 0.058405 0.040512
0 0.661681 0.448294 0.058405 0.041578
4 0.318376 0.388593 0.058405 0.041578
