1 0.205729 0.389160 0.054688 0.038086
29 0.593099 0.536621 0.053385 0.038086
41 0.222005 0.432617 0.055990 0.039062
46 0.796875 0.611328 0.114583 0.052734
6 0.474609 0.436035 0.053385 0.038086
16 0.348307 0.535156 0.055990 0.039062
58 0.241536 0.517090 0.055990 0.038086
55 0.401042 0.543457 0.054688 0.038086
59 0.488281 0.478027 0.054688 0.038086
19 0.332682 0.492188 0.053385 0.039062
54 0.748047 0.522949 0.053385 0.038086
45 0.147135 0.462402 0.096354 0.045898
53 0.541016 0.487793 0.053385 0.038086
7 0.526693 0.444824 0.053385 0.038086
27 0.593099 0.495605 0.053385 0.038086
10 0.225260 0.474121 0.054688 0.040039
38 0.696615 0.514160 0.052083 0.038086
13 0.276693 0.566895 0.071615 0.045898
2 0.260417 0.398438 0.054688 0.039062
52 0.154297 0.420898 0.082031 0.044922
34 0.710938 0.595703 0.054688 0.037109
12 0.748698 0.562988 0.054688 0.038086
33 0.555990 0.570312 0.054688 0.039062
26 0.852865 0.541016 0.052083 0.039062
15 0.453125 0.552246 0.054688 0.038086
37 0.696615 0.554199 0.052083 0.036133
42 0.384115 0.460938 0.054688 0.039062
3 0.315104 0.408203 0.054688 0.039062
51 0.436849 0.469238 0.053385 0.038086
24 0.438151 0.510254 0.053385 0.038086
25 0.490234 0.519043 0.053385 0.038086
5 0.421875 0.426270 0.052083 0.040039
48 0.735026 0.479980 0.053385 0.038086
9 0.630208 0.462402 0.054688 0.038086
56 0.276693 0.441895 0.053385 0.040039
17 0.150391 0.379883 0.055990 0.039062
22 0.820964 0.575684 0.089844 0.045898
47 0.437500 0.593750 0.260417 0.078125
18 0.608073 0.578613 0.052083 0.038086
49 0.105469 0.540527 0.062500 0.045898
20 0.852214 0.500977 0.079427 0.042969
43 0.278646 0.483887 0.054688 0.038086
21 0.331380 0.451172 0.055990 0.039062
8 0.578125 0.453613 0.052083 0.038086
23 0.385417 0.501465 0.052083 0.038086
57 0.295573 0.526855 0.054688 0.038086
30 0.487630 0.510742 0.842448 0.365234
35 0.505208 0.560547 0.054688 0.039062
40 0.660156 0.586426 0.054688 0.036133
31 0.644531 0.545410 0.052083 0.038086
14 0.596354 0.622559 0.067708 0.047852
36 0.643880 0.505371 0.053385 0.038086
28 0.541667 0.527832 0.052083 0.038086
44 0.152344 0.503418 0.125000 0.049805
11 0.787109 0.488770 0.053385 0.038086
39 0.798828 0.531250 0.053385 0.037109
0 0.682943 0.471191 0.053385 0.038086
4 0.369141 0.416504 0.053385 0.038086
