53 0.546094 0.284856 0.064062 0.093750
31 0.707031 0.388221 0.064062 0.093750
9 0.652344 0.183894 0.067187 0.093750
43 0.213281 0.387019 0.064062 0.091346
25 0.494531 0.385817 0.064062 0.093750
29 0.635938 0.387019 0.062500 0.091346
59 0.477344 0.283654 0.064062 0.091346
28 0.564844 0.387019 0.064062 0.091346
34 0.811719 0.489183 0.064062 0.093750
54 0.829688 0.283654 0.065625 0.096154
0 0.723437 0.183894 0.065625 0.093750
23 0.353125 0.385817 0.062500 0.088942
57 0.249219 0.487981 0.064062 0.091346
42 0.336719 0.283654 0.064062 0.091346
10 0.142187 0.384615 0.065625 0.091346
36 0.688281 0.282452 0.064062 0.093750
6 0.440625 0.181490 0.065625 0.093750
27 0.617188 0.283654 0.062500 0.091346
49 0.026562 0.605769 0.050000 0.129808
16 0.318750 0.489183 0.065625 0.093750
15 0.459375 0.489183 0.065625 0.093750
17 0.025000 0.181490 0.046875 0.093750
58 0.176563 0.487981 0.065625 0.091346
13 0.232031 0.606971 0.067187 0.127404
44 0.071094 0.487981 0.139063 0.096154
2 0.160938 0.182692 0.065625 0.091346
40 0.741406 0.487981 0.064062 0.091346
48 0.793750 0.182692 0.062500 0.091346
18 0.671094 0.487981 0.064062 0.096154
22 0.946094 0.388221 0.110937 0.093750
45 0.053125 0.385817 0.103125 0.093750
7 0.512500 0.183894 0.065625 0.093750
55 0.389844 0.487981 0.067187 0.096154
14 0.689844 0.608173 0.067187 0.129808
8 0.582812 0.183894 0.062500 0.093750
3 0.230469 0.182692 0.067187 0.096154
11 0.864844 0.180288 0.060937 0.091346
37 0.776563 0.387019 0.065625 0.091346
47 0.460156 0.608173 0.392188 0.129808
4 0.300781 0.181490 0.064062 0.093750
51 0.407031 0.283654 0.060937 0.091346
52 0.045312 0.284856 0.087500 0.093750
5 0.371094 0.182692 0.064062 0.096154
38 0.758594 0.283654 0.064062 0.091346
24 0.424219 0.385817 0.064062 0.093750
30 0.501563 0.352163 1.000000 0.699519
12 0.847656 0.387019 0.064062 0.091346
56 0.195312 0.282452 0.062500 0.093750
33 0.600000 0.487981 0.065625 0.096154
46 0.927344 0.491587 0.148438 0.093750
39 0.900781 0.283654 0.064062 0.091346
19 0.282813 0.387019 0.065625 0.091346
1 0.089063 0.181490 0.062500 0.088942
21 0.265625 0.284856 0.065625 0.093750
35 0.528906 0.486779 0.064062 0.093750
20 0.953125 0.180288 0.096875 0.096154
26 0.971094 0.283654 0.060937 0.091346
41 0.125000 0.283654 0.065625 0.096154
