21 0.267004 0.245312 0.065123 0.090625
33 0.620116 0.444271 0.065123 0.090625
31 0.730463 0.344271 0.062952 0.088542
13 0.260492 0.555729 0.070912 0.115625
50 0.784009 0.554688 0.073082 0.113542
56 0.193198 0.244271 0.063676 0.090625
3 0.244935 0.147396 0.065847 0.090625
11 0.902315 0.144271 0.063676 0.086458
41 0.120478 0.245833 0.065847 0.091667
43 0.219247 0.344271 0.063676 0.088542
1 0.098046 0.145833 0.062952 0.087500
29 0.657742 0.344271 0.063676 0.088542
49 0.032562 0.556771 0.063676 0.119792
2 0.171129 0.146354 0.065847 0.088542
40 0.767366 0.442708 0.064399 0.087500
48 0.827424 0.145833 0.065847 0.089583
10 0.146527 0.344792 0.064399 0.091667
35 0.547395 0.443750 0.064399 0.089583
26 0.982996 0.244792 0.035456 0.089583
24 0.438133 0.344792 0.062952 0.089583
19 0.292330 0.344792 0.065123 0.091667
55 0.401954 0.443750 0.064399 0.089583
51 0.413169 0.244271 0.062229 0.088542
34 0.839001 0.444271 0.064399 0.088542
8 0.609624 0.147396 0.065847 0.090625
37 0.803546 0.345313 0.062952 0.088542
20 0.971780 0.144792 0.057887 0.087500
22 0.959117 0.344271 0.083213 0.090625
57 0.255065 0.444271 0.064399 0.090625
38 0.778582 0.245312 0.063676 0.088542
28 0.583936 0.344792 0.062229 0.091667
27 0.631693 0.243750 0.063676 0.087500
12 0.876628 0.344271 0.064399 0.088542
9 0.682344 0.146875 0.065123 0.089583
52 0.040159 0.244792 0.078871 0.091667
17 0.028220 0.145833 0.054993 0.087500
25 0.511216 0.344271 0.064399 0.090625
42 0.340087 0.244792 0.063676 0.089583
5 0.390738 0.146354 0.065123 0.090625
46 0.941389 0.444271 0.118669 0.092708
0 0.755427 0.146875 0.065123 0.089583
59 0.485890 0.244792 0.064399 0.089583
47 0.445369 0.554688 0.282923 0.115625
58 0.183430 0.444271 0.064399 0.088542
14 0.630246 0.556250 0.072359 0.114583
45 0.052822 0.344271 0.104197 0.090625
4 0.318017 0.145833 0.062952 0.089583
15 0.475398 0.443750 0.066570 0.089583
18 0.693198 0.443229 0.063676 0.088542
54 0.850579 0.245312 0.064399 0.088542
36 0.705137 0.244792 0.064399 0.089583
6 0.464182 0.146875 0.065847 0.089583
39 0.923300 0.244271 0.065123 0.088542
23 0.365412 0.344271 0.063676 0.088542
7 0.535818 0.146354 0.064399 0.090625
53 0.558611 0.244792 0.063676 0.089583
44 0.071997 0.443229 0.142547 0.094792
16 0.328871 0.445312 0.064399 0.090625
30 0.500724 0.325000 1.000000 0.631250
