6 0.436188 0.365925 0.052897 0.071429
21 0.276238 0.442623 0.053736 0.070258
16 0.322838 0.603044 0.054576 0.072600
23 0.354324 0.522248 0.053736 0.072600
45 0.104954 0.523419 0.075567 0.072600
34 0.744752 0.604215 0.055416 0.072600
41 0.158270 0.443794 0.052897 0.070258
24 0.413098 0.521663 0.053736 0.071429
19 0.295130 0.523419 0.054576 0.072600
11 0.792191 0.361827 0.052897 0.070258
3 0.256087 0.364169 0.053736 0.070258
55 0.382452 0.601874 0.054576 0.072600
8 0.552897 0.362412 0.052897 0.071429
54 0.754408 0.442037 0.054576 0.071429
53 0.514694 0.442037 0.053736 0.071429
30 0.476071 0.521077 0.858102 0.540984
52 0.099076 0.443794 0.057095 0.072600
46 0.834593 0.604215 0.109152 0.074941
47 0.444165 0.692623 0.293871 0.097190
18 0.623006 0.601874 0.053736 0.072600
42 0.336272 0.442037 0.052897 0.071429
59 0.455080 0.441452 0.053736 0.070258
36 0.634341 0.441452 0.054576 0.072600
38 0.694794 0.442037 0.054576 0.071429
56 0.217464 0.443208 0.052057 0.071429
9 0.611671 0.362998 0.054576 0.072600
4 0.315701 0.362998 0.052057 0.070258
31 0.654492 0.522248 0.054576 0.072600
44 0.117968 0.603630 0.104954 0.073770
48 0.731318 0.362998 0.053736 0.072600
49 0.089001 0.695550 0.055416 0.100703
51 0.395466 0.440867 0.052057 0.071429
0 0.672124 0.362998 0.054576 0.072600
35 0.502519 0.603044 0.054576 0.072600
13 0.205290 0.695550 0.054576 0.096019
58 0.204030 0.604215 0.053736 0.072600
28 0.533165 0.521663 0.052057 0.071429
33 0.562552 0.602459 0.055416 0.073770
43 0.235516 0.522834 0.054576 0.073770
7 0.495382 0.366511 0.053736 0.072600
20 0.854744 0.362412 0.060453 0.073770
12 0.774559 0.522248 0.054576 0.072600
1 0.138959 0.364754 0.051217 0.069087
57 0.263644 0.603044 0.053736 0.072600
22 0.848027 0.521663 0.078925 0.073770
2 0.196893 0.364754 0.052897 0.069087
27 0.574727 0.440281 0.052897 0.070258
25 0.473132 0.521663 0.052897 0.071429
37 0.713686 0.522248 0.053736 0.072600
17 0.089840 0.365925 0.033585 0.066745
15 0.441646 0.601874 0.055416 0.072600
10 0.176322 0.523419 0.053736 0.074941
26 0.867758 0.442623 0.036104 0.072600
40 0.683879 0.602459 0.054576 0.071429
29 0.594458 0.521077 0.053736 0.072600
39 0.814861 0.442037 0.054576 0.071429
5 0.374055 0.362412 0.052897 0.071429
