51 0.376866 0.424020 0.056503 0.073529
9 0.605544 0.354167 0.057569 0.071078
38 0.702559 0.438725 0.057569 0.073529
40 0.691898 0.610294 0.061834 0.073529
46 0.818763 0.621324 0.081023 0.080882
3 0.220682 0.332108 0.057569 0.071078
45 0.046908 0.480392 0.091684 0.083333
35 0.488273 0.601716 0.061834 0.075980
7 0.477079 0.349265 0.056503 0.071078
54 0.768124 0.441176 0.058635 0.073529
56 0.182303 0.410539 0.059701 0.075980
31 0.655650 0.523284 0.059701 0.075980
39 0.909382 0.442402 0.076759 0.075980
55 0.355011 0.593137 0.061834 0.078431
4 0.284648 0.337010 0.055437 0.071078
53 0.506930 0.433824 0.058635 0.073529
29 0.589019 0.519608 0.058635 0.073529
18 0.623667 0.607843 0.061834 0.073529
52 0.044776 0.395833 0.076759 0.080882
49 0.083156 0.667892 0.068230 0.085784
1 0.091684 0.322304 0.057569 0.071078
20 0.888593 0.360294 0.109808 0.073529
41 0.117271 0.405637 0.061834 0.075980
24 0.390192 0.509804 0.059701 0.073529
5 0.349147 0.341912 0.056503 0.071078
34 0.750533 0.612745 0.044776 0.078431
23 0.324094 0.506127 0.059701 0.075980
11 0.799041 0.360294 0.056503 0.068627
10 0.127399 0.488971 0.060768 0.075980
57 0.220682 0.582108 0.061834 0.075980
48 0.734542 0.360294 0.057569 0.073529
37 0.721215 0.525735 0.058635 0.075980
58 0.153518 0.577206 0.061834 0.075980
8 0.541578 0.351716 0.057569 0.071078
14 0.626866 0.702206 0.061834 0.090686
16 0.287313 0.588235 0.062900 0.078431
43 0.192964 0.496324 0.059701 0.075980
12 0.789979 0.528186 0.059701 0.075980
36 0.637527 0.437500 0.057569 0.071078
59 0.441365 0.427696 0.057569 0.071078
42 0.311834 0.420343 0.058635 0.071078
47 0.419510 0.692402 0.340085 0.105392
26 0.835821 0.443627 0.059701 0.078431
2 0.155650 0.328431 0.057569 0.068627
17 0.036247 0.317402 0.042644 0.066176
21 0.247868 0.414216 0.058635 0.073529
33 0.556503 0.602941 0.061834 0.078431
50 0.770789 0.702206 0.076759 0.080882
19 0.257996 0.500000 0.059701 0.073529
28 0.522388 0.517157 0.059701 0.078431
13 0.216418 0.672794 0.063966 0.085784
27 0.572495 0.435049 0.057569 0.071078
6 0.412580 0.346814 0.057569 0.071078
22 0.889659 0.526961 0.128998 0.078431
25 0.456290 0.513480 0.059701 0.075980
44 0.060235 0.564951 0.118337 0.085784
15 0.422175 0.595588 0.063966 0.078431
30 0.500533 0.506127 0.998934 0.629902
0 0.669510 0.359069 0.057569 0.071078
