21 0.266349 0.272059 0.061308 0.085294
33 0.598774 0.459314 0.061308 0.085294
31 0.702657 0.365196 0.059264 0.083333
13 0.260218 0.564216 0.066757 0.108824
50 0.753065 0.563235 0.068801 0.106863
56 0.196866 0.271078 0.059946 0.085294
3 0.245572 0.179902 0.061989 0.085294
11 0.864441 0.176961 0.059946 0.081373
41 0.128406 0.272549 0.061989 0.086275
43 0.221390 0.365196 0.059946 0.083333
1 0.107289 0.178431 0.059264 0.082353
29 0.634196 0.365196 0.059946 0.083333
49 0.040872 0.565196 0.069482 0.112745
2 0.176090 0.178922 0.061989 0.083333
40 0.737398 0.457843 0.060627 0.082353
48 0.793937 0.178431 0.061989 0.084314
10 0.152929 0.365686 0.060627 0.086275
35 0.530313 0.458824 0.060627 0.084314
26 0.954019 0.271569 0.060627 0.084314
24 0.427452 0.365686 0.059264 0.084314
19 0.290191 0.365686 0.061308 0.086275
55 0.393392 0.458824 0.060627 0.084314
51 0.403951 0.271078 0.058583 0.083333
34 0.804837 0.459314 0.060627 0.083333
8 0.588896 0.179902 0.061989 0.085294
37 0.771458 0.366176 0.059264 0.083333
20 0.943460 0.177451 0.081744 0.082353
22 0.932221 0.365196 0.106948 0.085294
57 0.255109 0.459314 0.060627 0.085294
38 0.747956 0.272059 0.059946 0.083333
28 0.564714 0.365686 0.058583 0.086275
27 0.609673 0.270588 0.059946 0.082353
12 0.840259 0.365196 0.060627 0.083333
9 0.657357 0.179412 0.061308 0.084314
52 0.048706 0.271569 0.082425 0.086275
17 0.038147 0.178431 0.058583 0.082353
25 0.496253 0.365196 0.060627 0.085294
42 0.335150 0.271569 0.059946 0.084314
5 0.382834 0.178922 0.061308 0.085294
46 0.915191 0.459314 0.139646 0.087255
0 0.726158 0.179412 0.061308 0.084314
59 0.472411 0.271569 0.060627 0.084314
47 0.434264 0.563235 0.266349 0.108824
58 0.187670 0.459314 0.060627 0.083333
14 0.608311 0.564706 0.068120 0.107843
45 0.060286 0.365196 0.106948 0.085294
4 0.314373 0.178431 0.059264 0.084314
15 0.462534 0.458824 0.062670 0.084314
18 0.667575 0.458333 0.059946 0.083333
54 0.815736 0.272059 0.060627 0.083333
36 0.678815 0.271569 0.060627 0.084314
6 0.451975 0.179412 0.061989 0.084314
39 0.884196 0.271078 0.061308 0.083333
23 0.358992 0.365196 0.059946 0.083333
7 0.519414 0.178922 0.060627 0.085294
53 0.540872 0.271569 0.059946 0.084314
44 0.079019 0.458333 0.141689 0.089216
16 0.324591 0.460294 0.060627 0.085294
30 0.500681 0.347059 1.000000 0.594118
