19 0.295149 0.469048 0.067910 0.086667
44 0.036567 0.560000 0.071642 0.085714
22 0.987313 0.420476 0.026866 0.174286
16 0.332463 0.560476 0.069403 0.084762
47 0.484328 0.652381 0.370149 0.087619
6 0.460821 0.285238 0.067910 0.084762
55 0.405970 0.560476 0.067164 0.084762
32 0.111940 0.560000 0.068657 0.085714
48 0.828358 0.285238 0.067164 0.084762
9 0.681343 0.285238 0.068657 0.084762
20 0.972388 0.284762 0.056716 0.085714
45 0.054478 0.467619 0.107463 0.083810
17 0.026493 0.284762 0.051493 0.083810
39 0.932463 0.375714 0.066418 0.084762
49 0.036194 0.652381 0.070896 0.085714
46 0.944030 0.560000 0.113433 0.087619
14 0.707463 0.653810 0.067164 0.084762
0 0.755224 0.285714 0.067164 0.085714
23 0.367910 0.468095 0.067164 0.084762
26 0.957090 0.468571 0.066418 0.083810
28 0.589179 0.467619 0.066418 0.083810
56 0.196642 0.376667 0.067910 0.084762
52 0.042164 0.375714 0.082836 0.084762
27 0.638060 0.376190 0.067164 0.083810
2 0.166791 0.285238 0.067910 0.084762
37 0.810448 0.470000 0.067164 0.084762
38 0.785075 0.376190 0.067164 0.083810
10 0.148507 0.468571 0.067164 0.083810
31 0.736940 0.468095 0.066418 0.084762
43 0.221269 0.469048 0.067910 0.084762
11 0.902239 0.283810 0.065672 0.083810
12 0.884328 0.469524 0.067164 0.085714
29 0.663060 0.468571 0.066418 0.083810
1 0.092910 0.284762 0.066418 0.083810
35 0.552612 0.560476 0.067910 0.084762
41 0.123507 0.377619 0.070896 0.086667
30 0.500746 0.432381 1.000000 0.596190
51 0.417910 0.376190 0.065672 0.083810
4 0.314179 0.284286 0.067164 0.084762
42 0.344403 0.376667 0.067910 0.084762
33 0.626119 0.560952 0.068657 0.085714
36 0.711194 0.376190 0.068657 0.085714
18 0.700000 0.559524 0.067164 0.084762
21 0.270896 0.377143 0.068657 0.085714
7 0.535075 0.286190 0.068657 0.084762
58 0.185448 0.560000 0.067910 0.083810
59 0.490672 0.376667 0.067910 0.084762
25 0.515299 0.468571 0.067910 0.083810
13 0.258955 0.652381 0.068657 0.083810
5 0.386567 0.285238 0.068657 0.084762
57 0.258582 0.560476 0.067910 0.084762
8 0.607463 0.285238 0.067164 0.084762
34 0.846269 0.560476 0.068657 0.084762
40 0.773881 0.560000 0.067164 0.083810
3 0.239925 0.285714 0.067910 0.085714
53 0.563433 0.376190 0.067164 0.085714
54 0.858955 0.376667 0.068657 0.086667
24 0.441791 0.468095 0.067164 0.084762
15 0.479478 0.560000 0.069403 0.085714
