21 0.272000 0.269895 0.060000 0.083413
33 0.597333 0.453020 0.060000 0.083413
31 0.699000 0.360978 0.058000 0.081496
13 0.266000 0.555609 0.065333 0.106424
50 0.748333 0.554650 0.067333 0.104506
56 0.204000 0.268936 0.058667 0.083413
3 0.251667 0.179770 0.060667 0.083413
11 0.857333 0.176894 0.058667 0.079578
41 0.137000 0.270374 0.060667 0.084372
43 0.228000 0.360978 0.058667 0.081496
1 0.116333 0.178332 0.058000 0.080537
29 0.632000 0.360978 0.058667 0.081496
49 0.051333 0.556568 0.068000 0.110259
2 0.183667 0.178811 0.060667 0.081496
40 0.733000 0.451582 0.059333 0.080537
48 0.788333 0.178332 0.060667 0.082454
10 0.161000 0.361457 0.059333 0.084372
35 0.530333 0.452541 0.059333 0.082454
26 0.945000 0.269415 0.059333 0.082454
24 0.429667 0.361457 0.058000 0.082454
19 0.295333 0.361457 0.060000 0.084372
55 0.396333 0.452541 0.059333 0.082454
51 0.406667 0.268936 0.057333 0.081496
34 0.799000 0.453020 0.059333 0.081496
8 0.587667 0.179770 0.060667 0.083413
37 0.766333 0.361937 0.058000 0.081496
20 0.934667 0.177373 0.080000 0.080537
22 0.923667 0.360978 0.104667 0.083413
57 0.261000 0.453020 0.059333 0.083413
38 0.743333 0.269895 0.058667 0.081496
28 0.564000 0.361457 0.057333 0.084372
27 0.608000 0.268456 0.058667 0.080537
12 0.833667 0.360978 0.059333 0.081496
9 0.654667 0.179291 0.060000 0.082454
52 0.059000 0.269415 0.080667 0.084372
17 0.048667 0.178332 0.057333 0.080537
25 0.497000 0.360978 0.059333 0.083413
42 0.339333 0.269415 0.058667 0.082454
5 0.386000 0.178811 0.060000 0.083413
46 0.907000 0.453020 0.136667 0.085331
0 0.722000 0.179291 0.060000 0.082454
59 0.473667 0.269415 0.059333 0.082454
47 0.436333 0.554650 0.260667 0.106424
58 0.195000 0.453020 0.059333 0.081496
14 0.606667 0.556088 0.066667 0.105465
45 0.070333 0.360978 0.104667 0.083413
4 0.319000 0.178332 0.058000 0.082454
15 0.464000 0.452541 0.061333 0.082454
18 0.664667 0.452061 0.058667 0.081496
54 0.809667 0.269895 0.059333 0.081496
36 0.675667 0.269415 0.059333 0.082454
6 0.453667 0.179291 0.060667 0.082454
39 0.876667 0.268936 0.060000 0.081496
23 0.362667 0.360978 0.058667 0.081496
7 0.519667 0.178811 0.059333 0.083413
53 0.540667 0.269415 0.058667 0.082454
44 0.088667 0.452061 0.138667 0.087248
16 0.329000 0.453979 0.059333 0.083413
30 0.496667 0.343241 0.990667 0.581016
