22 0.902000 0.449772 0.080000 0.073973
53 0.540667 0.368037 0.057333 0.074886
58 0.204000 0.533333 0.057333 0.073059
11 0.842667 0.284475 0.056000 0.073973
1 0.125333 0.284475 0.056000 0.073973
52 0.083333 0.367580 0.060000 0.075799
25 0.496000 0.449772 0.057333 0.073973
27 0.606333 0.367123 0.056667 0.073059
3 0.256000 0.285388 0.058667 0.073973
55 0.399333 0.533333 0.057333 0.073059
57 0.269000 0.533790 0.058000 0.073973
18 0.658333 0.532877 0.056667 0.073973
28 0.561333 0.449772 0.056000 0.073973
39 0.867667 0.367580 0.056667 0.073973
37 0.756333 0.450228 0.056667 0.073059
46 0.885667 0.533333 0.112667 0.074886
17 0.072000 0.285388 0.036000 0.073973
14 0.659000 0.629224 0.056667 0.105936
16 0.334667 0.534247 0.058667 0.074886
47 0.466667 0.630594 0.320000 0.103196
8 0.581333 0.285388 0.057333 0.075799
42 0.346333 0.368037 0.056667 0.073059
12 0.822333 0.450228 0.058000 0.074886
31 0.691667 0.449772 0.055333 0.073973
30 0.498667 0.428311 0.929333 0.553425
49 0.080333 0.630594 0.058000 0.106849
50 0.724000 0.630137 0.057333 0.104110
43 0.235667 0.450228 0.058000 0.073059
36 0.670333 0.367580 0.056667 0.073973
20 0.911667 0.284475 0.060667 0.073973
29 0.626667 0.449772 0.056000 0.073973
24 0.430667 0.449772 0.056000 0.073973
26 0.924000 0.368950 0.037333 0.076712
38 0.737333 0.368037 0.057333 0.074886
54 0.801333 0.368037 0.057333 0.074886
0 0.712000 0.285388 0.057333 0.075799
40 0.724333 0.532420 0.056667 0.073059
9 0.647000 0.285845 0.058000 0.074886
13 0.271000 0.630137 0.056667 0.104110
19 0.301000 0.449772 0.056667 0.073973
51 0.411000 0.367123 0.055333 0.073059
23 0.365667 0.449315 0.056667 0.073059
48 0.776333 0.285388 0.058000 0.075799
2 0.190667 0.285388 0.057333 0.073973
33 0.594000 0.533333 0.058667 0.074886
59 0.475667 0.367580 0.056667 0.073973
56 0.214667 0.366667 0.056000 0.073973
6 0.451000 0.285388 0.058000 0.073973
44 0.109333 0.532877 0.113333 0.075799
7 0.517000 0.285845 0.056667 0.074886
35 0.529000 0.532877 0.056667 0.073973
21 0.280333 0.368493 0.058000 0.073973
4 0.321667 0.284475 0.055333 0.073973
15 0.463667 0.533333 0.059333 0.073059
41 0.150333 0.368493 0.059333 0.073973
5 0.385333 0.284932 0.057333 0.074886
10 0.170333 0.450228 0.056667 0.073059
34 0.789000 0.533333 0.058000 0.073059
45 0.093333 0.450228 0.081333 0.074886
