31 0.547143 0.635484 0.045714 0.103226
44 0.077143 0.746774 0.111429 0.106452
55 0.314286 0.748387 0.045714 0.103226
22 0.721429 0.632258 0.085714 0.103226
27 0.482143 0.519355 0.044286 0.103226
43 0.185000 0.633871 0.047143 0.100000
58 0.160000 0.748387 0.045714 0.103226
17 0.042857 0.409677 0.045714 0.096774
49 0.044286 0.870968 0.048571 0.122581
59 0.378571 0.520968 0.045714 0.106452
20 0.728571 0.408065 0.071429 0.100000
46 0.708571 0.748387 0.111429 0.103226
53 0.430000 0.519355 0.045714 0.103226
15 0.365714 0.748387 0.048571 0.103226
38 0.585000 0.519355 0.047143 0.103226
40 0.572143 0.746774 0.047143 0.100000
47 0.364286 0.869355 0.245714 0.125806
54 0.636429 0.519355 0.047143 0.103226
1 0.095000 0.411290 0.044286 0.100000
8 0.455714 0.406452 0.045714 0.103226
4 0.249286 0.408065 0.044286 0.100000
6 0.352857 0.408065 0.045714 0.100000
2 0.146429 0.408065 0.047143 0.100000
23 0.288571 0.633871 0.045714 0.100000
5 0.300714 0.406452 0.047143 0.103226
9 0.507143 0.406452 0.045714 0.103226
12 0.650000 0.635484 0.045714 0.103226
33 0.468571 0.746774 0.048571 0.106452
29 0.494286 0.635484 0.045714 0.103226
13 0.205714 0.869355 0.062857 0.125806
10 0.132857 0.633871 0.045714 0.100000
24 0.340000 0.633871 0.045714 0.100000
3 0.197857 0.408065 0.047143 0.100000
41 0.120714 0.520968 0.047143 0.106452
56 0.172857 0.517742 0.045714 0.106452
42 0.275714 0.519355 0.045714 0.103226
30 0.498571 0.598387 0.994286 0.777419
19 0.237143 0.635484 0.045714 0.103226
52 0.056429 0.520968 0.072857 0.106452
51 0.327143 0.519355 0.045714 0.103226
34 0.623571 0.748387 0.047143 0.103226
0 0.559286 0.406452 0.047143 0.103226
7 0.404286 0.406452 0.045714 0.103226
16 0.262857 0.748387 0.045714 0.103226
39 0.688571 0.519355 0.045714 0.103226
11 0.662857 0.404839 0.045714 0.100000
57 0.211429 0.748387 0.045714 0.103226
26 0.740000 0.520968 0.045714 0.100000
37 0.598571 0.635484 0.045714 0.103226
14 0.522857 0.867742 0.062857 0.122581
36 0.532857 0.519355 0.045714 0.103226
48 0.611429 0.406452 0.045714 0.103226
21 0.224286 0.519355 0.045714 0.103226
45 0.063571 0.635484 0.084286 0.103226
25 0.391429 0.633871 0.045714 0.100000
18 0.520714 0.748387 0.047143 0.103226
28 0.442857 0.633871 0.045714 0.100000
35 0.417143 0.748387 0.045714 0.103226
