17 0.034167 0.450000 0.038333 0.036667
59 0.315833 0.490833 0.038333 0.038333
14 0.462500 0.622500 0.048333 0.045000
23 0.240000 0.534167 0.036667 0.038333
4 0.209167 0.448333 0.038333 0.040000
55 0.260833 0.577500 0.038333 0.038333
45 0.050000 0.535833 0.070000 0.038333
41 0.099167 0.491667 0.041667 0.040000
19 0.196667 0.535000 0.036667 0.040000
6 0.294167 0.448333 0.038333 0.040000
57 0.175833 0.578333 0.038333 0.040000
7 0.337500 0.448333 0.038333 0.040000
12 0.542500 0.533333 0.038333 0.040000
50 0.628333 0.622500 0.063333 0.045000
3 0.165000 0.449167 0.040000 0.038333
9 0.424167 0.447500 0.038333 0.038333
43 0.154167 0.535000 0.038333 0.040000
35 0.347500 0.577500 0.038333 0.038333
13 0.158333 0.624167 0.050000 0.045000
16 0.217500 0.577500 0.038333 0.038333
27 0.401667 0.490833 0.036667 0.038333
38 0.487500 0.490833 0.038333 0.038333
1 0.078333 0.449167 0.036667 0.038333
25 0.326667 0.534167 0.036667 0.038333
21 0.186667 0.491667 0.036667 0.040000
54 0.530833 0.490833 0.038333 0.038333
26 0.627500 0.490833 0.058333 0.038333
52 0.045000 0.492500 0.056667 0.038333
8 0.380833 0.448333 0.038333 0.040000
37 0.499167 0.534167 0.038333 0.038333
44 0.039167 0.580000 0.048333 0.036667
18 0.434167 0.576667 0.038333 0.040000
15 0.304167 0.576667 0.038333 0.040000
51 0.273333 0.490833 0.036667 0.038333
33 0.390833 0.577500 0.038333 0.041667
46 0.600833 0.575833 0.111667 0.038333
48 0.510000 0.447500 0.040000 0.038333
32 0.088333 0.578333 0.040000 0.040000
0 0.465833 0.447500 0.038333 0.038333
30 0.493333 0.517500 0.983333 0.311667
47 0.311667 0.623333 0.246667 0.046667
58 0.132500 0.579167 0.038333 0.038333
2 0.121667 0.449167 0.040000 0.038333
29 0.412500 0.534167 0.038333 0.038333
36 0.444167 0.490833 0.038333 0.038333
24 0.284167 0.534167 0.038333 0.038333
31 0.455833 0.534167 0.038333 0.038333
49 0.043333 0.625833 0.063333 0.045000
28 0.369167 0.534167 0.038333 0.038333
53 0.359167 0.491667 0.038333 0.040000
5 0.250833 0.449167 0.038333 0.038333
20 0.616667 0.446667 0.080000 0.040000
39 0.574167 0.490833 0.038333 0.038333
22 0.611667 0.533333 0.090000 0.040000
40 0.477500 0.575833 0.038333 0.038333
11 0.552500 0.447500 0.038333 0.038333
34 0.519167 0.575833 0.038333 0.038333
10 0.110000 0.535000 0.040000 0.040000
42 0.229167 0.490833 0.038333 0.038333
56 0.143333 0.491667 0.040000 0.040000
