37 0.744208 0.675145 0.084942 0.132267
0 0.674228 0.226017 0.101351 0.129360
8 0.518822 0.335029 0.097490 0.135174
4 0.197394 0.562500 0.099421 0.133721
36 0.669402 0.350291 0.105212 0.133721
58 0.144305 0.955669 0.111004 0.091570
19 0.236969 0.783430 0.105212 0.145349
28 0.564672 0.548692 0.102317 0.140988
6 0.357625 0.446948 0.105212 0.149709
21 0.186776 0.694767 0.105212 0.136628
43 0.153475 0.843023 0.104247 0.145349
15 0.476351 0.740552 0.107143 0.143895
16 0.310328 0.861192 0.105212 0.146802
3 0.114865 0.620640 0.102317 0.139535
10 0.070463 0.901163 0.100386 0.145349
57 0.226834 0.924419 0.104247 0.151163
35 0.557432 0.680233 0.103282 0.139535
40 0.767375 0.526163 0.081081 0.130814
7 0.439189 0.390262 0.098456 0.135174
42 0.268822 0.635174 0.101351 0.139535
20 0.829151 0.114099 0.102317 0.132267
29 0.644305 0.490552 0.101351 0.140988
41 0.038610 0.813953 0.075290 0.145349
33 0.639479 0.623547 0.103282 0.139535
18 0.708012 0.572674 0.082046 0.127907
26 0.791988 0.385901 0.082046 0.129360
25 0.483108 0.606831 0.103282 0.140988
23 0.319015 0.723837 0.105212 0.145349
11 0.874035 0.204215 0.082046 0.123547
39 0.815154 0.246366 0.082046 0.120640
31 0.723938 0.434593 0.100386 0.139535
2 0.041988 0.673692 0.082046 0.140988
47 0.440637 0.874273 0.342664 0.254360
14 0.623069 0.763808 0.083977 0.132267
56 0.104730 0.753634 0.101351 0.140988
34 0.828185 0.488372 0.083012 0.127907
5 0.277027 0.507267 0.104247 0.139535
22 0.879826 0.323401 0.143822 0.170058
51 0.350386 0.577762 0.102317 0.138081
55 0.393340 0.800872 0.105212 0.142442
27 0.591216 0.404797 0.099421 0.135174
9 0.597008 0.281250 0.097490 0.129360
32 0.064672 0.987645 0.079151 0.027616
53 0.511100 0.462936 0.103282 0.138081
24 0.401544 0.666424 0.104247 0.143895
59 0.430019 0.521076 0.103282 0.138081
30 0.500965 0.501453 1.000000 1.000000
54 0.805019 0.635901 0.084942 0.132267
12 0.685328 0.723110 0.084942 0.132267
38 0.748552 0.297238 0.099421 0.138081
48 0.755309 0.175145 0.095560 0.138081
