17 0.011566 0.453737 0.019573 0.039146
59 0.287367 0.497331 0.040925 0.040925
14 0.443950 0.637900 0.051601 0.048043
23 0.206406 0.543594 0.039146 0.040925
4 0.173488 0.451957 0.040925 0.042705
55 0.228648 0.589858 0.040925 0.040925
45 0.021352 0.545374 0.039146 0.040925
41 0.056050 0.498221 0.044484 0.042705
19 0.160142 0.544484 0.039146 0.042705
6 0.264235 0.451957 0.040925 0.042705
57 0.137900 0.590747 0.040925 0.042705
7 0.310498 0.451957 0.040925 0.042705
12 0.529359 0.542705 0.040925 0.042705
50 0.620996 0.637900 0.067616 0.048043
3 0.126335 0.452847 0.042705 0.040925
9 0.403025 0.451068 0.040925 0.040925
43 0.114769 0.544484 0.040925 0.042705
35 0.321174 0.589858 0.040925 0.040925
13 0.119217 0.639680 0.053381 0.048043
16 0.182384 0.589858 0.040925 0.040925
27 0.379004 0.497331 0.039146 0.040925
38 0.470641 0.497331 0.040925 0.040925
1 0.033808 0.452847 0.039146 0.040925
25 0.298932 0.543594 0.039146 0.040925
21 0.149466 0.498221 0.039146 0.042705
54 0.516904 0.497331 0.040925 0.040925
26 0.620107 0.497331 0.062278 0.040925
52 0.016904 0.499110 0.030249 0.040925
8 0.356762 0.451957 0.040925 0.042705
37 0.483096 0.543594 0.040925 0.040925
44 0.014235 0.592527 0.024911 0.039146
18 0.413701 0.588968 0.040925 0.042705
15 0.274911 0.588968 0.040925 0.042705
51 0.241993 0.497331 0.039146 0.040925
33 0.367438 0.589858 0.040925 0.044484
46 0.591637 0.588078 0.119217 0.040925
48 0.494662 0.451068 0.042705 0.040925
32 0.044484 0.590747 0.042705 0.042705
0 0.447509 0.451068 0.040925 0.040925
30 0.501779 0.525801 1.000000 0.332740
47 0.282918 0.638790 0.263345 0.049822
58 0.091637 0.591637 0.040925 0.040925
2 0.080071 0.452847 0.042705 0.040925
29 0.390569 0.543594 0.040925 0.040925
36 0.424377 0.497331 0.040925 0.040925
24 0.253559 0.543594 0.040925 0.040925
31 0.436833 0.543594 0.040925 0.040925
49 0.018683 0.641459 0.033808 0.048043
28 0.344306 0.543594 0.040925 0.040925
53 0.333630 0.498221 0.040925 0.042705
5 0.217972 0.452847 0.040925 0.040925
20 0.608541 0.450178 0.085409 0.042705
39 0.563167 0.497331 0.040925 0.040925
22 0.603203 0.542705 0.096085 0.042705
40 0.459964 0.588078 0.040925 0.040925
11 0.540036 0.451068 0.040925 0.040925
34 0.504448 0.588078 0.040925 0.040925
10 0.067616 0.544484 0.042705 0.042705
42 0.194840 0.497331 0.040925 0.040925
56 0.103203 0.498221 0.042705 0.042705
