43 0.426680 0.082891 0.114053 0.147215
13 0.335031 0.409814 0.118126 0.167109
23 0.681263 0.599469 0.107943 0.127321
57 0.488289 0.240716 0.115071 0.141910
43 0.447047 0.597480 0.107943 0.128647
44 0.100305 0.239390 0.149695 0.144562
45 0.131874 0.076260 0.212831 0.149867
30 0.501018 0.259947 1.000000 0.517241
19 0.564664 0.598806 0.108961 0.128647
30 0.506619 0.760610 0.988798 0.481432
32 0.241344 0.239390 0.116090 0.144562
35 0.959267 0.744032 0.083503 0.129973
24 0.799389 0.599469 0.109980 0.127321
19 0.551426 0.082228 0.115071 0.148541
23 0.675662 0.081565 0.117108 0.147215
49 0.209776 0.408488 0.118126 0.167109
55 0.736253 0.239390 0.116090 0.141910
57 0.503564 0.741379 0.106925 0.127321
45 0.164969 0.596154 0.201629 0.128647
10 0.302953 0.081565 0.115071 0.144562
55 0.736762 0.741379 0.104888 0.124668
44 0.200102 0.739390 0.257637 0.128647
24 0.799898 0.080902 0.117108 0.148541
58 0.388493 0.740716 0.106925 0.125995
13 0.488289 0.893236 0.139511 0.147215
10 0.331466 0.597480 0.106925 0.128647
16 0.612525 0.241379 0.115071 0.140584
16 0.621181 0.742706 0.107943 0.127321
58 0.364562 0.240716 0.114053 0.144562
49 0.125764 0.897878 0.110998 0.153846
47 0.783096 0.894562 0.435845 0.149867
47 0.775967 0.407162 0.450102 0.169761
25 0.916497 0.599469 0.107943 0.127321
15 0.862525 0.238727 0.116090 0.140584
25 0.925662 0.078912 0.116090 0.144562
15 0.854888 0.742042 0.106925 0.125995
