44 0.031998 0.651316 0.062799 0.051435
21 0.127691 0.537978 0.053230 0.052033
36 0.475778 0.538577 0.053230 0.052033
47 0.285586 0.712321 0.275718 0.062201
10 0.026017 0.595096 0.050837 0.051435
6 0.271830 0.481758 0.052033 0.050837
42 0.185706 0.538278 0.052033 0.051435
5 0.213517 0.481758 0.053828 0.050837
8 0.388756 0.481758 0.052632 0.050837
3 0.098086 0.481758 0.052632 0.050837
12 0.607656 0.595395 0.053828 0.052033
31 0.491029 0.595694 0.051435 0.051435
51 0.243421 0.538577 0.051435 0.052033
45 0.024821 0.595694 0.048445 0.051435
29 0.432416 0.595096 0.052632 0.051435
22 0.687799 0.594498 0.095694 0.051435
56 0.068481 0.537679 0.052033 0.052632
9 0.446770 0.481758 0.052632 0.052033
38 0.534689 0.538577 0.052632 0.052033
27 0.418361 0.538278 0.050837 0.051435
2 0.040072 0.482356 0.052632 0.050837
41 0.019139 0.538577 0.037081 0.052033
40 0.519737 0.651615 0.052632 0.050837
25 0.315490 0.595096 0.052033 0.051435
16 0.171053 0.651615 0.052632 0.052033
55 0.229067 0.651914 0.052632 0.051435
1 0.013457 0.483254 0.025718 0.050239
53 0.359749 0.538577 0.052033 0.052033
59 0.302033 0.538876 0.052632 0.051435
58 0.055323 0.651914 0.053230 0.051435
13 0.107057 0.712022 0.070574 0.060407
18 0.461423 0.651316 0.052033 0.051435
23 0.199163 0.595096 0.051435 0.051435
19 0.141746 0.595395 0.052632 0.052033
7 0.331041 0.482057 0.053230 0.051435
37 0.548744 0.595694 0.052033 0.051435
39 0.651017 0.537679 0.053230 0.051435
15 0.287081 0.651615 0.053828 0.050837
54 0.592404 0.538577 0.054426 0.052033
49 0.014055 0.713816 0.026914 0.060407
0 0.505383 0.481758 0.052632 0.052033
30 0.500598 0.580144 1.000000 0.391148
35 0.345096 0.651914 0.052632 0.051435
14 0.462919 0.711722 0.069378 0.061005
26 0.709031 0.538278 0.052033 0.051435
34 0.577452 0.651914 0.053230 0.051435
24 0.257775 0.595096 0.052632 0.051435
33 0.403409 0.651914 0.054426 0.052632
57 0.113038 0.651914 0.052632 0.051435
4 0.156100 0.482057 0.051435 0.050239
11 0.621711 0.481459 0.052033 0.051435
28 0.373804 0.594797 0.051435 0.052033
17 0.013457 0.482356 0.025718 0.050837
52 0.020933 0.538577 0.040670 0.052033
46 0.673744 0.651316 0.125000 0.051435
43 0.083433 0.595694 0.052033 0.051435
48 0.563397 0.482057 0.052632 0.051435
20 0.696172 0.482356 0.081340 0.050837
