43 0.370327 0.090426 0.130841 0.168693
13 0.265187 0.465046 0.135514 0.191489
23 0.662383 0.682371 0.123832 0.145897
57 0.441005 0.271277 0.132009 0.162614
43 0.393692 0.680091 0.123832 0.147416
44 0.043808 0.269757 0.085280 0.165653
45 0.077687 0.085106 0.153037 0.167173
30 0.501168 0.295593 1.000000 0.588146
19 0.528621 0.681611 0.125000 0.147416
30 0.501168 0.796353 1.000000 0.410334
32 0.157710 0.269757 0.133178 0.165653
35 0.967290 0.848024 0.067757 0.148936
24 0.797897 0.682371 0.126168 0.145897
19 0.513435 0.089666 0.132009 0.170213
23 0.655958 0.088906 0.134346 0.168693
49 0.121495 0.463526 0.135514 0.191489
55 0.725467 0.269757 0.133178 0.162614
57 0.458528 0.844985 0.122664 0.145897
45 0.093458 0.678571 0.184579 0.147416
10 0.228388 0.088906 0.132009 0.165653
55 0.726051 0.844985 0.120327 0.142857
44 0.129673 0.842705 0.257009 0.147416
24 0.798481 0.088146 0.134346 0.170213
58 0.326519 0.844225 0.122664 0.144377
13 0.441005 0.968085 0.160047 0.066869
10 0.261098 0.680091 0.122664 0.147416
16 0.583528 0.272036 0.132009 0.161094
16 0.593458 0.846505 0.123832 0.145897
58 0.299065 0.271277 0.130841 0.165653
49 0.044977 0.968845 0.087617 0.065350
47 0.765187 0.968085 0.471963 0.066869
47 0.757009 0.462006 0.488318 0.194529
25 0.932243 0.682371 0.123832 0.145897
15 0.870327 0.268997 0.133178 0.161094
25 0.938668 0.085866 0.125000 0.165653
15 0.861565 0.845745 0.122664 0.144377
