6 0.269000 0.442500 0.032000 0.033000
53 0.322500 0.478000 0.033000 0.034000
43 0.152000 0.514500 0.032000 0.033000
32 0.097500 0.550500 0.033000 0.033000
55 0.241500 0.550500 0.033000 0.033000
25 0.296000 0.514000 0.032000 0.032000
45 0.066000 0.514500 0.060000 0.033000
1 0.088500 0.442500 0.033000 0.033000
0 0.412500 0.442500 0.033000 0.033000
52 0.061500 0.479000 0.051000 0.034000
15 0.277000 0.550500 0.034000 0.033000
18 0.385500 0.549500 0.033000 0.033000
46 0.524500 0.550000 0.095000 0.034000
35 0.313500 0.550500 0.033000 0.033000
5 0.232500 0.442500 0.033000 0.033000
16 0.205500 0.550500 0.033000 0.033000
34 0.456500 0.550000 0.033000 0.032000
17 0.052000 0.442500 0.032000 0.033000
11 0.484000 0.442000 0.032000 0.032000
36 0.394000 0.478500 0.032000 0.033000
33 0.349500 0.550500 0.033000 0.033000
7 0.305000 0.442500 0.032000 0.033000
57 0.170000 0.550500 0.032000 0.033000
26 0.547000 0.478000 0.050000 0.032000
51 0.251000 0.478500 0.032000 0.033000
13 0.156000 0.588500 0.042000 0.039000
39 0.502500 0.477500 0.033000 0.033000
59 0.286500 0.478000 0.033000 0.034000
28 0.332000 0.514000 0.032000 0.034000
47 0.283000 0.588500 0.206000 0.039000
37 0.439500 0.514500 0.033000 0.033000
58 0.134000 0.550500 0.032000 0.033000
12 0.475500 0.514000 0.033000 0.034000
4 0.197000 0.442500 0.032000 0.033000
14 0.409000 0.588000 0.042000 0.038000
22 0.534500 0.513500 0.077000 0.033000
3 0.160500 0.443000 0.033000 0.032000
19 0.188000 0.515000 0.032000 0.034000
40 0.421500 0.549500 0.033000 0.033000
44 0.056500 0.551500 0.043000 0.033000
56 0.142500 0.478500 0.033000 0.033000
31 0.403500 0.514000 0.033000 0.034000
50 0.547000 0.588000 0.054000 0.038000
2 0.124500 0.443000 0.033000 0.032000
49 0.061000 0.589000 0.054000 0.038000
54 0.465500 0.478000 0.033000 0.034000
41 0.106500 0.478500 0.033000 0.033000
42 0.214500 0.478500 0.033000 0.033000
29 0.367500 0.514000 0.033000 0.034000
9 0.376500 0.442500 0.033000 0.033000
48 0.448500 0.442500 0.033000 0.033000
30 0.434500 0.502000 0.829000 0.264000
8 0.340500 0.442500 0.033000 0.033000
38 0.430000 0.478000 0.032000 0.034000
24 0.260000 0.514500 0.032000 0.033000
20 0.537500 0.441500 0.067000 0.033000
10 0.116000 0.514500 0.032000 0.033000
27 0.358500 0.478500 0.033000 0.033000
21 0.179000 0.478500 0.032000 0.033000
23 0.224000 0.514500 0.032000 0.033000
