50 0.539308 0.731963 0.045912 0.042785
46 0.516981 0.682047 0.088050 0.041946
31 0.396226 0.633389 0.026415 0.038591
4 0.198113 0.542785 0.026415 0.040268
8 0.337421 0.543205 0.028302 0.042785
0 0.407547 0.541527 0.027673 0.041107
25 0.289308 0.635067 0.026415 0.038591
57 0.160063 0.683725 0.027044 0.038591
33 0.341824 0.683305 0.028302 0.041107
1 0.091824 0.544044 0.027673 0.039430
55 0.233333 0.682466 0.027673 0.039430
59 0.282390 0.588087 0.026415 0.038591
36 0.388365 0.586829 0.027044 0.037752
40 0.413522 0.682886 0.027044 0.040268
34 0.449371 0.682047 0.027044 0.038591
27 0.353459 0.587248 0.026415 0.036913
28 0.325157 0.634648 0.026415 0.039430
48 0.442138 0.540688 0.027673 0.039430
47 0.270126 0.741191 0.203145 0.061242
58 0.123270 0.684144 0.027673 0.039430
37 0.431761 0.633389 0.027044 0.038591
14 0.397799 0.731544 0.037107 0.040268
7 0.302201 0.542785 0.027044 0.041946
6 0.268239 0.542785 0.028302 0.040268
2 0.127044 0.544044 0.027673 0.041107
35 0.305975 0.682466 0.027044 0.039430
42 0.211635 0.588087 0.027044 0.038591
19 0.181447 0.635067 0.028302 0.040268
32 0.446541 0.734899 0.038994 0.038591
16 0.196226 0.684144 0.027673 0.039430
54 0.458805 0.585990 0.027044 0.037752
15 0.269182 0.682886 0.027673 0.040268
24 0.253774 0.635067 0.027044 0.038591
11 0.477044 0.539430 0.025786 0.036913
43 0.145283 0.635487 0.026415 0.039430
3 0.162579 0.543624 0.028302 0.040268
38 0.423899 0.586409 0.026415 0.036913
49 0.047170 0.734480 0.047799 0.042785
22 0.526101 0.634228 0.072327 0.040268
18 0.377673 0.683305 0.027044 0.041107
51 0.247484 0.587668 0.025786 0.037752
30 0.437107 0.622903 0.860377 0.378356
23 0.217610 0.635487 0.026415 0.039430
17 0.057547 0.543624 0.027044 0.038591
56 0.140252 0.588926 0.027673 0.038591
20 0.528931 0.539849 0.061635 0.039430
5 0.233333 0.542785 0.027673 0.040268
10 0.109434 0.636326 0.027673 0.039430
44 0.065409 0.684564 0.074214 0.041946
45 0.057547 0.637164 0.045912 0.039430
52 0.061635 0.589765 0.045283 0.040268
39 0.494340 0.585990 0.027673 0.039430
26 0.539308 0.587668 0.044654 0.039430
29 0.361006 0.633809 0.026415 0.037752
21 0.176415 0.589346 0.027044 0.041107
53 0.318239 0.587668 0.026415 0.037752
41 0.104403 0.589765 0.027673 0.040268
12 0.467610 0.632970 0.027044 0.039430
13 0.143082 0.734899 0.038365 0.041946
9 0.372327 0.542785 0.027673 0.041946
