50 0.540312 0.729583 0.045625 0.042500
46 0.518125 0.680000 0.087500 0.041667
31 0.398125 0.631667 0.026250 0.038333
4 0.201250 0.541667 0.026250 0.040000
8 0.339687 0.542083 0.028125 0.042500
0 0.409375 0.540417 0.027500 0.040833
25 0.291875 0.633333 0.026250 0.038333
57 0.163438 0.681667 0.026875 0.038333
33 0.344062 0.681250 0.028125 0.040833
1 0.095625 0.542917 0.027500 0.039167
55 0.236250 0.680417 0.027500 0.039167
59 0.285000 0.586667 0.026250 0.038333
36 0.390313 0.585417 0.026875 0.037500
40 0.415312 0.680833 0.026875 0.040000
34 0.450937 0.680000 0.026875 0.038333
27 0.355625 0.585833 0.026250 0.036667
28 0.327500 0.632917 0.026250 0.039167
48 0.443750 0.539583 0.027500 0.039167
47 0.272813 0.738750 0.201875 0.060833
58 0.126875 0.682083 0.027500 0.039167
37 0.433437 0.631667 0.026875 0.038333
14 0.399687 0.729167 0.036875 0.040000
7 0.304688 0.541667 0.026875 0.041667
6 0.270937 0.541667 0.028125 0.040000
2 0.130625 0.542917 0.027500 0.040833
35 0.308437 0.680417 0.026875 0.039167
42 0.214688 0.586667 0.026875 0.038333
19 0.184688 0.633333 0.028125 0.040000
32 0.448125 0.732500 0.038750 0.038333
16 0.199375 0.682083 0.027500 0.039167
54 0.460313 0.584583 0.026875 0.037500
15 0.271875 0.680833 0.027500 0.040000
24 0.256563 0.633333 0.026875 0.038333
11 0.478438 0.538333 0.025625 0.036667
43 0.148750 0.633750 0.026250 0.039167
3 0.165937 0.542500 0.028125 0.040000
38 0.425625 0.585000 0.026250 0.036667
49 0.051250 0.732083 0.047500 0.042500
22 0.527188 0.632500 0.071875 0.040000
18 0.379688 0.681250 0.026875 0.040833
51 0.250312 0.586250 0.025625 0.037500
30 0.438750 0.621250 0.855000 0.375833
23 0.220625 0.633750 0.026250 0.039167
17 0.061562 0.542500 0.026875 0.038333
56 0.143750 0.587500 0.027500 0.038333
20 0.530000 0.538750 0.061250 0.039167
5 0.236250 0.541667 0.027500 0.040000
10 0.113125 0.634583 0.027500 0.039167
44 0.069375 0.682500 0.073750 0.041667
45 0.061562 0.635417 0.045625 0.039167
52 0.065625 0.588333 0.045000 0.040000
39 0.495625 0.584583 0.027500 0.039167
26 0.540312 0.586250 0.044375 0.039167
29 0.363125 0.632083 0.026250 0.037500
21 0.179688 0.587917 0.026875 0.040833
53 0.320625 0.586250 0.026250 0.037500
41 0.108125 0.588333 0.027500 0.040000
12 0.469062 0.631250 0.026875 0.039167
13 0.146563 0.732500 0.038125 0.041667
9 0.374375 0.541667 0.027500 0.041667
