29 0.430312 0.498682 0.033125 0.051845
22 0.618750 0.474517 0.051250 0.103691
4 0.249375 0.390158 0.031250 0.043937
15 0.333125 0.548770 0.033750 0.048330
41 0.150312 0.445079 0.038125 0.048330
46 0.596562 0.553163 0.101875 0.051845
18 0.449688 0.550527 0.033125 0.050088
30 0.503750 0.486819 0.916250 0.391916
25 0.353750 0.497364 0.031250 0.047452
12 0.543750 0.500439 0.032500 0.050088
53 0.382812 0.446397 0.033125 0.050967
24 0.314375 0.498682 0.032500 0.048330
42 0.268125 0.445518 0.036250 0.052724
8 0.401562 0.392794 0.031875 0.056239
1 0.130000 0.387083 0.033750 0.048330
13 0.196563 0.605009 0.048125 0.057118
40 0.487500 0.550088 0.032500 0.049209
59 0.343750 0.445958 0.033750 0.051845
9 0.439375 0.393234 0.033750 0.057118
31 0.468438 0.498682 0.033125 0.050088
26 0.581562 0.500439 0.036875 0.051845
50 0.626250 0.605888 0.051250 0.058875
27 0.420312 0.446397 0.033125 0.050967
39 0.571250 0.449912 0.035000 0.050967
52 0.098437 0.442004 0.050625 0.042179
5 0.288125 0.392794 0.032500 0.047452
6 0.325937 0.391476 0.033125 0.050088
35 0.371563 0.549649 0.034375 0.048330
32 0.135937 0.550088 0.034375 0.050967
28 0.391875 0.498243 0.032500 0.047452
34 0.524375 0.550527 0.033750 0.050088
19 0.237187 0.498243 0.034375 0.047452
47 0.334688 0.606766 0.220625 0.060633
54 0.533750 0.447715 0.033750 0.048330
38 0.496563 0.447715 0.034375 0.050088
56 0.190625 0.445958 0.035000 0.053603
11 0.551875 0.397188 0.032500 0.050967
36 0.458437 0.447715 0.035625 0.051845
21 0.228750 0.445518 0.033750 0.052724
17 0.091250 0.387522 0.028750 0.038664
2 0.170313 0.391037 0.033125 0.043937
45 0.103438 0.496485 0.063125 0.047452
58 0.176563 0.548330 0.033125 0.047452
49 0.087500 0.601054 0.046250 0.049209
57 0.215938 0.548770 0.033125 0.048330
51 0.306563 0.445518 0.033125 0.050967
20 0.607187 0.396749 0.070625 0.053603
14 0.471875 0.605448 0.047500 0.057996
7 0.363438 0.390598 0.033125 0.050088
10 0.157500 0.498243 0.035000 0.049209
43 0.197813 0.497803 0.034375 0.048330
23 0.276562 0.498243 0.033125 0.049209
0 0.477187 0.393673 0.034375 0.049209
33 0.410625 0.550088 0.036250 0.049209
48 0.514375 0.396309 0.031250 0.049209
3 0.209063 0.390158 0.033125 0.047452
44 0.089688 0.548330 0.041875 0.042179
16 0.254688 0.548770 0.035625 0.048330
55 0.295000 0.548770 0.032500 0.046573
37 0.506875 0.500000 0.035000 0.049209
