43 0.287979 0.497375 0.044985 0.076115
59 0.511062 0.404199 0.042773 0.073491
0 0.713864 0.309711 0.045723 0.076115
55 0.431047 0.598425 0.046460 0.078740
38 0.744100 0.404856 0.044248 0.074803
5 0.430678 0.308399 0.044248 0.076115
3 0.315634 0.307087 0.044248 0.076115
32 0.190634 0.595144 0.049410 0.077428
45 0.150811 0.496719 0.089233 0.074803
58 0.250737 0.596457 0.047198 0.077428
50 0.966814 0.715879 0.067847 0.085302
48 0.773599 0.311024 0.045723 0.076115
49 0.113569 0.696194 0.067847 0.082677
53 0.568584 0.404856 0.044248 0.074803
22 0.941372 0.454724 0.084808 0.177165
40 0.733407 0.604987 0.047935 0.078740
14 0.727507 0.710630 0.064159 0.087927
52 0.152655 0.399606 0.073746 0.072178
6 0.484513 0.308399 0.044248 0.076115
36 0.683997 0.404856 0.044985 0.074803
20 0.917035 0.309055 0.103982 0.080052
27 0.626106 0.404856 0.042773 0.074803
35 0.550885 0.601050 0.047198 0.078740
23 0.406342 0.498688 0.044248 0.076115
19 0.347345 0.498688 0.044248 0.078740
24 0.464971 0.500000 0.044985 0.076115
2 0.261062 0.307087 0.044248 0.076115
17 0.147493 0.303150 0.044248 0.076115
41 0.222345 0.399606 0.046460 0.074803
57 0.310103 0.597769 0.047935 0.077428
29 0.640855 0.502625 0.045723 0.078740
10 0.230088 0.496063 0.045723 0.078740
9 0.656342 0.312336 0.045723 0.076115
47 0.496681 0.708005 0.378319 0.090551
42 0.395280 0.402231 0.044248 0.074803
54 0.804204 0.404856 0.046460 0.077428
4 0.373156 0.309711 0.044248 0.076115
26 0.882006 0.505906 0.047198 0.080052
1 0.200590 0.301837 0.044248 0.076115
18 0.671829 0.603675 0.047198 0.078740
39 0.862832 0.405512 0.045723 0.078740
8 0.598820 0.311024 0.045723 0.076115
44 0.124631 0.595144 0.066372 0.074803
16 0.371313 0.599738 0.047935 0.078740
30 0.536136 0.538058 0.929204 0.566929
46 0.911136 0.608924 0.154130 0.078740
13 0.265118 0.701444 0.064159 0.082677
25 0.523230 0.500656 0.044985 0.077428
33 0.610619 0.603018 0.048673 0.080052
28 0.581490 0.501312 0.043510 0.078740
34 0.793879 0.606955 0.049410 0.080052
37 0.761431 0.503281 0.046460 0.080052
11 0.831858 0.309711 0.045723 0.076115
56 0.279867 0.399606 0.044985 0.074803
15 0.491888 0.599081 0.047198 0.077428
51 0.453540 0.403543 0.042773 0.074803
7 0.541298 0.309711 0.045723 0.076115
21 0.339233 0.404856 0.044248 0.074803
31 0.700221 0.502625 0.044985 0.078740
12 0.822271 0.505249 0.047198 0.081365
