9 0.350865 0.480695 0.038905 0.057915
52 0.017291 0.542471 0.031700 0.057915
24 0.193804 0.608108 0.038905 0.054054
57 0.071326 0.671815 0.038905 0.054054
34 0.458934 0.676641 0.038905 0.055985
20 0.570605 0.479730 0.089337 0.055985
14 0.404899 0.741313 0.054755 0.061776
44 0.014409 0.672780 0.025937 0.055985
43 0.046830 0.607143 0.038905 0.055985
1 0.010807 0.475869 0.018732 0.055985
15 0.216859 0.673745 0.038905 0.054054
48 0.448127 0.479730 0.040346 0.055985
39 0.520893 0.544402 0.038905 0.054054
33 0.314121 0.674710 0.040346 0.055985
40 0.410663 0.675676 0.040346 0.054054
16 0.118876 0.671815 0.038905 0.054054
56 0.034582 0.540541 0.037464 0.054054
54 0.471902 0.545367 0.038905 0.055985
22 0.582133 0.578185 0.063401 0.121622
0 0.399856 0.480695 0.038905 0.057915
47 0.224784 0.744208 0.296830 0.063707
13 0.040346 0.740347 0.054755 0.059846
46 0.551873 0.674710 0.123919 0.055985
10 0.010807 0.608108 0.018732 0.054054
5 0.157061 0.478764 0.040346 0.054054
3 0.059798 0.477799 0.038905 0.055985
19 0.095821 0.608108 0.038905 0.054054
4 0.108790 0.478764 0.038905 0.054054
11 0.496398 0.480695 0.038905 0.054054
32 0.010807 0.672780 0.018732 0.055985
25 0.241354 0.608108 0.038905 0.054054
42 0.131844 0.541506 0.038905 0.052124
8 0.302594 0.480695 0.040346 0.057915
58 0.022334 0.671815 0.038905 0.054054
31 0.386888 0.610039 0.038905 0.054054
27 0.327089 0.544402 0.037464 0.054054
35 0.265850 0.673745 0.038905 0.054054
29 0.337896 0.610039 0.038905 0.054054
45 0.017291 0.607143 0.031700 0.055985
26 0.532421 0.610039 0.038905 0.054054
51 0.181556 0.542471 0.037464 0.054054
12 0.484870 0.611004 0.038905 0.055985
37 0.435879 0.610039 0.038905 0.054054
17 0.011527 0.476834 0.020173 0.057915
7 0.253602 0.480695 0.040346 0.057915
50 0.587896 0.744208 0.057637 0.059846
6 0.205331 0.478764 0.038905 0.054054
38 0.423631 0.544402 0.040346 0.054054
49 0.015850 0.740347 0.028818 0.063707
23 0.144092 0.607143 0.037464 0.052124
53 0.277378 0.544402 0.038905 0.054054
18 0.361671 0.674710 0.040346 0.055985
36 0.375360 0.544402 0.038905 0.054054
28 0.289625 0.608108 0.037464 0.054054
2 0.015850 0.476834 0.028818 0.054054
55 0.167867 0.671815 0.038905 0.054054
30 0.501441 0.569498 1.000000 0.532819
59 0.229107 0.543436 0.037464 0.055985
41 0.010807 0.542471 0.018732 0.054054
21 0.082853 0.542471 0.038905 0.054054
