43 0.208448 0.434066 0.061126 0.067766
58 0.167926 0.509158 0.063874 0.071429
24 0.410371 0.434982 0.061126 0.067766
54 0.780220 0.369963 0.057692 0.062271
49 0.020948 0.593864 0.040522 0.088828
48 0.740385 0.304945 0.054945 0.058608
45 0.054602 0.433150 0.107830 0.067766
18 0.651786 0.510073 0.061813 0.071429
41 0.134959 0.364011 0.061126 0.063187
57 0.236607 0.510073 0.062500 0.071429
2 0.175824 0.298077 0.057692 0.059524
13 0.141827 0.592949 0.069368 0.088828
34 0.784684 0.511905 0.062500 0.069597
35 0.514766 0.511447 0.063874 0.072344
20 0.871909 0.310440 0.083104 0.056777
16 0.305975 0.510073 0.063874 0.073260
23 0.343063 0.434524 0.059753 0.066850
4 0.301511 0.297619 0.056319 0.060440
22 0.892514 0.441392 0.105082 0.065934
9 0.617445 0.300824 0.056319 0.059524
39 0.841346 0.372253 0.056319 0.061355
27 0.591346 0.365842 0.057692 0.063187
12 0.806662 0.439560 0.059753 0.065934
36 0.655220 0.366758 0.057692 0.063187
17 0.051168 0.298077 0.058379 0.059524
1 0.112981 0.298077 0.057005 0.059524
11 0.799794 0.307234 0.054258 0.057692
6 0.428915 0.298535 0.057005 0.060440
53 0.525755 0.364927 0.059753 0.065018
0 0.679602 0.302198 0.057005 0.058608
47 0.441277 0.594780 0.344093 0.088828
10 0.142514 0.433608 0.061126 0.066850
42 0.329670 0.364927 0.059066 0.065018
46 0.889080 0.512363 0.139423 0.070513
56 0.199519 0.363095 0.059753 0.065018
14 0.739698 0.595238 0.065934 0.086081
21 0.264423 0.364011 0.059066 0.065018
38 0.718407 0.368132 0.056319 0.064103
30 0.500687 0.438187 1.000000 0.477106
51 0.395948 0.364469 0.058379 0.064103
37 0.743819 0.438187 0.059066 0.066850
29 0.612981 0.435897 0.059753 0.067766
31 0.679258 0.437271 0.059066 0.066850
7 0.492445 0.298993 0.056319 0.059524
5 0.365041 0.298535 0.057005 0.060440
59 0.461195 0.364927 0.059753 0.063187
19 0.275412 0.434524 0.060440 0.068681
25 0.478365 0.434982 0.061126 0.067766
3 0.239011 0.297619 0.057692 0.060440
8 0.555288 0.299908 0.055632 0.059524
28 0.545673 0.435440 0.061126 0.066850
44 0.066964 0.506868 0.132555 0.072344
33 0.583104 0.510073 0.061813 0.073260
55 0.375687 0.510073 0.063187 0.071429
40 0.720124 0.511447 0.061126 0.070513
15 0.445055 0.510073 0.064560 0.073260
26 0.901442 0.375000 0.057005 0.061355
52 0.055975 0.362637 0.092720 0.064103
