50 0.518236 0.769876 0.048408 0.045053
46 0.494695 0.717314 0.092838 0.044170
31 0.367374 0.666078 0.027851 0.040636
4 0.158488 0.570671 0.027851 0.042403
8 0.305371 0.571113 0.029841 0.045053
0 0.379310 0.569346 0.029178 0.043286
25 0.254642 0.667845 0.027851 0.040636
57 0.118369 0.719081 0.028515 0.040636
33 0.310013 0.718640 0.029841 0.043286
1 0.046419 0.571996 0.029178 0.041519
55 0.195623 0.717756 0.029178 0.041519
59 0.247347 0.618375 0.027851 0.040636
36 0.359085 0.617049 0.028515 0.039753
40 0.385610 0.718198 0.028515 0.042403
34 0.423408 0.717314 0.028515 0.040636
27 0.322281 0.617491 0.027851 0.038869
28 0.292440 0.667403 0.027851 0.041519
48 0.415782 0.568463 0.029178 0.041519
47 0.234416 0.779594 0.214191 0.064488
58 0.079576 0.719523 0.029178 0.041519
37 0.404841 0.666078 0.028515 0.040636
14 0.369032 0.769435 0.039125 0.042403
7 0.268236 0.570671 0.028515 0.044170
6 0.232427 0.570671 0.029841 0.042403
2 0.083554 0.571996 0.029178 0.043286
35 0.272215 0.717756 0.028515 0.041519
42 0.172745 0.618375 0.028515 0.040636
19 0.140915 0.667845 0.029841 0.042403
32 0.420424 0.772968 0.041114 0.040636
16 0.156499 0.719523 0.029178 0.041519
54 0.433355 0.616166 0.028515 0.039753
15 0.233422 0.718198 0.029178 0.042403
24 0.217175 0.667845 0.028515 0.040636
11 0.452586 0.567138 0.027188 0.038869
43 0.102785 0.668286 0.027851 0.041519
3 0.121021 0.571555 0.029841 0.042403
38 0.396552 0.616608 0.027851 0.038869
49 0.013263 0.772527 0.025199 0.045053
22 0.504310 0.666961 0.076260 0.042403
18 0.347812 0.718640 0.028515 0.043286
51 0.210544 0.617933 0.027188 0.039753
30 0.432361 0.655035 0.863395 0.398410
23 0.179045 0.668286 0.027851 0.041519
17 0.012599 0.571555 0.023873 0.040636
56 0.097480 0.619258 0.029178 0.040636
20 0.507294 0.567580 0.064987 0.041519
5 0.195623 0.570671 0.029178 0.042403
10 0.064987 0.669170 0.029178 0.041519
44 0.029178 0.719965 0.057029 0.044170
45 0.017573 0.670053 0.033820 0.041519
52 0.019562 0.620141 0.037798 0.042403
39 0.470822 0.616166 0.029178 0.041519
26 0.518236 0.617933 0.047082 0.041519
29 0.330239 0.666519 0.027851 0.039753
21 0.135610 0.619700 0.028515 0.043286
53 0.285146 0.617933 0.027851 0.039753
41 0.059682 0.620141 0.029178 0.042403
12 0.442639 0.665636 0.028515 0.041519
13 0.100464 0.772968 0.040451 0.044170
9 0.342175 0.570671 0.029178 0.044170
