12 0.571106 0.396028 0.058691 0.100467
16 0.020880 0.626168 0.039503 0.126168
22 0.700903 0.332944 0.124153 0.226636
6 0.160835 0.235981 0.053047 0.093458
59 0.194131 0.343458 0.056433 0.098131
18 0.402370 0.551402 0.059819 0.116822
24 0.133747 0.467290 0.057562 0.102804
46 0.683973 0.510514 0.214447 0.128505
8 0.297404 0.216121 0.053047 0.095794
56 0.017494 0.399533 0.032731 0.116822
33 0.325056 0.571262 0.063205 0.128505
40 0.477427 0.536215 0.060948 0.109813
36 0.405192 0.310748 0.054176 0.093458
28 0.284424 0.448598 0.056433 0.107477
4 0.025959 0.259346 0.049661 0.098131
14 0.458239 0.691589 0.090293 0.154206
29 0.359481 0.432243 0.057562 0.102804
15 0.168172 0.592290 0.067720 0.123832
37 0.502257 0.406542 0.060948 0.098131
43 0.021445 0.516355 0.040632 0.112150
31 0.429458 0.419393 0.057562 0.100467
53 0.264108 0.331776 0.054176 0.098131
21 0.016930 0.379673 0.031603 0.100467
11 0.558691 0.179907 0.051919 0.084112
42 0.046840 0.364486 0.057562 0.102804
26 0.638826 0.389019 0.058691 0.100467
27 0.337472 0.318925 0.054176 0.091121
30 0.490971 0.483645 0.979684 0.962617
19 0.018623 0.498832 0.034989 0.109813
57 0.022009 0.648364 0.041761 0.137850
7 0.229120 0.225467 0.051919 0.095794
25 0.208804 0.456776 0.058691 0.100467
38 0.474605 0.296729 0.055305 0.088785
35 0.247178 0.580607 0.063205 0.119159
0 0.430023 0.198598 0.054176 0.088785
39 0.603837 0.279206 0.056433 0.091121
9 0.365124 0.210280 0.050790 0.093458
3 0.016366 0.271028 0.030474 0.098131
55 0.088036 0.609813 0.067720 0.121495
47 0.204853 0.775701 0.407449 0.299065
20 0.654063 0.170561 0.123025 0.098131
51 0.120767 0.351636 0.056433 0.095794
54 0.539503 0.289720 0.058691 0.093458
50 0.752822 0.658879 0.121896 0.191589
5 0.093679 0.248832 0.058691 0.095794
48 0.494357 0.193925 0.054176 0.088785
23 0.057562 0.487150 0.065463 0.114486
34 0.551354 0.530374 0.066591 0.121495
