29 0.617500 0.515000 0.052500 0.068333
40 0.705937 0.591250 0.054375 0.069167
9 0.631875 0.366667 0.052500 0.068333
48 0.748125 0.366667 0.053750 0.068333
3 0.291250 0.363750 0.052500 0.065833
44 0.153750 0.582500 0.125000 0.068333
34 0.764062 0.592917 0.055625 0.069167
5 0.404062 0.364583 0.051875 0.065833
2 0.234687 0.362917 0.051875 0.065833
41 0.205313 0.436667 0.053125 0.066667
28 0.559688 0.514167 0.050625 0.066667
35 0.530625 0.588750 0.052500 0.067500
16 0.359687 0.586250 0.053125 0.067500
54 0.778125 0.441250 0.055000 0.069167
36 0.660625 0.440417 0.052500 0.067500
15 0.473750 0.587500 0.052500 0.066667
21 0.318437 0.437917 0.053125 0.067500
23 0.388750 0.512500 0.051250 0.066667
8 0.575000 0.366667 0.052500 0.066667
51 0.432500 0.438750 0.050000 0.065833
45 0.140313 0.508750 0.095625 0.065833
52 0.135313 0.434167 0.080625 0.066667
6 0.460938 0.365833 0.051875 0.066667
59 0.489063 0.439167 0.050625 0.066667
4 0.348125 0.363750 0.050000 0.065833
30 0.506875 0.494583 0.877500 0.512500
56 0.261562 0.435833 0.051875 0.068333
33 0.588437 0.590000 0.053125 0.068333
12 0.794063 0.516667 0.054375 0.068333
1 0.178437 0.362083 0.050625 0.064167
55 0.416875 0.586667 0.051250 0.066667
20 0.880938 0.367500 0.083125 0.068333
46 0.862187 0.593333 0.128125 0.071667
10 0.218125 0.510000 0.051250 0.066667
17 0.121250 0.361250 0.050000 0.064167
22 0.877812 0.517083 0.098125 0.070833
0 0.689688 0.366667 0.054375 0.068333
57 0.302812 0.585833 0.051875 0.066667
24 0.445000 0.512917 0.050000 0.065833
13 0.229375 0.664583 0.053750 0.080833
19 0.332188 0.511250 0.051875 0.067500
7 0.518437 0.366667 0.051875 0.066667
11 0.806875 0.365833 0.052500 0.066667
43 0.275000 0.510833 0.052500 0.066667
49 0.115312 0.662917 0.055625 0.079167
37 0.734375 0.516250 0.053750 0.069167
26 0.897813 0.442500 0.053125 0.068333
25 0.502812 0.513750 0.051875 0.065833
53 0.545625 0.440417 0.051250 0.067500
18 0.646250 0.590000 0.053750 0.068333
27 0.603437 0.440000 0.050625 0.066667
47 0.471562 0.667500 0.275625 0.081667
14 0.715313 0.672917 0.055625 0.082500
31 0.676562 0.516667 0.053125 0.068333
38 0.719688 0.441250 0.053125 0.067500
58 0.245938 0.585000 0.053125 0.066667
39 0.838437 0.442083 0.054375 0.067500
42 0.375937 0.438333 0.050625 0.066667
