9 0.388158 0.496078 0.039474 0.058824
52 0.017544 0.558824 0.032164 0.058824
24 0.228801 0.625490 0.039474 0.054902
57 0.104532 0.690196 0.039474 0.054902
34 0.497807 0.695098 0.039474 0.056863
20 0.611111 0.495098 0.090643 0.056863
14 0.442982 0.760784 0.055556 0.062745
44 0.014620 0.691176 0.026316 0.056863
43 0.079678 0.624510 0.039474 0.056863
1 0.010965 0.491176 0.019006 0.056863
15 0.252193 0.692157 0.039474 0.054902
48 0.486842 0.495098 0.040936 0.056863
39 0.560673 0.560784 0.039474 0.054902
33 0.350877 0.693137 0.040936 0.056863
40 0.448830 0.694118 0.040936 0.054902
16 0.152778 0.690196 0.039474 0.054902
56 0.067251 0.556863 0.038012 0.054902
54 0.510965 0.561765 0.039474 0.056863
22 0.622807 0.595098 0.064327 0.123529
0 0.437865 0.496078 0.039474 0.058824
47 0.260234 0.763725 0.301170 0.064706
13 0.073099 0.759804 0.055556 0.060784
46 0.592105 0.693137 0.125731 0.056863
10 0.030702 0.625490 0.038012 0.054902
5 0.191520 0.494118 0.040936 0.054902
3 0.092836 0.493137 0.039474 0.056863
19 0.129386 0.625490 0.039474 0.054902
4 0.142544 0.494118 0.039474 0.054902
11 0.535819 0.496078 0.039474 0.054902
32 0.013158 0.691176 0.023392 0.056863
25 0.277047 0.625490 0.039474 0.054902
42 0.165936 0.557843 0.039474 0.052941
8 0.339181 0.496078 0.040936 0.058824
58 0.054825 0.690196 0.039474 0.054902
31 0.424708 0.627451 0.039474 0.054902
27 0.364035 0.560784 0.038012 0.054902
35 0.301901 0.692157 0.039474 0.054902
29 0.375000 0.627451 0.039474 0.054902
45 0.017544 0.624510 0.032164 0.056863
26 0.572368 0.627451 0.039474 0.054902
51 0.216374 0.558824 0.038012 0.054902
12 0.524123 0.628431 0.039474 0.056863
37 0.474415 0.627451 0.039474 0.054902
17 0.011696 0.492157 0.020468 0.058824
7 0.289474 0.496078 0.040936 0.058824
50 0.628655 0.763725 0.058480 0.060784
6 0.240497 0.494118 0.039474 0.054902
38 0.461988 0.560784 0.040936 0.054902
49 0.016082 0.759804 0.029240 0.064706
23 0.178363 0.624510 0.038012 0.052941
53 0.313596 0.560784 0.039474 0.054902
18 0.399123 0.693137 0.040936 0.056863
36 0.413012 0.560784 0.039474 0.054902
28 0.326023 0.625490 0.038012 0.054902
2 0.043860 0.492157 0.038012 0.054902
55 0.202485 0.690196 0.039474 0.054902
30 0.501462 0.586275 1.000000 0.541176
59 0.264620 0.559804 0.038012 0.056863
41 0.019737 0.558824 0.036550 0.054902
21 0.116228 0.558824 0.039474 0.054902
