5 0.234773 0.469000 0.051700 0.072000
55 0.245042 0.688500 0.052408 0.073000
12 0.578612 0.606500 0.048159 0.069000
36 0.465652 0.536000 0.047450 0.066000
15 0.297450 0.687000 0.052408 0.072000
22 0.677408 0.571000 0.075779 0.142000
24 0.271246 0.613000 0.049575 0.070000
11 0.589235 0.465000 0.046742 0.070000
26 0.628895 0.606500 0.049575 0.069000
18 0.453612 0.681000 0.047450 0.070000
4 0.182365 0.467000 0.051700 0.070000
48 0.539660 0.466500 0.048159 0.071000
51 0.259915 0.540000 0.049575 0.068000
21 0.154745 0.541500 0.051700 0.071000
47 0.299575 0.762000 0.301700 0.076000
3 0.128187 0.470000 0.053824 0.072000
34 0.553470 0.676500 0.047450 0.063000
29 0.428116 0.608500 0.048867 0.069000
30 0.500708 0.545000 1.000000 0.638000
16 0.191572 0.690000 0.053116 0.074000
35 0.349150 0.686000 0.052408 0.072000
8 0.389518 0.467000 0.050992 0.072000
53 0.363669 0.539000 0.050283 0.070000
56 0.101275 0.542000 0.052408 0.072000
9 0.440156 0.466000 0.048867 0.070000
42 0.207861 0.541000 0.051700 0.070000
38 0.516997 0.534500 0.043909 0.065000
23 0.219547 0.614500 0.049575 0.071000
54 0.565864 0.535500 0.046742 0.069000
27 0.415368 0.537000 0.047450 0.068000
59 0.311615 0.540500 0.049575 0.071000
32 0.029745 0.694000 0.058074 0.074000
45 0.016643 0.618000 0.031870 0.070000
20 0.664660 0.464500 0.097025 0.071000
0 0.490793 0.465000 0.048159 0.068000
41 0.047096 0.542500 0.055949 0.071000
13 0.113669 0.767500 0.071530 0.075000
7 0.338173 0.466500 0.050283 0.069000
46 0.649079 0.677000 0.135269 0.068000
10 0.059136 0.616500 0.054533 0.069000
43 0.112960 0.617000 0.053116 0.072000
33 0.401204 0.683000 0.051700 0.072000
6 0.286827 0.468500 0.050992 0.073000
58 0.084632 0.690500 0.055949 0.069000
1 0.025850 0.471500 0.050283 0.073000
39 0.614377 0.535500 0.047450 0.069000
37 0.529037 0.607500 0.048159 0.069000
57 0.138456 0.691000 0.053116 0.074000
2 0.075425 0.470500 0.053116 0.071000
25 0.324008 0.613000 0.050283 0.072000
14 0.482649 0.757000 0.065864 0.074000
19 0.166431 0.615000 0.050992 0.070000
31 0.479108 0.607500 0.047450 0.069000
28 0.376416 0.610500 0.050283 0.071000
40 0.504603 0.678500 0.046034 0.067000
