40 0.637813 0.470000 0.049375 0.056667
41 0.182812 0.345833 0.051875 0.055000
54 0.692187 0.351250 0.046875 0.052500
29 0.557500 0.409167 0.047500 0.055000
44 0.121250 0.468333 0.125000 0.061667
48 0.662188 0.293750 0.045625 0.050833
30 0.447188 0.410000 0.839375 0.413333
19 0.297500 0.407500 0.050000 0.056667
24 0.402813 0.408750 0.048125 0.055833
36 0.591875 0.350833 0.046250 0.053333
39 0.742500 0.351667 0.046250 0.051667
23 0.350625 0.408333 0.047500 0.055000
18 0.585625 0.470000 0.048750 0.058333
42 0.340000 0.348750 0.048750 0.054167
11 0.710938 0.295000 0.044375 0.050000
46 0.775000 0.470417 0.113750 0.057500
20 0.770938 0.296667 0.068125 0.050000
31 0.608437 0.409583 0.046875 0.054167
56 0.235625 0.345417 0.050000 0.055833
5 0.368125 0.291250 0.046250 0.050833
14 0.650625 0.539167 0.052500 0.071667
59 0.442812 0.350000 0.046875 0.053333
4 0.317812 0.290417 0.045625 0.050833
12 0.710313 0.409583 0.049375 0.054167
52 0.116875 0.343750 0.078750 0.057500
1 0.163750 0.286667 0.048750 0.051667
57 0.266562 0.470000 0.051875 0.060000
9 0.565000 0.295000 0.045000 0.050000
55 0.375625 0.470417 0.050000 0.059167
34 0.689688 0.470417 0.050625 0.057500
8 0.516250 0.294167 0.045000 0.050000
53 0.492812 0.350833 0.046875 0.053333
43 0.242812 0.406667 0.050625 0.056667
38 0.641875 0.350417 0.046250 0.052500
49 0.075313 0.541667 0.060625 0.075000
0 0.613437 0.294167 0.045625 0.050000
16 0.320937 0.470417 0.051875 0.059167
13 0.190312 0.541667 0.056875 0.075000
37 0.659062 0.409167 0.048125 0.055000
25 0.455000 0.409167 0.047500 0.055000
35 0.481563 0.470833 0.049375 0.058333
7 0.467813 0.293750 0.045625 0.050833
33 0.533750 0.470417 0.050000 0.059167
2 0.215312 0.288333 0.048125 0.051667
27 0.543125 0.351250 0.045000 0.052500
3 0.266250 0.289167 0.048750 0.051667
58 0.210938 0.470000 0.053125 0.058333
15 0.428438 0.470417 0.050625 0.059167
26 0.791875 0.352917 0.046250 0.050833
51 0.391562 0.349167 0.046875 0.053333
22 0.780937 0.409583 0.085625 0.055833
45 0.114687 0.405417 0.094375 0.057500
47 0.423438 0.540000 0.263125 0.071667
17 0.111875 0.286667 0.050000 0.051667
10 0.189688 0.406250 0.050625 0.055833
28 0.505938 0.409167 0.046875 0.055000
21 0.288125 0.347500 0.048750 0.055000
6 0.417812 0.292917 0.045625 0.050833
