40 0.481358 0.430416 0.046845 0.034433
33 0.480402 0.343615 0.046845 0.034433
30 0.588910 0.462697 0.523901 0.923960
34 0.482314 0.472740 0.046845 0.034433
20 0.645793 0.567432 0.043021 0.073171
26 0.536807 0.533716 0.046845 0.034433
9 0.650574 0.376614 0.048757 0.032999
53 0.592734 0.312769 0.047801 0.034433
18 0.481358 0.385940 0.046845 0.034433
35 0.481358 0.300574 0.046845 0.034433
39 0.592256 0.525108 0.046845 0.034433
59 0.594646 0.270445 0.047801 0.034433
57 0.479924 0.123027 0.049713 0.033716
29 0.535851 0.362984 0.046845 0.032999
15 0.481358 0.256815 0.046845 0.032999
24 0.539675 0.237446 0.046845 0.032999
28 0.537763 0.322812 0.046845 0.032999
56 0.595602 0.094692 0.051625 0.035868
3 0.654398 0.115854 0.050669 0.036585
17 0.654876 0.008608 0.051625 0.015782
45 0.542065 0.018651 0.049713 0.035868
12 0.533939 0.489240 0.046845 0.034433
49 0.426864 0.012195 0.050669 0.022956
8 0.649618 0.335725 0.048757 0.032999
51 0.594168 0.226686 0.046845 0.032999
10 0.539197 0.059541 0.049713 0.032999
31 0.535851 0.408178 0.046845 0.032999
43 0.537763 0.104017 0.050669 0.034433
38 0.591300 0.438666 0.044933 0.033716
25 0.537763 0.279053 0.046845 0.032999
1 0.654876 0.028336 0.051625 0.032281
0 0.648662 0.418221 0.048757 0.032999
41 0.598470 0.051650 0.051625 0.035868
55 0.483270 0.215208 0.046845 0.032999
23 0.539675 0.193687 0.046845 0.032999
48 0.645793 0.459110 0.048757 0.032999
5 0.649618 0.205524 0.050669 0.036585
4 0.652486 0.160330 0.050669 0.036585
13 0.423040 0.105452 0.050669 0.050215
16 0.479924 0.169297 0.051625 0.038737
22 0.560707 0.574247 0.104207 0.049498
58 0.483270 0.082138 0.050669 0.033716
50 0.421128 0.575323 0.046845 0.051650
52 0.598470 0.015065 0.047801 0.028694
36 0.591300 0.396341 0.046845 0.035151
27 0.591778 0.353659 0.047801 0.034433
32 0.480402 0.034792 0.050669 0.033716
7 0.647706 0.289455 0.050669 0.036585
46 0.480402 0.550215 0.046845 0.104735
47 0.423518 0.260760 0.053537 0.238881
37 0.534895 0.447633 0.046845 0.035868
42 0.595124 0.185079 0.048757 0.037303
19 0.537285 0.148494 0.051625 0.035868
14 0.422084 0.408895 0.046845 0.051650
6 0.649618 0.249283 0.050669 0.036585
2 0.652964 0.070660 0.051625 0.032281
54 0.590344 0.484218 0.046845 0.034433
44 0.483270 0.012195 0.050669 0.022956
21 0.595124 0.141320 0.048757 0.037303
11 0.647228 0.502511 0.045889 0.030846
