56 0.150000 0.441667 0.031250 0.048333
21 0.194062 0.442917 0.031875 0.047500
31 0.466562 0.495000 0.031875 0.048333
38 0.498750 0.439167 0.032500 0.048333
52 0.051250 0.446250 0.052500 0.050833
19 0.208437 0.499583 0.030625 0.047500
59 0.326875 0.441667 0.031250 0.046667
43 0.163750 0.500000 0.030000 0.048333
10 0.120000 0.500417 0.030000 0.049167
36 0.456562 0.439583 0.031875 0.047500
32 0.099062 0.557500 0.030625 0.048333
28 0.381875 0.497500 0.030000 0.048333
40 0.488750 0.550417 0.032500 0.049167
34 0.529062 0.549167 0.033125 0.048333
8 0.390625 0.384167 0.032500 0.048333
25 0.339062 0.497500 0.030625 0.046667
33 0.404062 0.552500 0.031875 0.046667
51 0.282813 0.441667 0.030625 0.046667
11 0.561875 0.382917 0.031250 0.045833
50 0.638750 0.606250 0.047500 0.044167
58 0.143125 0.557500 0.030000 0.046667
30 0.502500 0.467083 0.981250 0.425833
14 0.472813 0.608333 0.046875 0.048333
35 0.361563 0.553333 0.030625 0.046667
1 0.079687 0.385833 0.031875 0.048333
26 0.592812 0.494167 0.030625 0.046667
23 0.252812 0.498750 0.030625 0.045833
9 0.434063 0.383750 0.033125 0.047500
41 0.105625 0.442083 0.031250 0.049167
6 0.302500 0.384583 0.032500 0.049167
46 0.609375 0.548750 0.103750 0.045833
18 0.446875 0.551667 0.031250 0.048333
54 0.540000 0.439167 0.032500 0.048333
45 0.059687 0.501667 0.061875 0.046667
55 0.275000 0.555000 0.031250 0.046667
39 0.581875 0.437917 0.032500 0.049167
7 0.346875 0.384167 0.031250 0.048333
48 0.519375 0.383750 0.032500 0.047500
22 0.635625 0.466250 0.052500 0.104167
15 0.318437 0.554583 0.030625 0.045833
44 0.050313 0.559583 0.040625 0.047500
47 0.323125 0.617500 0.235000 0.048333
42 0.239687 0.441667 0.031875 0.046667
37 0.509062 0.495000 0.030625 0.048333
5 0.257812 0.384583 0.031875 0.049167
2 0.124063 0.385417 0.031875 0.049167
12 0.550312 0.494167 0.031875 0.048333
13 0.169687 0.615417 0.046875 0.045833
0 0.477187 0.384167 0.035625 0.048333
17 0.036875 0.387500 0.028750 0.048333
29 0.424687 0.495833 0.030625 0.048333
4 0.213750 0.384583 0.032500 0.049167
24 0.295625 0.498333 0.030000 0.046667
16 0.231250 0.556250 0.031250 0.045833
20 0.626563 0.381667 0.074375 0.048333
53 0.370312 0.441250 0.030625 0.047500
49 0.054062 0.616250 0.044375 0.045833
27 0.413750 0.440417 0.031250 0.047500
57 0.187188 0.556667 0.030625 0.046667
3 0.169375 0.384583 0.032500 0.049167
