56 0.104137 0.409696 0.035663 0.055133
21 0.154422 0.411122 0.036377 0.054183
31 0.465407 0.470532 0.036377 0.055133
38 0.502140 0.406844 0.037090 0.055133
52 0.015692 0.414924 0.029957 0.057985
19 0.170827 0.475760 0.034950 0.054183
59 0.305991 0.409696 0.035663 0.053232
43 0.119829 0.476236 0.034237 0.055133
10 0.069900 0.476711 0.034237 0.056084
36 0.453994 0.407319 0.036377 0.054183
32 0.046006 0.541825 0.034950 0.055133
28 0.368759 0.473384 0.034237 0.055133
40 0.490728 0.533745 0.037090 0.056084
34 0.536733 0.532319 0.037803 0.055133
8 0.378745 0.344106 0.037090 0.055133
25 0.319900 0.473384 0.034950 0.053232
33 0.394080 0.536122 0.036377 0.053232
51 0.255706 0.409696 0.034950 0.053232
11 0.574180 0.342681 0.035663 0.052281
50 0.661912 0.597433 0.054208 0.050380
58 0.096291 0.541825 0.034237 0.053232
30 0.500713 0.438688 1.000000 0.485741
14 0.472539 0.599810 0.053495 0.055133
35 0.345578 0.537072 0.034950 0.053232
1 0.023894 0.346008 0.036377 0.055133
26 0.609486 0.469582 0.034950 0.053232
23 0.221469 0.474810 0.034950 0.052281
9 0.428317 0.343631 0.037803 0.054183
41 0.053495 0.410171 0.035663 0.056084
6 0.278174 0.344582 0.037090 0.056084
46 0.628388 0.531844 0.118402 0.052281
18 0.442939 0.535171 0.035663 0.055133
54 0.549215 0.406844 0.037090 0.055133
45 0.018545 0.478137 0.035663 0.053232
55 0.246790 0.538973 0.035663 0.053232
39 0.597004 0.405418 0.037090 0.056084
7 0.328816 0.344106 0.035663 0.055133
48 0.525678 0.343631 0.037090 0.054183
22 0.658345 0.437738 0.059914 0.118821
15 0.296362 0.538498 0.034950 0.052281
44 0.012126 0.544202 0.022825 0.054183
47 0.301712 0.610266 0.268188 0.055133
42 0.206491 0.409696 0.036377 0.053232
37 0.513909 0.470532 0.034950 0.055133
5 0.227175 0.344582 0.036377 0.056084
2 0.074536 0.345532 0.036377 0.056084
12 0.560984 0.469582 0.036377 0.055133
13 0.126605 0.607890 0.053495 0.052281
0 0.477532 0.344106 0.040656 0.055133
17 0.008916 0.347909 0.016405 0.055133
29 0.417618 0.471483 0.034950 0.055133
4 0.176890 0.344582 0.037090 0.056084
24 0.270328 0.474335 0.034237 0.053232
16 0.196862 0.540399 0.035663 0.052281
20 0.648003 0.341255 0.084879 0.055133
53 0.355563 0.409221 0.034950 0.054183
49 0.013195 0.608840 0.024964 0.052281
27 0.405136 0.408270 0.035663 0.054183
57 0.146576 0.540875 0.034950 0.053232
3 0.126248 0.344582 0.037090 0.056084
