13 0.205313 0.717083 0.055625 0.074167
34 0.639687 0.644583 0.039375 0.060833
0 0.576250 0.442917 0.040000 0.059167
26 0.714688 0.578333 0.038125 0.060000
37 0.613750 0.575833 0.040000 0.060000
54 0.650937 0.508750 0.039375 0.059167
22 0.765938 0.546250 0.064375 0.129167
20 0.751250 0.444583 0.088750 0.059167
31 0.563125 0.575417 0.038750 0.059167
14 0.568750 0.717083 0.055000 0.070833
8 0.475000 0.440833 0.041250 0.061667
38 0.602812 0.508750 0.039375 0.057500
52 0.070938 0.502917 0.069375 0.062500
17 0.059687 0.432917 0.041875 0.060833
1 0.112187 0.435000 0.041875 0.060000
36 0.551875 0.508333 0.038750 0.058333
7 0.424375 0.440000 0.041250 0.060000
55 0.331562 0.642083 0.041875 0.060833
44 0.060000 0.642500 0.055000 0.061667
6 0.373750 0.439583 0.042500 0.060833
11 0.677500 0.444167 0.038750 0.058333
18 0.538125 0.643333 0.041250 0.060000
45 0.076563 0.571667 0.081875 0.061667
19 0.254063 0.573333 0.040625 0.061667
24 0.358750 0.572083 0.041250 0.059167
21 0.241875 0.504583 0.041250 0.060833
47 0.387500 0.722500 0.288750 0.085000
4 0.270937 0.437083 0.041875 0.060833
27 0.500000 0.507500 0.040000 0.056667
42 0.293125 0.504583 0.042500 0.059167
48 0.627500 0.444583 0.040000 0.059167
39 0.702500 0.511250 0.038750 0.059167
30 0.505625 0.533750 0.973750 0.517500
15 0.383750 0.642083 0.042500 0.060833
29 0.512500 0.575000 0.040000 0.060000
49 0.065312 0.716667 0.069375 0.073333
46 0.734062 0.645833 0.125625 0.061667
51 0.346875 0.505000 0.040000 0.058333
50 0.767813 0.719167 0.066875 0.068333
41 0.136250 0.502917 0.042500 0.060833
2 0.165625 0.435000 0.041250 0.061667
53 0.449688 0.507500 0.039375 0.060000
23 0.306563 0.572083 0.041875 0.060833
3 0.217812 0.435833 0.041875 0.061667
9 0.526563 0.441667 0.040625 0.060000
12 0.665000 0.576667 0.038750 0.060000
58 0.172500 0.642083 0.041250 0.064167
40 0.589375 0.643333 0.040000 0.060000
35 0.435625 0.642917 0.041250 0.060833
5 0.322500 0.437917 0.043750 0.060833
32 0.120000 0.641250 0.042500 0.064167
28 0.461562 0.574583 0.039375 0.059167
57 0.226250 0.642083 0.040000 0.062500
25 0.410000 0.572917 0.040000 0.059167
10 0.148438 0.571667 0.041875 0.061667
59 0.398438 0.506667 0.040625 0.058333
43 0.201250 0.572917 0.040000 0.062500
56 0.190312 0.503750 0.040625 0.060833
33 0.486563 0.643750 0.041875 0.062500
16 0.278125 0.643333 0.041250 0.061667
