10 0.074627 0.462000 0.059701 0.092000
26 0.918657 0.464000 0.061194 0.092000
11 0.861940 0.248000 0.061194 0.092000
8 0.553731 0.250000 0.062687 0.092000
13 0.141791 0.678000 0.080597 0.092000
52 0.026866 0.358000 0.050746 0.092000
42 0.287313 0.357000 0.058209 0.090000
47 0.431343 0.679000 0.468657 0.094000
15 0.420149 0.571000 0.061194 0.090000
46 0.924627 0.573000 0.153731 0.098000
37 0.763433 0.462000 0.061194 0.092000
16 0.267910 0.571000 0.061194 0.090000
57 0.192537 0.571000 0.059701 0.090000
28 0.534328 0.462000 0.056716 0.092000
3 0.170896 0.249000 0.061194 0.094000
22 0.975373 0.411000 0.052239 0.210000
53 0.515672 0.356000 0.058209 0.092000
59 0.439552 0.356000 0.058209 0.092000
20 0.953731 0.248000 0.095522 0.096000
30 0.501493 0.471000 1.000000 0.594000
40 0.726866 0.570000 0.059701 0.092000
33 0.571642 0.571000 0.059701 0.094000
0 0.708209 0.249000 0.064179 0.094000
24 0.381343 0.463000 0.058209 0.090000
23 0.305970 0.462000 0.059701 0.092000
5 0.325373 0.250000 0.062687 0.092000
44 0.022388 0.573000 0.041791 0.090000
19 0.228358 0.462000 0.059701 0.092000
35 0.496269 0.571000 0.061194 0.090000
27 0.591791 0.355000 0.058209 0.090000
18 0.647761 0.569000 0.059701 0.090000
21 0.210448 0.358000 0.059701 0.092000
32 0.035075 0.571000 0.061194 0.090000
55 0.344776 0.570000 0.059701 0.092000
14 0.716418 0.679000 0.083582 0.094000
29 0.610448 0.462000 0.059701 0.092000
58 0.113433 0.572000 0.059701 0.092000
56 0.132090 0.356000 0.058209 0.092000
12 0.841045 0.463000 0.061194 0.094000
4 0.249254 0.250000 0.059701 0.092000
38 0.745522 0.355000 0.058209 0.090000
45 0.032836 0.465000 0.062687 0.090000
48 0.785821 0.249000 0.061194 0.094000
49 0.022388 0.680000 0.041791 0.092000
1 0.023134 0.247000 0.043284 0.090000
41 0.054478 0.357000 0.061194 0.090000
31 0.687313 0.462000 0.058209 0.092000
34 0.802985 0.570000 0.059701 0.092000
2 0.092537 0.248000 0.062687 0.092000
51 0.364179 0.355000 0.056716 0.090000
36 0.668657 0.356000 0.059701 0.092000
9 0.631343 0.250000 0.062687 0.092000
39 0.900000 0.355000 0.059701 0.094000
6 0.401493 0.250000 0.062687 0.092000
7 0.477612 0.249000 0.059701 0.090000
43 0.152239 0.463000 0.059701 0.090000
50 0.912687 0.683000 0.085075 0.094000
17 0.016418 0.251000 0.029851 0.090000
54 0.823134 0.357000 0.061194 0.094000
25 0.458209 0.462000 0.059701 0.092000
