5 0.183873 0.440000 0.049258 0.068571
55 0.193657 0.649048 0.049933 0.069524
12 0.511471 0.570952 0.045884 0.065714
36 0.403846 0.503810 0.045209 0.062857
15 0.243590 0.647619 0.049933 0.068571
22 0.605601 0.537143 0.072200 0.135238
24 0.218623 0.577143 0.047233 0.066667
11 0.521592 0.436190 0.044534 0.066667
26 0.559379 0.570952 0.047233 0.065714
18 0.392375 0.641905 0.045209 0.066667
4 0.133941 0.438095 0.049258 0.066667
48 0.474359 0.437619 0.045884 0.067619
51 0.207827 0.507619 0.047233 0.064762
21 0.107625 0.509048 0.049258 0.067619
47 0.245614 0.719048 0.287449 0.072381
3 0.082321 0.440952 0.051282 0.068571
34 0.487517 0.637619 0.045209 0.060000
29 0.368084 0.572857 0.046559 0.065714
30 0.500675 0.512381 1.000000 0.607619
16 0.142713 0.650476 0.050607 0.070476
35 0.292848 0.646667 0.049933 0.068571
8 0.331309 0.438095 0.048583 0.068571
53 0.306680 0.506667 0.047908 0.066667
56 0.056680 0.509524 0.049933 0.068571
9 0.379555 0.437143 0.046559 0.066667
42 0.158232 0.508571 0.049258 0.066667
38 0.452767 0.502381 0.041835 0.061905
23 0.169366 0.578571 0.047233 0.067619
54 0.499325 0.503333 0.044534 0.065714
27 0.355938 0.504762 0.045209 0.064762
59 0.257085 0.508095 0.047233 0.067619
32 0.014507 0.654286 0.027665 0.070476
45 0.013158 0.581905 0.024966 0.066667
20 0.593455 0.435714 0.092443 0.067619
0 0.427800 0.436190 0.045884 0.064762
41 0.016194 0.510000 0.031039 0.067619
13 0.068489 0.724286 0.068151 0.071429
7 0.282389 0.437619 0.047908 0.065714
46 0.578610 0.638095 0.128880 0.064762
10 0.021592 0.580476 0.041835 0.065714
43 0.067814 0.580952 0.050607 0.068571
33 0.342443 0.643810 0.049258 0.068571
6 0.233468 0.439524 0.048583 0.069524
58 0.040823 0.650952 0.053306 0.065714
1 0.014170 0.442381 0.026991 0.069524
39 0.545547 0.503333 0.045209 0.065714
37 0.464238 0.571905 0.045884 0.065714
57 0.092105 0.651429 0.050607 0.070476
2 0.032051 0.441429 0.050607 0.067619
25 0.268893 0.577143 0.047908 0.068571
14 0.420040 0.714286 0.062753 0.070476
19 0.118758 0.579048 0.048583 0.066667
31 0.416667 0.571905 0.045209 0.065714
28 0.318826 0.574762 0.047908 0.067619
40 0.440958 0.639524 0.043860 0.063810
