2 0.185501 0.601852 0.034115 0.041311
34 0.518657 0.764245 0.033049 0.047009
44 0.097015 0.747151 0.046908 0.044160
23 0.276652 0.702279 0.033049 0.042735
11 0.547441 0.616809 0.030917 0.042735
52 0.115672 0.648148 0.052239 0.042735
54 0.528785 0.664530 0.031983 0.044160
25 0.351279 0.705840 0.033049 0.044160
42 0.270789 0.653134 0.034115 0.044160
33 0.405117 0.757835 0.034115 0.048433
13 0.187100 0.802707 0.047974 0.049858
28 0.388593 0.707265 0.033049 0.044160
56 0.197761 0.648148 0.035181 0.045584
55 0.291578 0.752137 0.033049 0.048433
27 0.418443 0.659544 0.033049 0.042735
18 0.442431 0.759972 0.031983 0.044160
46 0.589552 0.767094 0.098081 0.047009
26 0.575160 0.715100 0.033049 0.045584
59 0.344883 0.655983 0.033049 0.044160
57 0.214819 0.750000 0.037313 0.047009
32 0.139126 0.747151 0.039446 0.047009
30 0.501599 0.677350 0.911514 0.425926
40 0.480810 0.762108 0.031983 0.045584
8 0.402452 0.611111 0.033049 0.042735
35 0.366205 0.757123 0.035181 0.047009
9 0.438699 0.612536 0.030917 0.042735
49 0.087953 0.800570 0.056503 0.048433
16 0.252665 0.751425 0.036247 0.047009
48 0.510661 0.614672 0.031983 0.044160
4 0.257463 0.605413 0.033049 0.042735
5 0.294243 0.606838 0.031983 0.042735
10 0.164712 0.698006 0.035181 0.045584
31 0.462687 0.710826 0.031983 0.042735
22 0.612473 0.694444 0.050107 0.092593
14 0.472814 0.815527 0.045842 0.049858
21 0.235075 0.650997 0.035181 0.045584
37 0.500533 0.712251 0.033049 0.045584
53 0.382196 0.658832 0.033049 0.044160
20 0.601812 0.621083 0.067164 0.042735
58 0.178038 0.749288 0.036247 0.045584
3 0.220149 0.602564 0.033049 0.042735
51 0.307569 0.653134 0.033049 0.044160
50 0.619403 0.821937 0.046908 0.048433
12 0.537846 0.713675 0.035181 0.045584
17 0.113539 0.599003 0.035181 0.041311
0 0.474947 0.613248 0.033049 0.044160
24 0.313433 0.704416 0.034115 0.044160
39 0.565565 0.665954 0.033049 0.044160
7 0.366205 0.608262 0.030917 0.042735
15 0.329424 0.754986 0.034115 0.045584
19 0.238806 0.700142 0.034115 0.044160
43 0.201493 0.700142 0.036247 0.044160
45 0.113539 0.697293 0.062900 0.044160
36 0.455224 0.661681 0.031983 0.044160
38 0.492004 0.663105 0.033049 0.044160
47 0.330490 0.809117 0.234542 0.054131
41 0.160448 0.648860 0.035181 0.044160
1 0.149787 0.600427 0.035181 0.044160
29 0.425906 0.708689 0.033049 0.044160
6 0.331023 0.608262 0.033049 0.042735
