0 0.505000 0.113125 0.081667 0.047500
55 0.659167 0.384688 0.093333 0.059375
31 0.658333 0.141875 0.078333 0.043750
47 0.770833 0.354063 0.175000 0.344375
12 0.689583 0.059062 0.074167 0.035625
46 0.781250 0.035000 0.082500 0.067500
43 0.498333 0.529375 0.101667 0.066250
44 0.527083 0.766250 0.125833 0.115000
14 0.833333 0.147813 0.083333 0.049375
52 0.306667 0.707500 0.131667 0.135000
53 0.532083 0.233750 0.082500 0.050000
25 0.601667 0.284375 0.085000 0.052500
30 0.501667 0.500625 0.986667 0.992500
11 0.545417 0.034375 0.074167 0.040000
50 0.869167 0.012812 0.073333 0.024375
9 0.482083 0.155312 0.085833 0.050625
33 0.715417 0.222812 0.084167 0.051875
26 0.707500 0.024063 0.075000 0.033125
49 0.647500 0.796250 0.130000 0.128750
57 0.614167 0.512813 0.101667 0.065625
13 0.713333 0.583438 0.118333 0.091875
56 0.390417 0.527188 0.100833 0.066875
15 0.679167 0.326562 0.088333 0.055625
37 0.678750 0.098125 0.079167 0.045000
16 0.636667 0.446875 0.096667 0.061250
3 0.310417 0.478125 0.110833 0.071250
32 0.562500 0.666562 0.111667 0.083125
39 0.628333 0.022812 0.075000 0.033125
59 0.505000 0.286562 0.088333 0.059375
29 0.639167 0.185000 0.078333 0.043750
7 0.433333 0.248750 0.088333 0.058750
17 0.188333 0.703750 0.120000 0.091250
48 0.525417 0.073125 0.077500 0.045000
19 0.526250 0.462500 0.099167 0.062500
10 0.470000 0.602187 0.105000 0.070625
40 0.748750 0.131875 0.079167 0.045000
8 0.458750 0.200625 0.087500 0.053750
23 0.553333 0.399375 0.096667 0.061250
58 0.589583 0.584375 0.102500 0.071250
38 0.596250 0.100625 0.079167 0.045000
1 0.234583 0.620000 0.114167 0.077500
2 0.272917 0.547500 0.110833 0.080000
28 0.620000 0.235625 0.085000 0.052500
21 0.424167 0.460313 0.100000 0.064375
54 0.611667 0.058438 0.075000 0.038125
27 0.552083 0.188125 0.082500 0.050000
45 0.432500 0.720313 0.150000 0.138125
6 0.405000 0.300312 0.095000 0.061875
51 0.479583 0.341562 0.092500 0.064375
4 0.344167 0.414687 0.105000 0.068125
41 0.356250 0.602187 0.112500 0.076875
42 0.451667 0.399375 0.095000 0.063750
5 0.375000 0.355625 0.100000 0.063750
35 0.697917 0.273438 0.085833 0.053125
24 0.577500 0.341250 0.095000 0.058750
36 0.571667 0.143437 0.080000 0.045625
18 0.732500 0.175937 0.080000 0.045625
34 0.762917 0.087500 0.079167 0.045000
