59 0.354515 0.495536 0.040134 0.116071
47 0.343645 0.908482 0.279264 0.120536
20 0.705686 0.363839 0.090301 0.111607
19 0.214883 0.629464 0.038462 0.116071
27 0.455686 0.493304 0.038462 0.111607
41 0.096154 0.495536 0.041806 0.116071
4 0.226589 0.361607 0.041806 0.116071
53 0.405518 0.495536 0.038462 0.116071
58 0.135452 0.770089 0.040134 0.111607
45 0.039298 0.638393 0.075251 0.116071
31 0.520067 0.627232 0.036789 0.111607
22 0.719900 0.564732 0.065217 0.263393
16 0.240803 0.765625 0.040134 0.111607
6 0.328595 0.363839 0.041806 0.120536
8 0.429766 0.363839 0.043478 0.120536
2 0.121237 0.361607 0.041806 0.116071
52 0.032609 0.502232 0.061873 0.120536
24 0.316890 0.629464 0.038462 0.116071
10 0.109532 0.631696 0.038462 0.111607
38 0.557692 0.495536 0.038462 0.116071
44 0.026756 0.774554 0.050167 0.111607
50 0.724080 0.906250 0.060201 0.125000
13 0.166388 0.915179 0.058528 0.125000
1 0.068562 0.361607 0.040134 0.116071
3 0.174749 0.363839 0.041806 0.120536
49 0.027592 0.917411 0.051839 0.129464
28 0.418060 0.629464 0.036789 0.116071
57 0.188127 0.765625 0.038462 0.111607
21 0.200669 0.497768 0.040134 0.120536
33 0.443144 0.763393 0.040134 0.116071
55 0.290970 0.761161 0.040134 0.111607
14 0.523411 0.906250 0.056856 0.125000
48 0.580268 0.363839 0.040134 0.111607
42 0.254181 0.495536 0.040134 0.116071
12 0.619565 0.625000 0.038462 0.116071
56 0.148829 0.495536 0.040134 0.116071
34 0.594482 0.761161 0.038462 0.111607
7 0.379599 0.361607 0.040134 0.116071
51 0.304348 0.495536 0.040134 0.116071
54 0.606187 0.495536 0.038462 0.116071
30 0.501672 0.542411 1.000000 0.924107
32 0.081940 0.767857 0.040134 0.116071
37 0.569398 0.627232 0.038462 0.111607
43 0.162207 0.631696 0.040134 0.111607
0 0.530936 0.361607 0.041806 0.116071
18 0.494147 0.761161 0.038462 0.111607
39 0.655518 0.495536 0.040134 0.116071
35 0.393813 0.763393 0.038462 0.107143
26 0.669732 0.629464 0.038462 0.116071
9 0.480769 0.361607 0.041806 0.116071
46 0.688963 0.765625 0.123746 0.111607
17 0.018395 0.363839 0.033445 0.120536
40 0.544314 0.761161 0.038462 0.111607
36 0.506689 0.495536 0.040134 0.116071
25 0.368729 0.629464 0.038462 0.116071
15 0.342809 0.761161 0.040134 0.111607
5 0.278428 0.361607 0.041806 0.116071
11 0.630435 0.361607 0.040134 0.107143
23 0.266722 0.629464 0.038462 0.116071
29 0.469064 0.629464 0.038462 0.116071
