59 0.315714 0.498099 0.034286 0.098859
47 0.306429 0.849810 0.238571 0.102662
20 0.615714 0.385932 0.077143 0.095057
19 0.196429 0.612167 0.032857 0.098859
27 0.402143 0.496198 0.032857 0.095057
41 0.095000 0.498099 0.035714 0.098859
4 0.206429 0.384030 0.035714 0.098859
53 0.359286 0.498099 0.032857 0.098859
58 0.128571 0.731939 0.034286 0.095057
45 0.045000 0.619772 0.067143 0.098859
31 0.457143 0.610266 0.031429 0.095057
22 0.627857 0.557034 0.055714 0.224335
16 0.218571 0.728137 0.034286 0.095057
6 0.293571 0.385932 0.035714 0.102662
8 0.380000 0.385932 0.037143 0.102662
2 0.116429 0.384030 0.035714 0.098859
52 0.037857 0.503802 0.058571 0.102662
24 0.283571 0.612167 0.032857 0.098859
10 0.106429 0.614068 0.032857 0.095057
38 0.489286 0.498099 0.032857 0.098859
44 0.032143 0.735741 0.050000 0.095057
50 0.631429 0.847909 0.051429 0.106464
13 0.155000 0.855513 0.050000 0.106464
1 0.071429 0.384030 0.034286 0.098859
3 0.162143 0.385932 0.035714 0.102662
49 0.033571 0.857414 0.050000 0.110266
28 0.370000 0.612167 0.031429 0.098859
57 0.173571 0.728137 0.032857 0.095057
21 0.184286 0.500000 0.034286 0.102662
33 0.391429 0.726236 0.034286 0.098859
55 0.261429 0.724335 0.034286 0.095057
14 0.460000 0.847909 0.048571 0.106464
48 0.508571 0.385932 0.034286 0.095057
42 0.230000 0.498099 0.034286 0.098859
12 0.542143 0.608365 0.032857 0.098859
56 0.140000 0.498099 0.034286 0.098859
34 0.520714 0.724335 0.032857 0.095057
7 0.337143 0.384030 0.034286 0.098859
51 0.272857 0.498099 0.034286 0.098859
54 0.530714 0.498099 0.032857 0.098859
30 0.500000 0.564639 0.994286 0.840304
32 0.082857 0.730038 0.034286 0.098859
37 0.499286 0.610266 0.032857 0.095057
43 0.151429 0.614068 0.034286 0.095057
0 0.466429 0.384030 0.035714 0.098859
18 0.435000 0.724335 0.032857 0.095057
39 0.572857 0.498099 0.034286 0.098859
35 0.349286 0.726236 0.032857 0.091255
26 0.585000 0.612167 0.032857 0.098859
9 0.423571 0.384030 0.035714 0.098859
46 0.601429 0.728137 0.105714 0.095057
17 0.025714 0.385932 0.034286 0.102662
40 0.477857 0.724335 0.032857 0.095057
36 0.445714 0.498099 0.034286 0.098859
25 0.327857 0.612167 0.032857 0.098859
15 0.305714 0.724335 0.034286 0.095057
5 0.250714 0.384030 0.035714 0.098859
11 0.551429 0.384030 0.034286 0.091255
23 0.240714 0.612167 0.032857 0.098859
29 0.413571 0.612167 0.032857 0.098859
