57 0.261062 0.552360 0.035398 0.048673
7 0.412611 0.387906 0.035398 0.050147
30 0.547566 0.435841 0.907080 0.461652
22 0.685288 0.460177 0.056416 0.103245
29 0.483407 0.493363 0.035398 0.048673
35 0.424226 0.547935 0.036504 0.048673
14 0.628319 0.012537 0.053097 0.022124
14 0.539270 0.598820 0.047566 0.050147
59 0.392699 0.441740 0.035398 0.048673
43 0.240044 0.500000 0.037611 0.047198
27 0.472898 0.439528 0.034292 0.047198
13 0.237832 0.608407 0.048673 0.051622
50 0.771018 0.012537 0.053097 0.022124
42 0.311947 0.443953 0.037611 0.050147
49 0.131084 0.612832 0.054204 0.051622
56 0.230088 0.445428 0.037611 0.050147
11 0.612832 0.382006 0.035398 0.047198
24 0.362279 0.496313 0.036504 0.048673
53 0.433075 0.440265 0.036504 0.048673
47 0.473451 0.013274 0.238938 0.023599
46 0.661504 0.540560 0.108407 0.048673
3 0.250553 0.391593 0.036504 0.048673
20 0.673119 0.380531 0.076327 0.050147
31 0.523783 0.491888 0.034292 0.048673
16 0.302544 0.551622 0.036504 0.050147
0 0.533186 0.384956 0.035398 0.050147
40 0.545354 0.544248 0.035398 0.047198
51 0.351770 0.441740 0.035398 0.048673
6 0.372235 0.390118 0.036504 0.048673
41 0.188053 0.447640 0.037611 0.048673
39 0.633296 0.435103 0.036504 0.050147
12 0.604535 0.489676 0.036504 0.050147
26 0.644912 0.488201 0.035398 0.047198
50 0.694137 0.595870 0.049779 0.050147
25 0.402655 0.494838 0.035398 0.048673
44 0.131084 0.556785 0.045354 0.045723
21 0.271018 0.445428 0.035398 0.050147
33 0.464049 0.547198 0.036504 0.050147
52 0.138274 0.448378 0.055310 0.047198
58 0.219580 0.553835 0.036504 0.048673
5 0.331305 0.390118 0.036504 0.048673
18 0.505531 0.545723 0.035398 0.047198
30 0.562500 0.027286 0.877212 0.051622
19 0.280973 0.499263 0.035398 0.048673
54 0.593473 0.436578 0.036504 0.050147
10 0.199115 0.501475 0.037611 0.050147
37 0.564712 0.491888 0.036504 0.048673
2 0.210177 0.393805 0.035398 0.047198
9 0.492810 0.386431 0.036504 0.047198
4 0.290929 0.390855 0.035398 0.047198
15 0.383296 0.549410 0.036504 0.048673
48 0.573009 0.384218 0.035398 0.048673
13 0.320796 0.012537 0.053097 0.022124
32 0.178097 0.555310 0.039823 0.048673
17 0.127765 0.396018 0.034292 0.048673
34 0.585177 0.543510 0.035398 0.048673
55 0.342367 0.550147 0.036504 0.050147
28 0.443584 0.493363 0.035398 0.048673
38 0.553097 0.437316 0.035398 0.048673
49 0.220133 0.012537 0.053097 0.022124
23 0.321903 0.497050 0.035398 0.047198
47 0.388274 0.604720 0.247788 0.053097
45 0.143805 0.503687 0.066372 0.048673
8 0.452434 0.387168 0.035398 0.048673
1 0.169248 0.394543 0.035398 0.048673
36 0.513274 0.438791 0.035398 0.048673
