57 0.265199 0.541201 0.033543 0.046089
7 0.408805 0.385475 0.033543 0.047486
30 0.553983 0.430866 0.894130 0.437151
22 0.667191 0.453911 0.053459 0.097765
29 0.475891 0.485335 0.033543 0.046089
35 0.419811 0.537011 0.034591 0.046089
14 0.613208 0.013966 0.050314 0.025140
14 0.528826 0.585196 0.045073 0.047486
59 0.389937 0.436453 0.033543 0.046089
43 0.245283 0.491620 0.035639 0.044693
27 0.465933 0.434358 0.032495 0.044693
13 0.243187 0.594274 0.046122 0.048883
50 0.748428 0.011872 0.050314 0.020950
42 0.313417 0.438547 0.035639 0.047486
49 0.142034 0.598464 0.051363 0.048883
56 0.235849 0.439944 0.035639 0.047486
11 0.598532 0.379888 0.033543 0.044693
24 0.361111 0.488128 0.034591 0.046089
53 0.428197 0.435056 0.034591 0.046089
47 0.466457 0.014665 0.226415 0.026536
46 0.644654 0.530028 0.102725 0.046089
3 0.255241 0.388966 0.034591 0.046089
20 0.655660 0.378492 0.072327 0.047486
31 0.514151 0.483939 0.032495 0.046089
16 0.304507 0.540503 0.034591 0.047486
0 0.523061 0.382682 0.033543 0.047486
40 0.534591 0.533520 0.033543 0.044693
51 0.351153 0.436453 0.033543 0.046089
6 0.370545 0.387570 0.034591 0.046089
41 0.196017 0.442039 0.035639 0.046089
39 0.617925 0.430168 0.034591 0.047486
12 0.590671 0.481844 0.034591 0.047486
26 0.628931 0.480447 0.033543 0.044693
50 0.675577 0.582402 0.047170 0.047486
25 0.399371 0.486732 0.033543 0.046089
44 0.142034 0.545391 0.042977 0.043296
21 0.274633 0.439944 0.033543 0.047486
33 0.457547 0.536313 0.034591 0.047486
52 0.148847 0.442737 0.052411 0.044693
58 0.225891 0.542598 0.034591 0.046089
5 0.331761 0.387570 0.034591 0.046089
18 0.496855 0.534916 0.033543 0.044693
30 0.568134 0.034916 0.865828 0.067039
19 0.284067 0.490922 0.033543 0.046089
54 0.580189 0.431564 0.034591 0.047486
10 0.206499 0.493017 0.035639 0.047486
37 0.552935 0.483939 0.034591 0.046089
2 0.216981 0.391061 0.033543 0.044693
9 0.484801 0.384078 0.034591 0.044693
4 0.293501 0.388268 0.033543 0.044693
15 0.381027 0.538408 0.034591 0.046089
48 0.560797 0.381983 0.033543 0.046089
13 0.321803 0.015363 0.050314 0.027933
32 0.186583 0.543994 0.037736 0.046089
17 0.138889 0.393156 0.032495 0.046089
34 0.572327 0.532821 0.033543 0.046089
55 0.342243 0.539106 0.034591 0.047486
28 0.438155 0.485335 0.033543 0.046089
38 0.541929 0.432263 0.033543 0.046089
49 0.226415 0.015363 0.050314 0.027933
23 0.322851 0.488827 0.033543 0.044693
47 0.385744 0.590782 0.234801 0.050279
45 0.154088 0.495112 0.062893 0.046089
8 0.446541 0.384777 0.033543 0.046089
1 0.178197 0.391760 0.033543 0.046089
36 0.504193 0.433659 0.033543 0.046089
