14 0.764583 0.709888 0.068056 0.102612
6 0.444444 0.321828 0.066667 0.087687
48 0.806944 0.320896 0.066667 0.085821
16 0.318056 0.607276 0.066667 0.087687
5 0.371528 0.320896 0.065278 0.085821
15 0.462500 0.607276 0.066667 0.087687
35 0.534722 0.607276 0.066667 0.087687
34 0.825000 0.607276 0.066667 0.087687
56 0.190278 0.414179 0.066667 0.089552
40 0.752778 0.606343 0.066667 0.085821
2 0.153472 0.320896 0.068056 0.085821
26 0.979861 0.416045 0.043056 0.085821
17 0.020833 0.319963 0.038889 0.087687
18 0.679861 0.607276 0.065278 0.087687
20 0.961111 0.320896 0.080556 0.085821
57 0.245833 0.607276 0.066667 0.087687
27 0.626389 0.416045 0.063889 0.085821
47 0.459722 0.709888 0.347222 0.102612
22 0.952083 0.510261 0.098611 0.087687
36 0.697917 0.416045 0.065278 0.085821
31 0.717361 0.513060 0.065278 0.089552
51 0.408333 0.416045 0.063889 0.085821
8 0.589583 0.321828 0.065278 0.087687
33 0.607639 0.607276 0.068056 0.087687
21 0.263194 0.416978 0.068056 0.087687
37 0.789583 0.512127 0.065278 0.087687
10 0.135417 0.511194 0.065278 0.085821
44 0.068750 0.606343 0.134722 0.089552
25 0.497917 0.512127 0.065278 0.087687
42 0.336111 0.416978 0.066667 0.087687
7 0.517361 0.321828 0.065278 0.087687
45 0.049306 0.513060 0.095833 0.089552
9 0.661806 0.321828 0.065278 0.087687
23 0.353472 0.512127 0.065278 0.087687
41 0.117361 0.416978 0.068056 0.087687
28 0.570833 0.512127 0.063889 0.087687
43 0.208333 0.513060 0.066667 0.085821
4 0.299306 0.320896 0.065278 0.085821
0 0.734722 0.321828 0.066667 0.087687
1 0.080556 0.320896 0.066667 0.085821
11 0.879861 0.319963 0.065278 0.083955
58 0.172222 0.607276 0.066667 0.087687
52 0.039583 0.416045 0.076389 0.089552
30 0.501389 0.485075 1.000000 0.645522
3 0.226389 0.321828 0.066667 0.087687
39 0.918056 0.416045 0.066667 0.085821
38 0.771528 0.416045 0.065278 0.085821
46 0.933333 0.607276 0.136111 0.091418
53 0.553472 0.416978 0.065278 0.087687
29 0.644444 0.512127 0.066667 0.087687
24 0.425694 0.512127 0.065278 0.087687
19 0.280556 0.512127 0.066667 0.087687
54 0.844444 0.416978 0.066667 0.087687
55 0.389583 0.607276 0.065278 0.087687
59 0.481250 0.416045 0.065278 0.085821
49 0.021528 0.710821 0.040278 0.104478
12 0.862500 0.512127 0.066667 0.087687
13 0.154167 0.709888 0.069444 0.102612
