10 0.257712 0.449138 0.060411 0.063793
52 0.134319 0.371552 0.096401 0.067241
31 0.705656 0.431034 0.056555 0.055172
46 0.900386 0.497414 0.147815 0.060345
41 0.214653 0.370690 0.064267 0.065517
49 0.208869 0.621552 0.088689 0.070690
17 0.093830 0.288793 0.061697 0.067241
22 0.883033 0.390517 0.118252 0.129310
23 0.437661 0.442241 0.060411 0.060345
7 0.510283 0.287931 0.053985 0.065517
42 0.396530 0.366379 0.057841 0.060345
51 0.452442 0.365517 0.056555 0.058621
19 0.379177 0.444828 0.061697 0.062069
48 0.713368 0.286207 0.053985 0.065517
37 0.754499 0.430172 0.059126 0.056897
32 0.250643 0.533621 0.071979 0.063793
54 0.762853 0.359483 0.055270 0.056897
33 0.656170 0.509483 0.068123 0.056897
38 0.714653 0.360345 0.053985 0.055172
9 0.614396 0.287931 0.053985 0.065517
8 0.564267 0.287931 0.053985 0.065517
21 0.337404 0.368103 0.062982 0.063793
4 0.343188 0.288793 0.059126 0.067241
5 0.401028 0.287069 0.059126 0.067241
28 0.601542 0.435345 0.056555 0.056897
30 0.501928 0.497414 0.998715 0.498276
12 0.804627 0.430172 0.059126 0.056897
53 0.561054 0.362931 0.057841 0.056897
16 0.437018 0.520690 0.066838 0.058621
36 0.665167 0.361207 0.055270 0.056897
20 0.834833 0.289655 0.098972 0.065517
24 0.493573 0.439655 0.061697 0.058621
34 0.809769 0.501724 0.064267 0.058621
15 0.549486 0.514655 0.070694 0.056897
29 0.652956 0.433621 0.059126 0.056897
27 0.613753 0.361207 0.055270 0.056897
47 0.579049 0.594828 0.366324 0.079310
1 0.160668 0.288793 0.061697 0.067241
18 0.710154 0.505172 0.062982 0.055172
40 0.760925 0.504310 0.064267 0.056897
2 0.224936 0.290517 0.061697 0.067241
57 0.377892 0.524138 0.066838 0.058621
44 0.179949 0.537069 0.089974 0.067241
55 0.494216 0.518103 0.065553 0.056897
50 0.915167 0.567241 0.074550 0.058621
56 0.276992 0.368103 0.060411 0.060345
11 0.762211 0.286207 0.053985 0.065517
35 0.605398 0.510345 0.061697 0.055172
45 0.165810 0.455172 0.123393 0.068966
39 0.809769 0.358621 0.059126 0.058621
13 0.369537 0.607759 0.083548 0.067241
6 0.456298 0.286207 0.053985 0.065517
3 0.284062 0.288793 0.059126 0.067241
14 0.789203 0.581034 0.074550 0.068966
25 0.548843 0.437931 0.059126 0.058621
0 0.664524 0.287931 0.053985 0.065517
43 0.319409 0.446552 0.062982 0.062069
26 0.850900 0.425862 0.061697 0.058621
58 0.317481 0.528448 0.066838 0.060345
59 0.507712 0.363793 0.056555 0.058621
