31 0.458434 0.609023 0.042169 0.067669
3 0.140964 0.468985 0.045783 0.065789
21 0.150602 0.545113 0.045783 0.067669
28 0.360241 0.613722 0.043373 0.069549
57 0.142169 0.700188 0.045783 0.069549
39 0.592771 0.530075 0.043373 0.067669
6 0.291566 0.464286 0.043373 0.067669
50 0.500000 0.771617 0.045783 0.088346
42 0.200602 0.543233 0.044578 0.067669
53 0.350602 0.538534 0.043373 0.069549
36 0.446988 0.534774 0.043373 0.065789
34 0.537349 0.684211 0.043373 0.067669
0 0.486747 0.458647 0.043373 0.067669
10 0.058434 0.625940 0.044578 0.067669
59 0.301205 0.539474 0.043373 0.067669
48 0.533735 0.456767 0.043373 0.067669
44 0.031928 0.704887 0.061446 0.071429
47 0.307831 0.781955 0.213253 0.093985
43 0.109639 0.624060 0.045783 0.067669
35 0.342771 0.691729 0.044578 0.067669
9 0.438554 0.460526 0.043373 0.067669
18 0.440361 0.687030 0.042169 0.069549
2 0.090361 0.470865 0.045783 0.065789
12 0.554819 0.607143 0.042169 0.067669
40 0.489157 0.685150 0.043373 0.065789
26 0.640361 0.529135 0.042169 0.065789
56 0.099398 0.546992 0.044578 0.067669
17 0.010241 0.473684 0.018072 0.067669
27 0.399398 0.535714 0.042169 0.067669
58 0.090361 0.703008 0.045783 0.067669
8 0.390361 0.461466 0.043373 0.065789
23 0.210843 0.620301 0.043373 0.067669
16 0.192771 0.698308 0.045783 0.069549
38 0.495783 0.533835 0.042169 0.067669
15 0.292169 0.694549 0.044578 0.069549
29 0.409639 0.610902 0.043373 0.067669
30 0.470482 0.576128 0.938554 0.603383
24 0.261446 0.618421 0.043373 0.067669
49 0.016867 0.795113 0.031325 0.090226
22 0.623494 0.605263 0.083133 0.067669
55 0.242771 0.696429 0.044578 0.069549
19 0.160843 0.623120 0.044578 0.069549
37 0.506627 0.609023 0.042169 0.067669
46 0.616265 0.681391 0.100000 0.069549
14 0.446386 0.774436 0.054217 0.090226
4 0.190964 0.468045 0.044578 0.067669
1 0.040361 0.471805 0.044578 0.067669
25 0.310843 0.616541 0.043373 0.067669
45 0.015663 0.628759 0.028916 0.069549
51 0.251205 0.541353 0.042169 0.067669
33 0.392169 0.689850 0.044578 0.071429
52 0.012651 0.550752 0.022892 0.067669
20 0.635542 0.453008 0.051807 0.067669
54 0.544578 0.531955 0.043373 0.067669
41 0.048795 0.548872 0.046988 0.067669
11 0.582530 0.455827 0.042169 0.065789
7 0.342169 0.463346 0.043373 0.065789
13 0.168072 0.787594 0.056627 0.090226
5 0.241566 0.466165 0.044578 0.067669
