58 0.072934 0.626801 0.042139 0.060519
44 0.027553 0.625360 0.053485 0.063401
30 0.415721 0.556196 0.829822 0.452450
27 0.341977 0.496398 0.037277 0.053314
18 0.369935 0.622478 0.039708 0.060519
9 0.378039 0.438040 0.036467 0.051873
34 0.457861 0.622478 0.040519 0.063401
15 0.240681 0.623199 0.042139 0.061960
3 0.143031 0.444524 0.036467 0.053314
56 0.102917 0.502161 0.038898 0.056196
36 0.382901 0.496398 0.038088 0.056196
41 0.065640 0.503602 0.037277 0.056196
7 0.298217 0.439481 0.037277 0.051873
53 0.301053 0.497118 0.038088 0.054755
20 0.544165 0.435159 0.042950 0.051873
22 0.536467 0.554035 0.072934 0.059078
14 0.371961 0.700288 0.050243 0.083573
39 0.508104 0.494236 0.037277 0.054755
54 0.465964 0.494236 0.037277 0.054755
2 0.104943 0.445965 0.038088 0.053314
10 0.059562 0.563401 0.039708 0.057637
59 0.260535 0.497839 0.038088 0.053314
29 0.346434 0.557637 0.039708 0.057637
23 0.180308 0.560519 0.038088 0.057637
48 0.459076 0.436599 0.036467 0.051873
51 0.220827 0.498559 0.036467 0.054755
16 0.156402 0.625360 0.042139 0.060519
6 0.258914 0.440202 0.036467 0.050432
26 0.549838 0.493516 0.036467 0.056196
13 0.123177 0.701729 0.053485 0.086455
4 0.181524 0.443084 0.035656 0.053314
8 0.338331 0.438040 0.036467 0.051873
57 0.114263 0.626081 0.040519 0.061960
5 0.219611 0.441643 0.035656 0.050432
52 0.026337 0.505043 0.039708 0.059078
17 0.034846 0.447406 0.032415 0.050432
49 0.011750 0.702450 0.021880 0.082133
19 0.139789 0.561960 0.038088 0.057637
0 0.418558 0.436599 0.036467 0.051873
42 0.180713 0.499280 0.038898 0.053314
43 0.098865 0.562680 0.038898 0.059078
1 0.067666 0.447406 0.038088 0.053314
33 0.326175 0.623199 0.041329 0.064841
46 0.528768 0.620317 0.091572 0.061960
21 0.141410 0.500720 0.038088 0.056196
38 0.425041 0.494957 0.036467 0.056196
45 0.020665 0.564841 0.039708 0.057637
40 0.414100 0.622478 0.038898 0.060519
24 0.221232 0.559798 0.038898 0.056196
25 0.262561 0.559078 0.038898 0.057637
31 0.388979 0.557637 0.037277 0.057637
35 0.283225 0.623199 0.041329 0.061960
32 0.421394 0.701729 0.042139 0.086455
55 0.198541 0.624640 0.040519 0.061960
12 0.474878 0.555476 0.038898 0.059078
37 0.432334 0.557637 0.038088 0.057637
11 0.500000 0.435879 0.035656 0.053314
28 0.303890 0.558357 0.038898 0.059078
47 0.246759 0.701009 0.195300 0.085014
