28 0.366216 0.267748 0.045946 0.028398
40 0.310135 0.350406 0.050000 0.031440
33 0.312162 0.286004 0.045946 0.028398
38 0.419595 0.357505 0.050000 0.031440
25 0.363514 0.235801 0.045946 0.027383
0 0.471622 0.335700 0.048649 0.030426
39 0.422973 0.428499 0.051351 0.029412
46 0.308108 0.450304 0.054054 0.087221
58 0.320270 0.114604 0.045946 0.026369
42 0.412162 0.170892 0.043243 0.025355
27 0.416892 0.290061 0.047297 0.028398
11 0.477703 0.407201 0.050000 0.033469
17 0.454054 0.055781 0.043243 0.024341
26 0.366216 0.438641 0.051351 0.029412
4 0.459459 0.156187 0.045946 0.026369
52 0.410811 0.064402 0.043243 0.037525
47 0.263514 0.228195 0.056757 0.148073
22 0.393919 0.466531 0.112162 0.048682
48 0.475000 0.370690 0.050000 0.031440
51 0.414189 0.198276 0.044595 0.025355
54 0.421622 0.393002 0.051351 0.033469
12 0.364865 0.403651 0.051351 0.032454
6 0.463514 0.208925 0.045946 0.026369
3 0.459459 0.129817 0.045946 0.026369
29 0.366216 0.300203 0.045946 0.028398
2 0.456757 0.103448 0.045946 0.026369
31 0.363514 0.331643 0.048649 0.030426
21 0.413514 0.145538 0.043243 0.025355
50 0.250000 0.457404 0.056757 0.077079
30 0.400000 0.472617 0.524324 0.882353
18 0.312162 0.318458 0.045946 0.028398
20 0.481757 0.457911 0.052703 0.059838
10 0.364865 0.102434 0.045946 0.026369
7 0.466892 0.241379 0.047297 0.030426
9 0.469595 0.302231 0.047297 0.030426
8 0.468243 0.271805 0.047297 0.030426
19 0.366216 0.153144 0.045946 0.026369
13 0.269595 0.139959 0.041892 0.032454
43 0.367568 0.126775 0.045946 0.026369
23 0.366216 0.179513 0.045946 0.026369
41 0.409459 0.094828 0.043243 0.025355
55 0.316892 0.195740 0.047297 0.026369
34 0.309459 0.385396 0.051351 0.032454
35 0.314189 0.253550 0.047297 0.026369
32 0.320270 0.091278 0.045946 0.026369
49 0.276351 0.060345 0.041892 0.023327
45 0.364189 0.067951 0.041892 0.044625
24 0.363514 0.205882 0.045946 0.026369
56 0.412162 0.120183 0.043243 0.025355
59 0.416892 0.230223 0.047297 0.030426
53 0.415541 0.258621 0.047297 0.028398
36 0.417568 0.323022 0.048649 0.029412
15 0.312838 0.222110 0.047297 0.026369
1 0.456757 0.080122 0.045946 0.026369
16 0.316216 0.167343 0.045946 0.026369
44 0.320946 0.062880 0.041892 0.032454
5 0.462162 0.182556 0.045946 0.026369
37 0.364189 0.366126 0.050000 0.032454
57 0.317568 0.140974 0.045946 0.026369
14 0.258784 0.325558 0.050000 0.042596
