35 0.323905 0.810680 0.049270 0.063107
47 0.286496 0.891990 0.229927 0.084951
37 0.503650 0.737864 0.047445 0.063107
17 0.010949 0.600728 0.018248 0.060680
41 0.018248 0.669903 0.032847 0.063107
48 0.536496 0.595874 0.047445 0.060680
27 0.386861 0.667476 0.047445 0.063107
44 0.025547 0.814320 0.047445 0.065534
51 0.226277 0.669903 0.047445 0.063107
12 0.557482 0.737864 0.049270 0.063107
2 0.054745 0.600728 0.051095 0.060680
38 0.493613 0.666262 0.045620 0.060680
31 0.450730 0.737864 0.047445 0.063107
20 0.649635 0.594660 0.058394 0.063107
25 0.290146 0.740291 0.047445 0.063107
19 0.128650 0.742718 0.049270 0.063107
59 0.279197 0.667476 0.047445 0.063107
53 0.333942 0.667476 0.047445 0.063107
49 0.017336 0.894417 0.031022 0.084951
39 0.600365 0.666262 0.047445 0.065534
52 0.014599 0.672330 0.025547 0.063107
18 0.430657 0.810680 0.047445 0.063107
6 0.270073 0.598301 0.047445 0.060680
7 0.324818 0.598301 0.047445 0.060680
3 0.108577 0.599515 0.049270 0.058252
58 0.053832 0.814320 0.049270 0.060680
13 0.135036 0.893204 0.062044 0.082524
14 0.437956 0.890777 0.058394 0.087379
57 0.109489 0.814320 0.047445 0.060680
1 0.013686 0.600728 0.023723 0.060680
16 0.163321 0.813107 0.049270 0.063107
36 0.439781 0.666262 0.047445 0.065534
46 0.625000 0.809466 0.111314 0.065534
10 0.023723 0.742718 0.043796 0.063107
54 0.545620 0.666262 0.047445 0.065534
11 0.590328 0.594660 0.045620 0.063107
8 0.377737 0.597087 0.047445 0.063107
28 0.343978 0.737864 0.045620 0.063107
34 0.538321 0.810680 0.047445 0.063107
45 0.016423 0.742718 0.029197 0.063107
32 0.495438 0.891990 0.049270 0.084951
24 0.235401 0.740291 0.047445 0.063107
5 0.215328 0.598301 0.047445 0.060680
29 0.397810 0.737864 0.047445 0.063107
21 0.117701 0.669903 0.049270 0.063107
30 0.495438 0.697816 0.987226 0.560680
26 0.655109 0.667476 0.047445 0.063107
33 0.377737 0.810680 0.047445 0.063107
0 0.483577 0.594660 0.047445 0.063107
56 0.063869 0.669903 0.047445 0.063107
42 0.170620 0.669903 0.049270 0.063107
43 0.074818 0.742718 0.047445 0.063107
23 0.182482 0.740291 0.047445 0.063107
40 0.485401 0.810680 0.047445 0.063107
9 0.430657 0.597087 0.047445 0.063107
55 0.215328 0.813107 0.047445 0.063107
15 0.270073 0.813107 0.047445 0.063107
22 0.635036 0.736650 0.091241 0.065534
4 0.161496 0.599515 0.045620 0.058252
