22 0.606343 0.425676 0.085821 0.209459
39 0.559328 0.358953 0.052985 0.099662
14 0.375000 0.629223 0.066418 0.130068
29 0.390672 0.409628 0.051493 0.096284
1 0.166045 0.146115 0.044030 0.086149
50 0.536194 0.690878 0.096269 0.141892
9 0.446269 0.224662 0.050746 0.091216
55 0.241045 0.460304 0.047761 0.092905
7 0.372388 0.206081 0.049254 0.091216
13 0.151493 0.543919 0.062687 0.121622
20 0.623134 0.271959 0.094030 0.108108
3 0.231716 0.166385 0.045522 0.086149
12 0.506716 0.447635 0.053731 0.097973
33 0.348507 0.499155 0.050746 0.099662
49 0.043657 0.503378 0.061940 0.118243
24 0.280970 0.374155 0.048507 0.092905
6 0.336194 0.195101 0.047015 0.089527
5 0.300000 0.184966 0.047761 0.089527
53 0.367164 0.301520 0.049254 0.092905
46 0.539552 0.568412 0.125373 0.126689
19 0.211194 0.351351 0.046269 0.091216
38 0.480224 0.336149 0.050000 0.097973
47 0.263433 0.586149 0.194030 0.175676
23 0.246269 0.362331 0.047761 0.092905
8 0.408209 0.214527 0.050746 0.091216
26 0.548134 0.461149 0.054478 0.101351
34 0.463060 0.539696 0.052985 0.099662
40 0.424254 0.525338 0.052985 0.097973
43 0.177239 0.340372 0.045522 0.089527
56 0.192910 0.247466 0.044030 0.089527
28 0.353731 0.397804 0.050746 0.096284
51 0.295522 0.279561 0.046269 0.092905
37 0.466418 0.435811 0.052239 0.097973
42 0.260821 0.268581 0.045522 0.091216
11 0.561194 0.255912 0.050746 0.092905
21 0.226119 0.258446 0.044776 0.091216
30 0.500746 0.493243 1.000000 0.983108
48 0.522388 0.244932 0.050746 0.094595
54 0.519403 0.347128 0.052239 0.099662
15 0.276119 0.473818 0.049254 0.096284
57 0.171269 0.435811 0.045522 0.091216
0 0.483582 0.235642 0.050746 0.092905
32 0.105597 0.412162 0.050000 0.091216
58 0.139179 0.423986 0.045522 0.091216
35 0.311940 0.485642 0.049254 0.096284
41 0.159328 0.238176 0.045522 0.091216
27 0.403731 0.311655 0.049254 0.096284
18 0.386567 0.511824 0.052239 0.097973
4 0.266045 0.175676 0.045522 0.087838
36 0.441045 0.323480 0.049254 0.096284
52 0.119403 0.225507 0.061194 0.089527
2 0.198507 0.157095 0.044776 0.084459
44 0.068284 0.401182 0.051493 0.092905
16 0.205224 0.448480 0.049254 0.092905
31 0.428731 0.421453 0.051493 0.096284
45 0.101119 0.314189 0.070896 0.094595
17 0.133209 0.139358 0.045522 0.082770
10 0.145149 0.328547 0.045522 0.089527
59 0.330970 0.289696 0.048507 0.092905
25 0.317537 0.385980 0.050000 0.092905
