3 0.160410 0.522013 0.034130 0.069182
33 0.385666 0.759434 0.034130 0.066038
30 0.501706 0.646226 1.000000 0.669811
58 0.128840 0.757862 0.032423 0.062893
25 0.321672 0.679245 0.032423 0.062893
28 0.364334 0.679245 0.032423 0.062893
24 0.279010 0.679245 0.032423 0.062893
48 0.505119 0.520440 0.034130 0.066038
40 0.471843 0.761006 0.032423 0.062893
36 0.439420 0.600629 0.032423 0.062893
12 0.537543 0.679245 0.034130 0.062893
55 0.257679 0.757862 0.034130 0.062893
49 0.042662 0.836478 0.058020 0.069182
59 0.311433 0.600629 0.032423 0.062893
47 0.308020 0.852201 0.237201 0.094340
29 0.407850 0.679245 0.034130 0.062893
17 0.030717 0.520440 0.034130 0.066038
52 0.042662 0.599057 0.054608 0.066038
56 0.139078 0.599057 0.032423 0.066038
9 0.418089 0.522013 0.034130 0.069182
57 0.172355 0.757862 0.030717 0.062893
51 0.267918 0.599057 0.030717 0.066038
31 0.449659 0.680818 0.032423 0.066038
27 0.396758 0.600629 0.032423 0.062893
26 0.579352 0.679245 0.032423 0.062893
23 0.235495 0.679245 0.030717 0.062893
16 0.214164 0.756289 0.032423 0.066038
1 0.074232 0.520440 0.032423 0.066038
34 0.514505 0.757862 0.032423 0.062893
11 0.547782 0.520440 0.034130 0.066038
22 0.623720 0.644654 0.052901 0.144654
7 0.332765 0.522013 0.034130 0.069182
42 0.225256 0.597484 0.034130 0.062893
19 0.193686 0.677673 0.032423 0.066038
4 0.203072 0.520440 0.034130 0.066038
41 0.096416 0.599057 0.032423 0.066038
21 0.181741 0.599057 0.032423 0.066038
37 0.494027 0.679245 0.032423 0.062893
43 0.149317 0.679245 0.032423 0.062893
45 0.042662 0.679245 0.054608 0.062893
20 0.611775 0.522013 0.076792 0.069182
2 0.116894 0.520440 0.032423 0.066038
6 0.289249 0.522013 0.035836 0.069182
32 0.086177 0.756289 0.032423 0.066038
13 0.157850 0.838050 0.046075 0.066038
54 0.526451 0.599057 0.032423 0.066038
44 0.037543 0.759434 0.044369 0.066038
0 0.462457 0.520440 0.034130 0.066038
18 0.428328 0.761006 0.034130 0.062893
10 0.106655 0.677673 0.032423 0.066038
35 0.343857 0.757862 0.032423 0.062893
5 0.246587 0.520440 0.032423 0.066038
15 0.300341 0.757862 0.034130 0.062893
39 0.569113 0.600629 0.032423 0.069182
46 0.595563 0.761006 0.105802 0.062893
38 0.483788 0.599057 0.032423 0.066038
8 0.375427 0.522013 0.034130 0.069182
14 0.456485 0.841195 0.046075 0.066038
53 0.354949 0.600629 0.034130 0.069182
50 0.622014 0.841195 0.059727 0.066038
