18 0.471250 0.647771 0.030000 0.064968
24 0.334375 0.576433 0.031250 0.064968
41 0.168125 0.509554 0.033750 0.066242
42 0.286250 0.500637 0.031250 0.063694
52 0.117188 0.512102 0.053125 0.068790
39 0.591562 0.478344 0.029375 0.059873
14 0.505938 0.727389 0.040625 0.071338
58 0.192188 0.670064 0.031875 0.068790
4 0.269375 0.424204 0.030000 0.061146
43 0.215312 0.585350 0.031875 0.064968
56 0.207500 0.505732 0.030000 0.063694
25 0.373437 0.573248 0.030625 0.063694
22 0.639062 0.515287 0.051875 0.143949
31 0.489375 0.564968 0.030000 0.064968
21 0.247500 0.504459 0.032500 0.066242
55 0.313125 0.658599 0.030000 0.066242
36 0.478750 0.487898 0.030000 0.063694
1 0.150312 0.432484 0.030625 0.062420
11 0.570000 0.404459 0.030000 0.062420
8 0.420938 0.415287 0.030625 0.063694
37 0.527500 0.561146 0.030000 0.064968
50 0.652188 0.716561 0.043125 0.070064
53 0.402813 0.492994 0.029375 0.063694
38 0.516250 0.484076 0.028750 0.061146
47 0.356563 0.745860 0.246875 0.090446
48 0.532500 0.408280 0.031250 0.062420
49 0.099375 0.770701 0.046250 0.078981
13 0.205313 0.755414 0.044375 0.073885
51 0.325625 0.497452 0.031250 0.064968
6 0.345625 0.419745 0.030000 0.062420
3 0.229687 0.427389 0.030625 0.064968
27 0.440625 0.489809 0.030000 0.062420
2 0.191562 0.429936 0.031875 0.062420
29 0.451250 0.567516 0.030000 0.064968
40 0.509687 0.644586 0.030625 0.063694
10 0.175000 0.589809 0.031250 0.066242
34 0.548125 0.641401 0.030000 0.064968
17 0.110312 0.434395 0.030625 0.061146
30 0.518750 0.549682 0.928750 0.589809
9 0.458437 0.412739 0.029375 0.063694
45 0.118438 0.593631 0.063125 0.068790
5 0.307188 0.422293 0.029375 0.059873
54 0.554063 0.481529 0.029375 0.063694
35 0.393750 0.653503 0.031250 0.066242
26 0.602500 0.556688 0.030000 0.066242
23 0.295000 0.579618 0.031250 0.066242
7 0.383437 0.416561 0.029375 0.061146
20 0.625313 0.400637 0.066875 0.064968
59 0.365000 0.494904 0.028750 0.062420
15 0.353750 0.656688 0.032500 0.067516
19 0.255000 0.583439 0.031250 0.066242
44 0.104375 0.680892 0.046250 0.070064
12 0.565312 0.559236 0.029375 0.063694
57 0.233125 0.666242 0.030000 0.066242
33 0.432500 0.651592 0.032500 0.067516
46 0.620313 0.635669 0.096875 0.068790
16 0.273750 0.663057 0.032500 0.067516
0 0.497188 0.410191 0.031875 0.063694
28 0.412813 0.570064 0.030625 0.064968
32 0.151562 0.674522 0.034375 0.072611
