55 0.436364 0.344318 0.103030 0.081818
40 0.430303 0.782955 0.090909 0.072727
33 0.435606 0.613636 0.095455 0.075000
2 0.764394 0.067614 0.089394 0.082955
52 0.664394 0.028409 0.095455 0.054545
41 0.662879 0.029545 0.095455 0.056818
25 0.546212 0.476136 0.092424 0.077273
8 0.748485 0.579545 0.090909 0.075000
21 0.659848 0.198295 0.089394 0.078409
38 0.643182 0.792045 0.089394 0.075000
35 0.437879 0.525000 0.096970 0.075000
44 0.442424 0.041477 0.106061 0.080682
27 0.646212 0.624432 0.086364 0.076136
50 0.321970 0.886364 0.104545 0.106818
6 0.753030 0.412500 0.087879 0.077273
51 0.653788 0.369886 0.089394 0.078409
15 0.435606 0.432955 0.101515 0.081818
54 0.640909 0.873864 0.084848 0.072727
3 0.765152 0.159091 0.087879 0.077273
7 0.749242 0.496023 0.089394 0.076136
14 0.317424 0.704545 0.104545 0.079545
18 0.434848 0.700000 0.090909 0.075000
11 0.738636 0.903409 0.080303 0.065909
34 0.431818 0.859091 0.090909 0.056818
56 0.662879 0.104545 0.092424 0.081818
12 0.537879 0.901705 0.084848 0.069318
22 0.539394 0.972727 0.087879 0.056818
19 0.551515 0.210795 0.096970 0.082955
5 0.756061 0.330682 0.087879 0.077273
0 0.746212 0.750000 0.080303 0.065909
17 0.771970 0.016477 0.089394 0.030682
20 0.741667 0.973295 0.080303 0.055682
29 0.542424 0.649432 0.090909 0.078409
9 0.747727 0.664773 0.080303 0.065909
39 0.637879 0.953977 0.087879 0.073864
1 0.770455 0.021023 0.089394 0.039773
31 0.540909 0.735227 0.090909 0.075000
57 0.440152 0.160227 0.101515 0.084091
16 0.438636 0.252841 0.104545 0.085227
4 0.762121 0.245455 0.087879 0.077273
43 0.552273 0.121023 0.098485 0.082955
46 0.431061 0.943182 0.098485 0.100000
42 0.656818 0.285795 0.089394 0.078409
59 0.650758 0.454545 0.089394 0.077273
30 0.562121 0.501136 0.718182 1.000000
48 0.743182 0.828409 0.080303 0.065909
36 0.646970 0.709091 0.087879 0.077273
53 0.649242 0.539205 0.089394 0.076136
13 0.319697 0.156818 0.109091 0.086364
45 0.556818 0.032386 0.098485 0.062500
28 0.543939 0.565909 0.096970 0.075000
49 0.327273 0.015909 0.109091 0.029545
24 0.548485 0.389773 0.093939 0.079545
10 0.553788 0.035795 0.098485 0.069318
47 0.321970 0.434659 0.113636 0.453409
37 0.541667 0.818750 0.089394 0.073864
23 0.549242 0.301136 0.095455 0.081818
58 0.440152 0.072727 0.101515 0.084091
