32 0.150360 0.743464 0.066187 0.143791
47 0.511511 0.903595 0.352518 0.150327
44 0.066906 0.744281 0.086331 0.145425
54 0.882374 0.439542 0.061151 0.137255
27 0.674460 0.433824 0.061151 0.135621
29 0.691367 0.590686 0.061871 0.138889
53 0.604317 0.434641 0.063309 0.140523
20 0.978417 0.289216 0.044604 0.140523
3 0.280935 0.271242 0.065468 0.143791
23 0.406835 0.586601 0.062590 0.140523
9 0.709353 0.282680 0.061871 0.143791
19 0.334532 0.587418 0.064748 0.142157
15 0.513309 0.745098 0.065468 0.137255
55 0.442086 0.744281 0.065468 0.138889
59 0.532734 0.433824 0.064029 0.138889
16 0.370144 0.745915 0.065468 0.142157
38 0.813669 0.439542 0.060432 0.137255
25 0.549281 0.589869 0.062590 0.140523
11 0.918345 0.287582 0.061151 0.137255
14 0.811871 0.901144 0.081295 0.142157
21 0.316547 0.429739 0.064748 0.143791
13 0.207194 0.902778 0.067626 0.148693
41 0.170504 0.428105 0.066187 0.143791
18 0.724820 0.745915 0.062590 0.138889
12 0.899281 0.593137 0.060432 0.137255
45 0.084532 0.582516 0.123022 0.145425
51 0.461511 0.431373 0.062590 0.137255
37 0.830576 0.593954 0.061151 0.135621
56 0.243525 0.425654 0.064029 0.142157
46 0.950719 0.747549 0.100000 0.138889
2 0.208633 0.269608 0.064748 0.140523
57 0.297842 0.743464 0.064748 0.140523
30 0.501079 0.501634 0.999281 1.000000
24 0.478058 0.589052 0.064029 0.142157
10 0.188489 0.584150 0.064748 0.142157
8 0.638849 0.281046 0.063309 0.140523
28 0.620504 0.590686 0.062590 0.142157
4 0.354317 0.270425 0.064029 0.142157
0 0.779137 0.285131 0.061871 0.142157
52 0.076978 0.423203 0.103597 0.147059
33 0.655396 0.746732 0.064748 0.143791
36 0.744604 0.439542 0.061871 0.140523
40 0.794604 0.746732 0.061151 0.133987
48 0.848201 0.287582 0.061871 0.137255
35 0.584892 0.746732 0.064748 0.137255
58 0.224460 0.742647 0.064748 0.142157
34 0.863309 0.748366 0.061871 0.133987
31 0.760791 0.591503 0.061151 0.140523
6 0.498201 0.277778 0.064029 0.140523
7 0.569065 0.278595 0.064748 0.142157
26 0.967266 0.594771 0.059712 0.137255
43 0.261871 0.587418 0.064748 0.142157
49 0.056835 0.902778 0.067626 0.145425
5 0.426619 0.273693 0.064748 0.142157
42 0.389928 0.430556 0.063309 0.138889
39 0.950719 0.441176 0.059712 0.137255
17 0.060072 0.263889 0.065468 0.142157
1 0.134173 0.264706 0.064029 0.140523
