52 0.058865 0.479612 0.058156 0.104854
44 0.053546 0.709709 0.047518 0.102913
54 0.548936 0.481553 0.042553 0.108738
29 0.429433 0.595146 0.040426 0.106796
38 0.504965 0.481553 0.041135 0.108738
14 0.501418 0.823301 0.052482 0.112621
3 0.179787 0.368932 0.040426 0.104854
30 0.500355 0.544660 0.986525 0.817476
24 0.298582 0.595146 0.038298 0.102913
36 0.460993 0.480583 0.041135 0.106796
0 0.484043 0.366990 0.040426 0.108738
9 0.440426 0.367961 0.039716 0.106796
2 0.136525 0.368932 0.040426 0.104854
17 0.048227 0.365049 0.039716 0.104854
47 0.359574 0.823301 0.228369 0.108738
11 0.570213 0.365049 0.039716 0.108738
22 0.647518 0.537864 0.062411 0.221359
16 0.234397 0.708738 0.040426 0.104854
35 0.364184 0.710680 0.040426 0.104854
42 0.244681 0.480583 0.039716 0.106796
28 0.385461 0.594175 0.039007 0.108738
41 0.114184 0.482524 0.041135 0.106796
58 0.147872 0.709709 0.039007 0.102913
15 0.320922 0.708738 0.040426 0.104854
56 0.157801 0.481553 0.039007 0.104854
50 0.609574 0.825243 0.054610 0.112621
53 0.374823 0.482524 0.040426 0.106796
32 0.104965 0.709709 0.039716 0.106796
37 0.515957 0.596117 0.040426 0.108738
46 0.620567 0.706796 0.114894 0.104854
59 0.331560 0.480583 0.039007 0.106796
57 0.191135 0.710680 0.039007 0.104854
21 0.201773 0.481553 0.040426 0.108738
7 0.353546 0.367961 0.040426 0.106796
6 0.309220 0.367961 0.039716 0.106796
33 0.407801 0.711650 0.041135 0.110680
31 0.472340 0.595146 0.039716 0.106796
1 0.092553 0.367961 0.039007 0.102913
23 0.255674 0.595146 0.039007 0.106796
43 0.168440 0.595146 0.039007 0.106796
45 0.064539 0.594175 0.069504 0.104854
8 0.396809 0.366990 0.040426 0.108738
18 0.451064 0.711650 0.039716 0.106796
10 0.125532 0.594175 0.039716 0.104854
4 0.222695 0.366990 0.038298 0.104854
19 0.212057 0.595146 0.039716 0.106796
27 0.418085 0.481553 0.039007 0.104854
34 0.537589 0.710680 0.041135 0.108738
13 0.217021 0.823301 0.051064 0.108738
39 0.592199 0.481553 0.039716 0.108738
40 0.494681 0.708738 0.040426 0.104854
20 0.637234 0.362136 0.082979 0.110680
51 0.287943 0.480583 0.038298 0.106796
49 0.059929 0.831068 0.051773 0.104854
25 0.342199 0.595146 0.039007 0.106796
12 0.560284 0.596117 0.041135 0.108738
5 0.265603 0.366019 0.040426 0.106796
55 0.277660 0.709709 0.039007 0.102913
26 0.603191 0.594175 0.040426 0.108738
48 0.526596 0.366990 0.040426 0.108738
