0 0.428097 0.746547 0.042035 0.053867
51 0.216261 0.805249 0.043142 0.052486
25 0.274889 0.866022 0.043142 0.052486
50 0.565819 0.977901 0.060841 0.046961
53 0.309735 0.805939 0.042035 0.053867
42 0.169248 0.805249 0.044248 0.052486
1 0.012721 0.747238 0.023230 0.055249
19 0.133850 0.865331 0.042035 0.053867
45 0.019358 0.865331 0.036504 0.053867
28 0.321903 0.865331 0.042035 0.053867
15 0.251106 0.924724 0.044248 0.053867
43 0.085730 0.866022 0.043142 0.055249
30 0.494469 0.788674 0.986726 0.425414
37 0.464049 0.865331 0.040929 0.053867
22 0.608960 0.836326 0.063053 0.114641
29 0.368916 0.865331 0.040929 0.053867
21 0.121681 0.805249 0.044248 0.055249
57 0.108960 0.924724 0.043142 0.053867
11 0.522124 0.745856 0.042035 0.055249
54 0.497235 0.805939 0.043142 0.056630
10 0.037611 0.866022 0.042035 0.052486
20 0.595133 0.745856 0.088496 0.055249
4 0.145465 0.746547 0.040929 0.053867
13 0.137168 0.979282 0.055310 0.044199
48 0.474558 0.745856 0.042035 0.055249
23 0.180863 0.865331 0.040929 0.053867
47 0.292588 0.978591 0.248894 0.045580
12 0.512168 0.866022 0.044248 0.055249
3 0.098451 0.747238 0.042035 0.055249
36 0.403761 0.805939 0.044248 0.053867
32 0.017699 0.925414 0.033186 0.058011
17 0.011615 0.747238 0.021018 0.055249
24 0.227323 0.864641 0.040929 0.052486
7 0.287611 0.747238 0.044248 0.055249
9 0.381637 0.746547 0.044248 0.056630
8 0.334624 0.747238 0.043142 0.055249
33 0.345133 0.924724 0.044248 0.056630
58 0.060841 0.924724 0.042035 0.053867
46 0.577987 0.923343 0.129425 0.056630
16 0.157080 0.925414 0.044248 0.055249
55 0.203540 0.923343 0.042035 0.053867
35 0.298119 0.924724 0.040929 0.053867
5 0.193031 0.746547 0.043142 0.053867
59 0.263274 0.805939 0.042035 0.053867
6 0.240044 0.746547 0.042035 0.053867
31 0.415929 0.863950 0.042035 0.053867
49 0.014934 0.979282 0.027655 0.044199
38 0.450774 0.805249 0.043142 0.055249
39 0.546460 0.804558 0.044248 0.053867
41 0.025996 0.806630 0.043142 0.055249
56 0.073009 0.805249 0.042035 0.055249
44 0.013274 0.926796 0.024336 0.055249
2 0.051438 0.747928 0.043142 0.053867
52 0.016593 0.805939 0.030973 0.056630
14 0.446350 0.977210 0.056416 0.048343
18 0.391593 0.924033 0.042035 0.055249
34 0.486726 0.924033 0.044248 0.055249
26 0.558075 0.863950 0.043142 0.056630
27 0.356748 0.805249 0.043142 0.055249
40 0.439712 0.923343 0.043142 0.053867
