52 0.059078 0.472332 0.059078 0.106719
44 0.053674 0.706522 0.048271 0.104743
54 0.556916 0.474308 0.043228 0.110672
29 0.435519 0.589921 0.041066 0.108696
38 0.512248 0.474308 0.041787 0.110672
14 0.508646 0.822134 0.053314 0.114625
3 0.181916 0.359684 0.041066 0.106719
30 0.503602 0.538538 0.994236 0.832016
24 0.302594 0.589921 0.038905 0.104743
36 0.467579 0.473320 0.041787 0.108696
0 0.490994 0.357708 0.041066 0.110672
9 0.446686 0.358696 0.040346 0.108696
2 0.137968 0.359684 0.041066 0.106719
17 0.048271 0.355731 0.040346 0.106719
47 0.364553 0.822134 0.231988 0.110672
11 0.578530 0.355731 0.040346 0.110672
22 0.657061 0.531621 0.063401 0.225296
16 0.237392 0.705534 0.041066 0.106719
35 0.369236 0.707510 0.041066 0.106719
42 0.247839 0.473320 0.040346 0.108696
28 0.390850 0.588933 0.039625 0.110672
41 0.115274 0.475296 0.041787 0.108696
58 0.149496 0.706522 0.039625 0.104743
15 0.325288 0.705534 0.041066 0.106719
56 0.159582 0.474308 0.039625 0.106719
50 0.618516 0.824111 0.055476 0.114625
53 0.380043 0.475296 0.041066 0.108696
32 0.105908 0.706522 0.040346 0.108696
37 0.523415 0.590909 0.041066 0.110672
46 0.629683 0.703557 0.116715 0.106719
59 0.336095 0.473320 0.039625 0.108696
57 0.193444 0.707510 0.039625 0.106719
21 0.204251 0.474308 0.041066 0.110672
7 0.358429 0.358696 0.041066 0.108696
6 0.313401 0.358696 0.040346 0.108696
33 0.413545 0.708498 0.041787 0.112648
31 0.479107 0.589921 0.040346 0.108696
1 0.093300 0.358696 0.039625 0.104743
23 0.259006 0.589921 0.039625 0.108696
43 0.170389 0.589921 0.039625 0.108696
45 0.064841 0.588933 0.070605 0.106719
8 0.402378 0.357708 0.041066 0.110672
18 0.457493 0.708498 0.040346 0.108696
10 0.126801 0.588933 0.040346 0.106719
4 0.225504 0.357708 0.038905 0.106719
19 0.214697 0.589921 0.040346 0.108696
27 0.423991 0.474308 0.039625 0.106719
34 0.545389 0.707510 0.041787 0.110672
13 0.219741 0.822134 0.051873 0.110672
39 0.600865 0.474308 0.040346 0.110672
40 0.501801 0.705534 0.041066 0.106719
20 0.646614 0.352767 0.084294 0.112648
51 0.291787 0.473320 0.038905 0.108696
49 0.060159 0.830040 0.052594 0.106719
25 0.346902 0.589921 0.039625 0.108696
12 0.568444 0.590909 0.041787 0.110672
5 0.269092 0.356719 0.041066 0.108696
55 0.281340 0.706522 0.039625 0.104743
26 0.612032 0.588933 0.041066 0.110672
48 0.534222 0.357708 0.041066 0.110672
