22 0.702812 0.472917 0.056875 0.110833
7 0.415625 0.385000 0.033750 0.050000
26 0.658750 0.500000 0.032500 0.051667
4 0.284375 0.383333 0.033750 0.050000
28 0.447500 0.497500 0.032500 0.048333
44 0.118438 0.552083 0.040625 0.047500
54 0.605625 0.443333 0.033750 0.050000
11 0.629687 0.385833 0.031875 0.050000
33 0.467813 0.552500 0.033125 0.048333
35 0.426250 0.552917 0.030000 0.045833
41 0.176875 0.440000 0.033750 0.050000
48 0.584688 0.387083 0.036875 0.052500
6 0.372500 0.384167 0.036250 0.050000
21 0.262500 0.440000 0.031250 0.048333
3 0.241563 0.383750 0.036875 0.050833
52 0.121875 0.438750 0.051250 0.047500
1 0.150312 0.381250 0.029375 0.047500
34 0.593750 0.553333 0.033750 0.048333
10 0.188125 0.495833 0.028750 0.048333
45 0.131250 0.496667 0.067500 0.050000
56 0.219375 0.439583 0.030000 0.047500
31 0.531250 0.498333 0.031250 0.048333
39 0.648438 0.442917 0.033125 0.050833
37 0.573125 0.498750 0.032500 0.049167
40 0.552500 0.552917 0.032500 0.047500
38 0.562500 0.442083 0.031250 0.047500
20 0.692813 0.386250 0.079375 0.054167
23 0.317500 0.496667 0.028750 0.046667
13 0.228437 0.610000 0.044375 0.048333
25 0.404375 0.497083 0.030000 0.047500
32 0.168125 0.551667 0.033750 0.050000
55 0.340313 0.552500 0.031875 0.046667
53 0.436250 0.441667 0.031250 0.048333
24 0.361250 0.496667 0.031250 0.048333
43 0.230937 0.496250 0.029375 0.049167
58 0.209687 0.552083 0.029375 0.047500
46 0.672188 0.554167 0.113125 0.050000
18 0.510938 0.552917 0.033125 0.047500
51 0.350625 0.440417 0.031250 0.047500
14 0.548125 0.609167 0.042500 0.046667
57 0.253750 0.552500 0.030000 0.046667
29 0.490000 0.497500 0.033750 0.048333
36 0.520312 0.442500 0.031875 0.048333
2 0.195000 0.381667 0.030000 0.048333
59 0.393437 0.441250 0.030625 0.047500
30 0.484063 0.466667 0.819375 0.420000
12 0.616250 0.499167 0.035000 0.051667
5 0.327188 0.383333 0.031875 0.050000
47 0.387813 0.610000 0.261875 0.051667
50 0.704063 0.611667 0.049375 0.051667
0 0.543750 0.386667 0.036250 0.051667
27 0.479063 0.442083 0.030625 0.047500
19 0.275000 0.496250 0.031250 0.049167
17 0.106250 0.381667 0.030000 0.046667
16 0.296563 0.551667 0.030625 0.046667
15 0.382500 0.552500 0.031250 0.046667
9 0.500625 0.385833 0.035000 0.051667
49 0.119063 0.610000 0.041875 0.048333
8 0.458125 0.385417 0.033750 0.050833
42 0.306563 0.440000 0.030625 0.046667
