9 0.519906 0.383094 0.038462 0.053957
56 0.206478 0.512140 0.035088 0.053058
36 0.551282 0.439299 0.037787 0.049460
27 0.505061 0.449640 0.037112 0.050360
53 0.456478 0.459982 0.038462 0.053058
23 0.326586 0.551259 0.036437 0.052158
19 0.274966 0.562950 0.037112 0.055755
51 0.358974 0.480216 0.036437 0.052158
40 0.609312 0.553507 0.040486 0.051259
14 0.616059 0.620504 0.058030 0.059353
59 0.408232 0.469424 0.037787 0.052158
55 0.358637 0.609263 0.037112 0.053058
44 0.087382 0.672212 0.051957 0.058453
18 0.559717 0.564299 0.041161 0.053058
37 0.621795 0.487410 0.041161 0.052158
5 0.326586 0.423112 0.037787 0.053058
57 0.254049 0.633543 0.037112 0.054856
12 0.670715 0.476619 0.041835 0.052158
20 0.730094 0.338579 0.083671 0.060252
45 0.099528 0.603867 0.077598 0.063849
25 0.427800 0.529676 0.036437 0.052158
43 0.223009 0.574640 0.035762 0.055755
32 0.147099 0.658273 0.036437 0.055755
2 0.175101 0.452788 0.035762 0.053058
52 0.090418 0.537320 0.062078 0.058453
38 0.600877 0.428507 0.038462 0.049460
30 0.513158 0.518885 0.975034 0.654676
50 0.797908 0.585432 0.069501 0.070144
1 0.123819 0.463579 0.034413 0.053058
3 0.226721 0.443795 0.037787 0.056655
17 0.071862 0.475270 0.034413 0.051259
48 0.613360 0.362860 0.039136 0.054856
11 0.661606 0.352068 0.037112 0.051259
58 0.200405 0.646133 0.036437 0.054856
13 0.225709 0.713129 0.056005 0.064748
42 0.308704 0.491007 0.035762 0.052158
22 0.761134 0.426709 0.079622 0.119604
0 0.567139 0.373201 0.039811 0.055755
33 0.509784 0.575540 0.043860 0.053957
16 0.306005 0.621403 0.038462 0.053957
21 0.256410 0.502248 0.036437 0.053058
39 0.693657 0.408723 0.041835 0.053058
8 0.473347 0.393435 0.038462 0.054856
31 0.573887 0.497302 0.038462 0.052158
15 0.409244 0.597572 0.038462 0.053058
24 0.377530 0.540468 0.037112 0.052158
29 0.525304 0.508094 0.039811 0.052158
54 0.646424 0.419964 0.041835 0.052158
28 0.477058 0.518435 0.039136 0.053058
35 0.460189 0.586331 0.037787 0.050360
46 0.745951 0.523831 0.132928 0.067446
10 0.171053 0.586331 0.035762 0.055755
26 0.718961 0.468076 0.042510 0.056655
34 0.657220 0.542716 0.043185 0.051259
41 0.155870 0.524281 0.039136 0.055755
49 0.087719 0.745504 0.053981 0.066547
47 0.423752 0.667716 0.327935 0.142986
7 0.425439 0.402878 0.038462 0.053957
4 0.276653 0.433004 0.037787 0.054856
6 0.376181 0.412770 0.038462 0.053957
