19 0.293249 0.416041 0.046414 0.047842
22 0.875879 0.378987 0.094937 0.108818
11 0.762658 0.291745 0.047117 0.050657
43 0.351617 0.069418 0.030942 0.022514
52 0.261603 0.045028 0.053446 0.022514
6 0.468354 0.026266 0.028129 0.022514
37 0.714135 0.412289 0.049930 0.045966
13 0.120956 0.570356 0.085795 0.078799
33 0.570675 0.476079 0.047117 0.047842
42 0.416315 0.045497 0.028129 0.021576
43 0.230661 0.416979 0.047820 0.047842
28 0.535513 0.413696 0.045710 0.048780
59 0.485935 0.044090 0.029536 0.020638
22 0.734880 0.057223 0.039381 0.039400
29 0.566807 0.066604 0.032349 0.022514
56 0.346343 0.046904 0.034459 0.022514
9 0.600914 0.292683 0.047117 0.050657
17 0.256681 0.022514 0.030942 0.022514
37 0.637834 0.067542 0.032349 0.022514
12 0.673347 0.068011 0.035865 0.021576
21 0.379747 0.045966 0.032349 0.024390
2 0.328411 0.024390 0.030942 0.022514
26 0.708861 0.067542 0.032349 0.022514
17 0.081927 0.290338 0.049930 0.049719
57 0.367792 0.094747 0.033755 0.024390
13 0.318565 0.119606 0.035162 0.025328
51 0.402954 0.351782 0.043601 0.046904
32 0.289733 0.092871 0.035162 0.026266
15 0.446203 0.478893 0.047117 0.045966
48 0.638186 0.024390 0.028833 0.022514
18 0.590717 0.093340 0.035162 0.025328
35 0.508790 0.477955 0.048523 0.047842
39 0.799578 0.348030 0.047820 0.046904
55 0.383263 0.480300 0.047820 0.046904
0 0.604782 0.024390 0.028129 0.022514
0 0.654360 0.291745 0.047117 0.050657
53 0.520042 0.044559 0.027426 0.021576
3 0.364276 0.023452 0.028129 0.022514
42 0.345288 0.354597 0.043601 0.046904
7 0.504219 0.024390 0.028129 0.022514
24 0.458861 0.066604 0.031646 0.022514
29 0.594585 0.412758 0.045710 0.046904
20 0.842124 0.289400 0.099156 0.047842
28 0.531294 0.067073 0.030239 0.023452
46 0.835091 0.472795 0.099156 0.046904
4 0.399789 0.022514 0.028833 0.024390
54 0.658931 0.045497 0.032349 0.019700
49 0.277426 0.121013 0.035865 0.026266
15 0.479958 0.092402 0.033052 0.023452
10 0.167018 0.417448 0.049930 0.048780
45 0.080872 0.417917 0.104079 0.049719
27 0.575598 0.351313 0.042897 0.045966
9 0.571730 0.025328 0.028129 0.022514
30 0.500703 0.452627 1.000000 0.387430
59 0.460619 0.352251 0.043601 0.045966
33 0.554149 0.091932 0.032349 0.024390
27 0.554501 0.044090 0.028833 0.020638
36 0.631857 0.350375 0.044304 0.045966
34 0.753868 0.474672 0.052039 0.046904
4 0.322433 0.291745 0.047117 0.050657
23 0.355485 0.415572 0.045710 0.048780
14 0.645570 0.118668 0.035162 0.025328
25 0.496132 0.066604 0.031646 0.022514
11 0.670886 0.025328 0.030942 0.022514
40 0.626231 0.091463 0.033052 0.023452
1 0.143108 0.289869 0.047117 0.050657
45 0.261252 0.068480 0.062588 0.020638
46 0.721519 0.090525 0.082982 0.023452
21 0.284107 0.352720 0.046414 0.048780
26 0.827707 0.409944 0.050633 0.046904
1 0.293952 0.023452 0.030942 0.022514
30 0.490858 0.068949 0.583685 0.136023
56 0.224332 0.353189 0.046414 0.049719
48 0.709916 0.290807 0.047117 0.050657
44 0.048172 0.485460 0.080872 0.051595
34 0.663150 0.091932 0.036568 0.024390
53 0.518987 0.352251 0.042194 0.045966
47 0.482068 0.116323 0.191983 0.022514
40 0.693390 0.475141 0.050633 0.045966
8 0.544655 0.293621 0.047117 0.050657
44 0.246484 0.092402 0.048523 0.027205
10 0.313643 0.069418 0.030942 0.022514
24 0.416315 0.416041 0.045007 0.047842
31 0.653657 0.411820 0.047117 0.046904
41 0.307314 0.046435 0.033755 0.023452
7 0.490506 0.292683 0.047117 0.050657
18 0.631505 0.476548 0.049226 0.046904
3 0.262658 0.292683 0.047117 0.050657
41 0.162799 0.352720 0.048523 0.048780
31 0.603024 0.067542 0.033052 0.022514
16 0.321027 0.485460 0.049930 0.047842
16 0.404360 0.092871 0.033755 0.024390
49 0.036568 0.560038 0.071730 0.056285
2 0.202883 0.292683 0.047117 0.050657
20 0.716245 0.027205 0.051336 0.024390
38 0.624473 0.044559 0.032349 0.019700
55 0.443038 0.092402 0.033755 0.023452
47 0.451477 0.559099 0.412096 0.067542
36 0.588959 0.045028 0.031646 0.020638
5 0.376582 0.291745 0.047117 0.050657
5 0.434599 0.025328 0.028129 0.022514
38 0.689170 0.349906 0.046414 0.046904
39 0.694444 0.046904 0.035865 0.024390
51 0.451125 0.045028 0.030239 0.020638
54 0.744726 0.348968 0.046414 0.046904
52 0.086850 0.353659 0.083685 0.050657
38 0.712377 0.410882 0.047820 0.046904
19 0.387834 0.070356 0.033052 0.024390
12 0.770394 0.410413 0.049930 0.045966
25 0.476090 0.413696 0.045007 0.046904
58 0.329466 0.092871 0.033052 0.024390
23 0.423347 0.066604 0.032349 0.022514
35 0.517932 0.091932 0.033052 0.024390
57 0.254571 0.482176 0.050633 0.048780
6 0.433544 0.291745 0.047117 0.050657
58 0.188115 0.483583 0.054149 0.047842
8 0.537975 0.024390 0.028129 0.022514
32 0.122011 0.484053 0.058368 0.048780
