12 0.774257 0.601942 0.046166 0.080097
37 0.710485 0.601335 0.046948 0.078883
26 0.837246 0.600121 0.045383 0.078883
8 0.535603 0.405947 0.046166 0.074029
22 0.901800 0.555825 0.083725 0.179612
35 0.488263 0.699029 0.046948 0.077670
17 0.029343 0.407160 0.043036 0.074029
15 0.424883 0.699636 0.046948 0.078883
2 0.155321 0.407160 0.046166 0.076456
51 0.380282 0.503641 0.045383 0.075243
48 0.725352 0.405947 0.045383 0.074029
18 0.616197 0.699029 0.047731 0.080097
38 0.694444 0.502427 0.046166 0.075243
36 0.629890 0.503034 0.046948 0.076456
6 0.411581 0.404733 0.046948 0.074029
46 0.833333 0.701456 0.095462 0.082524
13 0.109937 0.808252 0.068075 0.087379
24 0.393584 0.600728 0.045383 0.077670
5 0.348200 0.406553 0.046948 0.075243
20 0.883412 0.405947 0.107981 0.076456
47 0.431142 0.806432 0.399061 0.100728
28 0.518779 0.600728 0.045383 0.077670
16 0.295383 0.701456 0.047731 0.080097
27 0.567293 0.503034 0.045383 0.074029
56 0.187793 0.503641 0.046948 0.077670
58 0.166275 0.701456 0.047731 0.077670
33 0.552034 0.700243 0.047731 0.082524
54 0.757825 0.503034 0.044601 0.076456
57 0.231612 0.702063 0.046948 0.078883
29 0.582551 0.600121 0.046166 0.078883
7 0.474178 0.405947 0.045383 0.074029
1 0.092332 0.407160 0.045383 0.074029
44 0.031299 0.703277 0.061033 0.081311
49 0.030908 0.804005 0.060250 0.086165
10 0.137324 0.601942 0.046166 0.080097
43 0.200704 0.602549 0.046166 0.078883
53 0.504695 0.504248 0.045383 0.076456
0 0.661189 0.407160 0.045383 0.074029
11 0.789124 0.404733 0.046166 0.074029
19 0.265258 0.601942 0.046948 0.080097
3 0.219484 0.405340 0.047731 0.077670
4 0.284429 0.407160 0.046166 0.076456
50 0.796166 0.802184 0.047731 0.082524
31 0.646322 0.601942 0.046948 0.080097
23 0.330203 0.601335 0.046948 0.078883
45 0.050469 0.603155 0.094679 0.080097
55 0.361111 0.699029 0.047731 0.080097
59 0.442879 0.502427 0.045383 0.075243
41 0.122848 0.504854 0.045383 0.077670
32 0.101721 0.702670 0.046948 0.077670
52 0.044601 0.503641 0.076682 0.077670
30 0.500782 0.576456 1.000000 0.628641
9 0.597809 0.407160 0.046948 0.074029
25 0.456573 0.600728 0.046166 0.077670
21 0.250391 0.504854 0.046948 0.077670
39 0.821987 0.503034 0.044601 0.076456
40 0.680751 0.700243 0.046948 0.077670
34 0.744131 0.700243 0.048513 0.077670
42 0.315728 0.503641 0.046166 0.075243
