12 0.726574 0.551136 0.043192 0.075000
37 0.666911 0.550568 0.043924 0.073864
26 0.785505 0.549432 0.042460 0.073864
8 0.503294 0.367614 0.043192 0.069318
22 0.845900 0.507955 0.078331 0.168182
35 0.459004 0.642045 0.043924 0.072727
17 0.029649 0.368750 0.040264 0.069318
15 0.399707 0.642614 0.043924 0.073864
2 0.147511 0.368750 0.043192 0.071591
51 0.357980 0.459091 0.042460 0.070455
48 0.680820 0.367614 0.042460 0.069318
18 0.578697 0.642045 0.044656 0.075000
38 0.651903 0.457955 0.043192 0.070455
36 0.591508 0.458523 0.043924 0.071591
6 0.387262 0.366477 0.043924 0.069318
46 0.781845 0.644318 0.089312 0.077273
13 0.105051 0.744318 0.063690 0.081818
24 0.370425 0.550000 0.042460 0.072727
5 0.327965 0.368182 0.043924 0.070455
20 0.828697 0.367614 0.101025 0.071591
47 0.405564 0.742614 0.373353 0.094318
28 0.487555 0.550000 0.042460 0.072727
16 0.278551 0.644318 0.044656 0.075000
27 0.532943 0.458523 0.042460 0.069318
56 0.177892 0.459091 0.043924 0.072727
58 0.157760 0.644318 0.044656 0.072727
33 0.518668 0.643182 0.044656 0.077273
54 0.711201 0.458523 0.041728 0.071591
57 0.218887 0.644886 0.043924 0.073864
29 0.547218 0.549432 0.043192 0.073864
7 0.445827 0.367614 0.042460 0.069318
1 0.088580 0.368750 0.042460 0.069318
44 0.030381 0.646023 0.059297 0.076136
49 0.030015 0.740341 0.058565 0.080682
10 0.130673 0.551136 0.043192 0.075000
43 0.189971 0.551705 0.043192 0.073864
53 0.474378 0.459659 0.042460 0.071591
0 0.620791 0.368750 0.042460 0.069318
11 0.740483 0.366477 0.043192 0.069318
19 0.250366 0.551136 0.043924 0.075000
3 0.207540 0.367045 0.044656 0.072727
4 0.268302 0.368750 0.043192 0.071591
50 0.747072 0.738636 0.044656 0.077273
31 0.606881 0.551136 0.043924 0.075000
23 0.311127 0.550568 0.043924 0.073864
45 0.049414 0.552273 0.088580 0.075000
55 0.340044 0.642045 0.044656 0.075000
59 0.416545 0.457955 0.042460 0.070455
41 0.117130 0.460227 0.042460 0.072727
32 0.097365 0.645455 0.043924 0.072727
52 0.043924 0.459091 0.071742 0.072727
30 0.482430 0.527273 0.963397 0.588636
9 0.561493 0.368750 0.043924 0.069318
25 0.429356 0.550000 0.043192 0.072727
21 0.236457 0.460227 0.043924 0.072727
39 0.771230 0.458523 0.041728 0.071591
40 0.639092 0.643182 0.043924 0.072727
34 0.698389 0.643182 0.045388 0.072727
42 0.297584 0.459091 0.043192 0.070455
