27 0.828108 0.318291 0.067027 0.104633
9 0.840811 0.202476 0.064324 0.099840
43 0.462703 0.618610 0.064865 0.104633
40 0.980000 0.455272 0.041081 0.102236
45 0.302973 0.702875 0.128108 0.140575
56 0.421892 0.528754 0.064324 0.102236
28 0.800270 0.444089 0.067568 0.107029
10 0.394595 0.652556 0.063784 0.103834
6 0.634865 0.306709 0.066486 0.100639
57 0.520270 0.700879 0.065405 0.103035
13 0.418108 0.867013 0.091351 0.122204
47 0.757568 0.690096 0.437297 0.300319
2 0.364324 0.448882 0.064865 0.099042
5 0.566757 0.341853 0.063243 0.100639
48 0.971622 0.130591 0.057838 0.099840
55 0.655405 0.629792 0.065405 0.103035
36 0.897027 0.283946 0.067568 0.104633
37 0.985946 0.338658 0.029189 0.107029
19 0.529459 0.583866 0.066486 0.108626
21 0.489730 0.493211 0.065946 0.104633
32 0.385405 0.770767 0.073514 0.105431
15 0.724054 0.595447 0.070811 0.103035
38 0.964324 0.248802 0.068108 0.103035
52 0.270811 0.611022 0.110270 0.130990
8 0.770811 0.236422 0.064865 0.099042
42 0.558108 0.458866 0.066486 0.103035
0 0.908378 0.168131 0.064324 0.099840
23 0.596757 0.547923 0.065946 0.105431
7 0.703514 0.272364 0.063243 0.097444
58 0.452703 0.735623 0.064324 0.103834
18 0.925135 0.491613 0.066486 0.103035
44 0.309459 0.809904 0.084865 0.116613
31 0.937027 0.374201 0.067568 0.109425
51 0.625405 0.423323 0.064865 0.100639
35 0.790270 0.561102 0.069189 0.104633
29 0.869189 0.408546 0.067027 0.106230
49 0.333514 0.911741 0.088649 0.122204
53 0.761351 0.354233 0.065405 0.106230
41 0.354324 0.563498 0.067568 0.104633
16 0.588378 0.665735 0.066486 0.104633
4 0.499730 0.376597 0.063243 0.098243
59 0.692703 0.388578 0.065405 0.101438
24 0.665946 0.512780 0.064865 0.108626
17 0.228108 0.519569 0.067027 0.106230
3 0.432162 0.412540 0.065405 0.104633
25 0.733243 0.478834 0.067568 0.106230
1 0.296486 0.483626 0.061081 0.095048
33 0.857838 0.527157 0.067027 0.107029
30 0.566216 0.500799 0.868649 1.000000
