30 0.481083 0.512982 0.960682 0.975519
34 0.093101 0.658383 0.184718 0.153561
11 0.355712 0.222552 0.158012 0.099407
22 0.615727 0.469214 0.247774 0.297478
37 0.076039 0.483309 0.150593 0.141691
38 0.083086 0.332344 0.164688 0.120178
12 0.222181 0.504822 0.177300 0.153561
0 0.066024 0.192878 0.130564 0.099407
54 0.235534 0.352374 0.177300 0.130564
26 0.408383 0.525223 0.177300 0.130564
50 0.159496 0.866098 0.215134 0.174332
46 0.326039 0.696958 0.340504 0.192136
48 0.201409 0.208457 0.158012 0.099407
39 0.403561 0.373145 0.167656 0.130564
20 0.597181 0.249258 0.324926 0.129080
