1 0.030414 0.261364 0.041363 0.096591
52 0.018248 0.386364 0.034063 0.102273
11 0.634428 0.259943 0.040146 0.099432
15 0.319343 0.633523 0.042579 0.102273
21 0.167275 0.383523 0.040146 0.102273
30 0.492701 0.453125 0.982968 0.900568
32 0.043796 0.633523 0.041363 0.102273
25 0.346715 0.509943 0.041363 0.099432
29 0.456204 0.508523 0.041363 0.102273
53 0.388686 0.384943 0.040146 0.099432
44 0.015207 0.636364 0.027981 0.102273
54 0.607664 0.386364 0.040146 0.102273
37 0.566910 0.509943 0.041363 0.099432
17 0.010949 0.261364 0.019465 0.096591
35 0.373479 0.633523 0.043796 0.102273
51 0.277981 0.384943 0.040146 0.099432
28 0.402068 0.509943 0.040146 0.099432
58 0.099148 0.634943 0.040146 0.099432
9 0.469586 0.262784 0.041363 0.099432
42 0.223236 0.384943 0.040146 0.099432
0 0.524939 0.261364 0.042579 0.102273
45 0.021898 0.511364 0.041363 0.107955
27 0.443431 0.384943 0.040146 0.099432
7 0.360097 0.262784 0.041363 0.099432
3 0.139294 0.261364 0.042579 0.102273
56 0.113139 0.384943 0.041363 0.099432
48 0.580292 0.262784 0.041363 0.099432
38 0.553528 0.384943 0.038929 0.099432
24 0.291363 0.509943 0.042579 0.099432
6 0.304745 0.261364 0.042579 0.102273
5 0.249392 0.261364 0.041363 0.102273
40 0.537713 0.632102 0.041363 0.099432
13 0.053528 0.764205 0.055961 0.107955
49 0.015207 0.761364 0.027981 0.107955
41 0.058394 0.386364 0.041363 0.102273
18 0.482968 0.632102 0.041363 0.099432
22 0.731752 0.443182 0.066910 0.227273
14 0.600365 0.761364 0.057178 0.107955
4 0.194647 0.261364 0.041363 0.102273
16 0.209246 0.634943 0.041363 0.099432
19 0.181265 0.511364 0.041363 0.102273
55 0.264599 0.633523 0.042579 0.102273
20 0.717153 0.261364 0.098540 0.107955
31 0.510341 0.508523 0.042579 0.102273
47 0.326034 0.759943 0.333333 0.110795
34 0.591849 0.632102 0.042579 0.099432
26 0.675791 0.508523 0.040146 0.102273
36 0.497567 0.386364 0.041363 0.102273
46 0.697689 0.634943 0.137470 0.105114
39 0.661800 0.384943 0.041363 0.099432
33 0.428832 0.636364 0.042579 0.102273
10 0.072384 0.509943 0.040146 0.099432
43 0.127129 0.509943 0.040146 0.099432
2 0.085158 0.261364 0.041363 0.096591
50 0.738443 0.762784 0.058394 0.105114
23 0.237226 0.509943 0.041363 0.099432
12 0.621046 0.508523 0.042579 0.102273
57 0.154501 0.634943 0.041363 0.099432
59 0.333942 0.384943 0.040146 0.099432
8 0.414842 0.262784 0.041363 0.099432
