18 0.604088 0.620200 0.043396 0.061770
29 0.575157 0.545910 0.043396 0.061770
56 0.220755 0.473289 0.042767 0.061770
17 0.075157 0.397746 0.043396 0.059265
23 0.349057 0.547997 0.044025 0.062604
52 0.093711 0.472871 0.072956 0.062604
38 0.675786 0.471619 0.043396 0.063439
33 0.548113 0.619783 0.043396 0.062604
34 0.717610 0.620200 0.042767 0.060100
16 0.319497 0.622287 0.044025 0.062604
39 0.787421 0.470367 0.042767 0.062604
21 0.277358 0.473289 0.044025 0.061770
10 0.178931 0.548414 0.043396 0.061770
37 0.688679 0.545075 0.042767 0.061770
49 0.084591 0.699082 0.062264 0.064274
22 0.857862 0.508347 0.072956 0.140234
28 0.518239 0.545910 0.042767 0.061770
26 0.799686 0.544240 0.042138 0.060100
46 0.794969 0.618114 0.086792 0.062604
20 0.843711 0.395242 0.101258 0.059265
43 0.234906 0.548414 0.043396 0.061770
3 0.246855 0.398581 0.044654 0.064274
4 0.304717 0.398998 0.044654 0.065109
11 0.760063 0.395659 0.043396 0.061770
9 0.588679 0.398998 0.047799 0.063439
44 0.083962 0.623122 0.059748 0.062604
30 0.503459 0.549666 0.932704 0.426544
41 0.163522 0.473289 0.044025 0.061770
1 0.133019 0.398998 0.042138 0.061770
13 0.159434 0.702421 0.062264 0.065943
40 0.660692 0.621035 0.043396 0.061770
55 0.376730 0.621452 0.045283 0.062604
8 0.531132 0.397746 0.048428 0.064274
6 0.418868 0.397329 0.046541 0.063439
32 0.149057 0.623122 0.045283 0.062604
54 0.730818 0.471202 0.042767 0.062604
0 0.646226 0.397329 0.045912 0.061770
45 0.100943 0.547579 0.087421 0.063439
47 0.440566 0.698664 0.350314 0.068447
36 0.617296 0.471619 0.044654 0.061770
2 0.190566 0.397329 0.044025 0.061770
58 0.206604 0.623539 0.044654 0.061770
53 0.505031 0.472871 0.042767 0.060935
51 0.391509 0.472871 0.043396 0.060935
5 0.361635 0.398581 0.045283 0.064274
31 0.631447 0.545492 0.044025 0.062604
59 0.447799 0.472037 0.044025 0.060935
42 0.334591 0.472037 0.044025 0.060935
57 0.262893 0.623122 0.042767 0.062604
15 0.434277 0.621035 0.044654 0.061770
35 0.491195 0.621035 0.044025 0.061770
7 0.474843 0.397746 0.046541 0.062604
19 0.291509 0.547997 0.043396 0.062604
24 0.405031 0.546745 0.044025 0.061770
27 0.560692 0.471619 0.042138 0.060100
12 0.744654 0.545075 0.042767 0.061770
48 0.704717 0.396912 0.044654 0.062604
25 0.462579 0.546745 0.043396 0.061770
