49 0.019553 0.866935 0.037244 0.126344
9 0.399441 0.369624 0.037244 0.115591
47 0.287244 0.865591 0.272812 0.118280
56 0.115922 0.494624 0.036313 0.112903
20 0.593110 0.369624 0.083799 0.115591
51 0.246741 0.493280 0.037244 0.110215
59 0.291434 0.491935 0.037244 0.112903
58 0.105680 0.736559 0.040037 0.112903
3 0.137803 0.372312 0.039106 0.115591
7 0.312849 0.370968 0.037244 0.112903
10 0.083333 0.615591 0.036313 0.112903
18 0.411546 0.737903 0.039106 0.110215
25 0.302142 0.614247 0.038175 0.110215
31 0.432495 0.614247 0.038175 0.110215
33 0.367784 0.736559 0.039106 0.112903
0 0.442272 0.368280 0.039106 0.118280
5 0.224860 0.372312 0.038175 0.115591
32 0.060521 0.737903 0.037244 0.115591
55 0.236965 0.736559 0.038175 0.112903
4 0.181564 0.369624 0.037244 0.115591
6 0.269088 0.369624 0.039106 0.115591
22 0.588920 0.615591 0.094041 0.112903
1 0.049348 0.369624 0.037244 0.115591
37 0.475791 0.615591 0.037244 0.112903
24 0.258845 0.614247 0.037244 0.110215
45 0.030261 0.615591 0.058659 0.112903
23 0.216480 0.618280 0.038175 0.112903
26 0.605214 0.494624 0.061453 0.112903
28 0.347300 0.615591 0.039106 0.112903
48 0.485568 0.370968 0.038175 0.112903
14 0.451117 0.864247 0.051210 0.120968
39 0.550745 0.491935 0.038175 0.112903
41 0.071695 0.494624 0.039106 0.112903
15 0.280726 0.736559 0.040037 0.112903
40 0.453911 0.736559 0.038175 0.112903
17 0.013035 0.369624 0.024209 0.110215
12 0.519088 0.615591 0.038175 0.112903
16 0.194134 0.736559 0.040037 0.112903
53 0.334264 0.494624 0.039106 0.112903
57 0.150838 0.737903 0.039106 0.110215
42 0.203911 0.491935 0.039106 0.112903
19 0.171322 0.614247 0.037244 0.110215
52 0.024209 0.495968 0.046555 0.115591
11 0.529330 0.369624 0.036313 0.110215
8 0.356145 0.370968 0.038175 0.118280
54 0.506983 0.493280 0.038175 0.110215
21 0.159218 0.493280 0.037244 0.110215
2 0.093575 0.372312 0.038175 0.115591
46 0.578212 0.732527 0.117318 0.110215
13 0.121974 0.864247 0.052142 0.120968
30 0.496276 0.557796 0.990689 0.873656
29 0.389665 0.612903 0.038175 0.112903
34 0.496741 0.735215 0.038175 0.110215
43 0.127561 0.615591 0.039106 0.112903
50 0.612663 0.861559 0.054004 0.126344
44 0.019088 0.740591 0.036313 0.115591
27 0.377561 0.491935 0.036313 0.107527
36 0.420391 0.493280 0.038175 0.110215
35 0.324488 0.737903 0.040037 0.110215
38 0.464153 0.490591 0.036313 0.110215
