38 0.510312 0.394167 0.045625 0.031667
48 0.530000 0.353750 0.043750 0.030833
34 0.578125 0.492500 0.055000 0.046667
59 0.270937 0.403750 0.046875 0.034167
47 0.348438 0.569167 0.244375 0.063333
50 0.606563 0.545417 0.089375 0.044167
11 0.583125 0.353333 0.043750 0.035000
22 0.699375 0.410000 0.097500 0.086667
26 0.650000 0.433333 0.048750 0.036667
53 0.335938 0.404583 0.043125 0.035833
33 0.384375 0.502500 0.050000 0.043333
27 0.396250 0.399167 0.042500 0.031667
31 0.475938 0.444167 0.045625 0.036667
28 0.349687 0.449583 0.045625 0.037500
36 0.452813 0.397083 0.044375 0.032500
37 0.535000 0.440417 0.046250 0.035833
30 0.546875 0.480417 0.725000 0.499167
7 0.307188 0.362500 0.043125 0.033333
40 0.515312 0.494583 0.050625 0.042500
39 0.621250 0.390417 0.048750 0.034167
54 0.565625 0.394167 0.050000 0.036667
14 0.516875 0.551250 0.071250 0.045833
12 0.593437 0.437500 0.049375 0.036667
46 0.654687 0.486250 0.088125 0.044167
20 0.658438 0.347917 0.099375 0.034167
18 0.450000 0.497917 0.048750 0.040833
0 0.475000 0.355833 0.045000 0.030000
35 0.316563 0.505417 0.050625 0.042500
25 0.286562 0.454583 0.045625 0.037500
29 0.415938 0.448333 0.045625 0.036667
9 0.420938 0.357083 0.041875 0.029167
8 0.364063 0.359583 0.041875 0.029167
