51 0.371908 0.462000 0.030035 0.049333
30 0.790636 0.510000 0.390459 0.428000
6 0.389576 0.400000 0.033569 0.050667
23 0.340548 0.523333 0.029152 0.049333
14 0.770760 0.654000 0.039753 0.049333
26 0.913869 0.475333 0.041519 0.057333
31 0.755742 0.531333 0.029152 0.049333
50 0.831272 0.655333 0.063604 0.049333
1 0.185071 0.410667 0.029152 0.050667
35 0.655477 0.591333 0.030035 0.049333
15 0.405477 0.586000 0.030035 0.049333
41 0.208039 0.470000 0.030919 0.052000
47 0.354682 0.648667 0.135159 0.054667
36 0.746025 0.470000 0.030919 0.049333
59 0.623675 0.474000 0.030035 0.049333
52 0.156802 0.471333 0.050353 0.049333
37 0.795936 0.531333 0.030035 0.049333
19 0.299470 0.526667 0.028269 0.050667
58 0.240283 0.592667 0.030035 0.049333
9 0.725265 0.409333 0.030035 0.053333
30 0.231007 0.506667 0.394876 0.442667
54 0.826413 0.470000 0.029152 0.049333
16 0.320671 0.586000 0.030035 0.049333
56 0.248233 0.468000 0.030035 0.050667
55 0.363958 0.584667 0.030035 0.049333
0 0.766343 0.408667 0.030919 0.052000
39 0.863516 0.474000 0.039753 0.057333
28 0.674912 0.530667 0.030035 0.050667
3 0.265901 0.407333 0.031802 0.052000
29 0.716431 0.531333 0.030035 0.049333
48 0.805212 0.409333 0.030919 0.050667
27 0.705389 0.469333 0.029152 0.048000
53 0.665194 0.470000 0.030035 0.049333
43 0.259276 0.529333 0.029152 0.050667
47 0.676237 0.654000 0.133392 0.049333
33 0.696113 0.592000 0.031802 0.050667
2 0.226148 0.408667 0.030035 0.052000
40 0.776060 0.592000 0.030919 0.050667
38 0.787102 0.470000 0.030035 0.049333
10 0.219523 0.531333 0.029152 0.049333
11 0.845406 0.409333 0.030035 0.050667
24 0.383392 0.524667 0.030035 0.049333
20 0.908569 0.408000 0.068021 0.050667
8 0.685071 0.408667 0.030919 0.054667
18 0.734541 0.592667 0.030919 0.052000
44 0.174028 0.594667 0.083039 0.050667
45 0.163428 0.533333 0.060071 0.050667
4 0.306095 0.403333 0.030919 0.052000
12 0.837014 0.532000 0.029152 0.050667
13 0.256184 0.652000 0.042403 0.050667
5 0.348057 0.402000 0.030035 0.052000
22 0.901943 0.532000 0.081272 0.048000
21 0.289311 0.466667 0.029152 0.053333
34 0.816254 0.592000 0.030035 0.050667
25 0.633392 0.530667 0.031802 0.048000
57 0.280919 0.588667 0.030035 0.049333
7 0.642226 0.408667 0.033569 0.054667
49 0.160336 0.658667 0.053887 0.050667
17 0.143993 0.410667 0.030035 0.048000
46 0.871908 0.592667 0.061837 0.049333
42 0.330389 0.464667 0.030035 0.049333
