27 0.551667 0.657509 0.031333 0.064713
49 0.132000 0.893773 0.054667 0.070818
59 0.468000 0.658730 0.033333 0.064713
47 0.520000 0.896215 0.138667 0.073260
2 0.209333 0.580586 0.030667 0.062271
4 0.293333 0.579976 0.030667 0.063492
1 0.167000 0.581197 0.030000 0.061050
7 0.487667 0.579365 0.035333 0.067155
8 0.531667 0.582418 0.034000 0.068376
16 0.302000 0.811355 0.032000 0.064713
58 0.217000 0.811966 0.031333 0.063492
31 0.604333 0.735653 0.031333 0.064713
21 0.272000 0.655678 0.030667 0.063492
43 0.238667 0.733211 0.030667 0.062271
35 0.498667 0.811355 0.033333 0.064713
23 0.324000 0.733822 0.030667 0.063492
44 0.128000 0.812576 0.041333 0.064713
46 0.723000 0.815018 0.060667 0.064713
17 0.125333 0.580586 0.030667 0.064713
29 0.563000 0.735043 0.032667 0.063492
56 0.229333 0.655067 0.030667 0.062271
48 0.657333 0.583028 0.033333 0.067155
6 0.378333 0.578755 0.034000 0.065934
45 0.134667 0.735043 0.052000 0.063492
30 0.650000 0.702686 0.416000 0.550672
30 0.213333 0.701465 0.416000 0.550672
50 0.678333 0.894383 0.056667 0.067155
20 0.759000 0.580586 0.072667 0.062271
57 0.259333 0.810745 0.030667 0.063492
10 0.196333 0.732601 0.030000 0.063492
52 0.135667 0.656899 0.050000 0.063492
0 0.616333 0.583639 0.032667 0.068376
55 0.346000 0.811966 0.032000 0.063492
18 0.582667 0.813797 0.033333 0.067155
3 0.251667 0.581197 0.032667 0.063492
41 0.187667 0.656899 0.031333 0.063492
24 0.369333 0.736264 0.032000 0.063492
33 0.541333 0.813797 0.034667 0.067155
32 0.175333 0.812576 0.030667 0.064713
11 0.697667 0.580586 0.031333 0.062271
51 0.357667 0.655678 0.034000 0.065934
40 0.625000 0.813797 0.032667 0.064713
54 0.677667 0.657509 0.031333 0.062271
15 0.390667 0.814408 0.032000 0.063492
53 0.509000 0.656288 0.034000 0.069597
22 0.770000 0.695360 0.053333 0.142857
34 0.668000 0.813797 0.032000 0.064713
42 0.313667 0.656288 0.031333 0.062271
12 0.688667 0.735043 0.030667 0.063492
47 0.337000 0.894994 0.138000 0.073260
26 0.729667 0.735653 0.030000 0.062271
9 0.574333 0.582418 0.034000 0.070818
36 0.594000 0.657509 0.032000 0.064713
25 0.477333 0.738095 0.033333 0.064713
37 0.646667 0.735653 0.032000 0.062271
14 0.619333 0.891941 0.045333 0.067155
39 0.719667 0.659341 0.031333 0.063492
5 0.335333 0.579365 0.032000 0.064713
28 0.522667 0.735653 0.033333 0.064713
38 0.635333 0.656288 0.030667 0.062271
19 0.280667 0.733211 0.030667 0.062271
13 0.232333 0.891331 0.042000 0.065934
