22 0.864746 0.532401 0.077148 0.045655
0 0.736328 0.416053 0.029297 0.048601
36 0.717773 0.473490 0.029297 0.045655
41 0.209961 0.474227 0.029297 0.050074
7 0.619629 0.416053 0.032227 0.051546
37 0.764160 0.531664 0.028320 0.047128
56 0.248535 0.472754 0.028320 0.047128
4 0.302734 0.411635 0.029297 0.048601
48 0.773438 0.416053 0.029297 0.048601
47 0.651855 0.647275 0.125977 0.045655
24 0.375000 0.523564 0.029297 0.048601
19 0.296387 0.526510 0.026367 0.045655
46 0.836426 0.589838 0.057617 0.045655
33 0.670898 0.588365 0.029297 0.048601
34 0.783691 0.589102 0.028320 0.047128
42 0.325684 0.468336 0.028320 0.047128
20 0.871582 0.415317 0.063477 0.047128
31 0.726562 0.531664 0.027344 0.047128
16 0.316406 0.583211 0.029297 0.047128
10 0.220703 0.531664 0.027344 0.047128
27 0.679688 0.473490 0.027344 0.045655
25 0.613281 0.536819 0.029297 0.045655
11 0.811035 0.416053 0.028320 0.048601
49 0.165039 0.651694 0.050781 0.048601
30 0.231934 0.507364 0.372070 0.419735
59 0.605469 0.478645 0.031250 0.047128
2 0.227051 0.416053 0.028320 0.048601
52 0.161133 0.475700 0.046875 0.047128
28 0.650391 0.530928 0.029297 0.045655
12 0.803711 0.533137 0.027344 0.047128
35 0.631348 0.587629 0.030273 0.047128
21 0.286621 0.470545 0.028320 0.048601
9 0.697754 0.415317 0.028320 0.050074
47 0.348633 0.642857 0.126953 0.051546
14 0.740723 0.647275 0.038086 0.045655
43 0.258789 0.528719 0.027344 0.047128
17 0.149902 0.417526 0.028320 0.045655
30 0.760254 0.510309 0.368164 0.399116
8 0.660156 0.416053 0.029297 0.051546
6 0.381836 0.407953 0.033203 0.050074
1 0.188477 0.418262 0.027344 0.047128
54 0.793945 0.474227 0.027344 0.047128
58 0.240234 0.588365 0.027344 0.045655
51 0.365234 0.466863 0.029297 0.047128
39 0.828613 0.477909 0.036133 0.054492
45 0.168457 0.533873 0.055664 0.048601
53 0.641113 0.474227 0.028320 0.047128
29 0.689941 0.531664 0.028320 0.047128
13 0.255859 0.645803 0.041016 0.048601
44 0.178223 0.592047 0.077148 0.050074
55 0.357422 0.581738 0.027344 0.047128
23 0.335449 0.525037 0.028320 0.045655
38 0.756348 0.473490 0.028320 0.045655
57 0.278809 0.586156 0.028320 0.047128
40 0.746094 0.588365 0.029297 0.045655
15 0.396484 0.583211 0.027344 0.047128
26 0.875977 0.478645 0.039062 0.053019
18 0.707031 0.588365 0.029297 0.048601
5 0.342285 0.410162 0.028320 0.048601
50 0.798828 0.648748 0.060547 0.045655
3 0.265137 0.415317 0.030273 0.050074
