27 0.654667 0.514235 0.032000 0.035587
44 0.178333 0.577847 0.046000 0.038256
20 0.809667 0.429715 0.068667 0.046263
16 0.338667 0.610320 0.033333 0.037367
59 0.581333 0.532473 0.036000 0.034698
10 0.254333 0.544929 0.032667 0.036477
54 0.756667 0.488434 0.037333 0.035587
55 0.378333 0.619217 0.032667 0.039146
13 0.264333 0.646352 0.046000 0.041815
53 0.619333 0.523577 0.032000 0.036477
43 0.291667 0.552046 0.032667 0.036477
14 0.750000 0.633452 0.048000 0.042705
33 0.670333 0.604982 0.035333 0.039146
51 0.405333 0.529804 0.029333 0.034698
11 0.761000 0.443505 0.034000 0.038256
57 0.300000 0.601868 0.033333 0.036477
35 0.633000 0.614324 0.034000 0.040036
2 0.286000 0.461299 0.032000 0.032918
19 0.329667 0.560053 0.031333 0.036477
34 0.777000 0.576068 0.035333 0.038256
7 0.589000 0.487100 0.038000 0.034698
31 0.711000 0.546708 0.032667 0.036477
6 0.435333 0.492883 0.030667 0.032028
30 0.751333 0.550267 0.401333 0.353203
47 0.661667 0.661032 0.136667 0.074733
45 0.198667 0.534253 0.056000 0.040036
25 0.602667 0.574288 0.034667 0.038256
49 0.169667 0.626779 0.060667 0.043594
24 0.406333 0.576068 0.031333 0.036477
58 0.261000 0.594306 0.032667 0.037367
3 0.322667 0.469306 0.032000 0.032918
15 0.421667 0.628114 0.032667 0.039146
28 0.639333 0.563612 0.032000 0.034698
41 0.257333 0.499110 0.032000 0.033808
32 0.223000 0.586744 0.035333 0.038256
21 0.332000 0.514235 0.032000 0.033808
37 0.746000 0.538256 0.036000 0.037367
40 0.741000 0.586299 0.036667 0.037367
12 0.779333 0.527135 0.036000 0.036477
9 0.661000 0.470641 0.032667 0.035587
0 0.693667 0.461744 0.035333 0.035587
4 0.358667 0.475979 0.030667 0.032028
8 0.627333 0.479093 0.032000 0.034698
36 0.689000 0.506228 0.032667 0.035587
18 0.705333 0.596085 0.034667 0.039146
46 0.822667 0.564057 0.060000 0.042705
39 0.792000 0.480427 0.034667 0.035587
1 0.249000 0.454181 0.032667 0.032918
30 0.254000 0.552046 0.414667 0.356762
38 0.722333 0.497331 0.035333 0.035587
22 0.841000 0.488879 0.064667 0.077402
50 0.802000 0.620552 0.064000 0.048932
56 0.294000 0.505783 0.030667 0.032918
48 0.728333 0.453737 0.035333 0.035587
23 0.369000 0.568060 0.031333 0.036477
26 0.813667 0.517349 0.035333 0.034698
5 0.396000 0.483986 0.030667 0.032028
17 0.214000 0.446619 0.032000 0.033808
52 0.211000 0.489324 0.052667 0.037367
47 0.359667 0.668149 0.138000 0.065836
29 0.675667 0.555605 0.034000 0.036477
42 0.369000 0.522242 0.030000 0.035587
