51 0.365000 0.466709 0.028333 0.046482
30 0.760000 0.511935 0.368333 0.403266
6 0.381667 0.408291 0.031667 0.047739
23 0.335417 0.524497 0.027500 0.046482
14 0.741250 0.647613 0.037500 0.046482
26 0.876250 0.479271 0.039167 0.054020
31 0.727083 0.532035 0.027500 0.046482
50 0.798333 0.648869 0.060000 0.046482
1 0.188750 0.418342 0.027500 0.047739
35 0.632500 0.588568 0.028333 0.046482
15 0.396667 0.583543 0.028333 0.046482
41 0.210417 0.474246 0.029167 0.048995
47 0.348750 0.642588 0.127500 0.051508
36 0.717917 0.474246 0.029167 0.046482
59 0.602500 0.478015 0.028333 0.046482
52 0.162083 0.475503 0.047500 0.046482
37 0.765000 0.532035 0.028333 0.046482
19 0.296667 0.527638 0.026667 0.047739
58 0.240833 0.589824 0.028333 0.046482
9 0.698333 0.417085 0.028333 0.050251
30 0.232083 0.508794 0.372500 0.417085
54 0.793750 0.474246 0.027500 0.046482
16 0.316667 0.583543 0.028333 0.046482
56 0.248333 0.472362 0.028333 0.047739
55 0.357500 0.582286 0.028333 0.046482
0 0.737083 0.416457 0.029167 0.048995
39 0.828750 0.478015 0.037500 0.054020
28 0.650833 0.531407 0.028333 0.047739
3 0.265000 0.415201 0.030000 0.048995
29 0.690000 0.532035 0.028333 0.046482
48 0.773750 0.417085 0.029167 0.047739
27 0.679583 0.473618 0.027500 0.045226
53 0.641667 0.474246 0.028333 0.046482
43 0.258750 0.530151 0.027500 0.047739
47 0.652083 0.647613 0.125833 0.046482
33 0.670833 0.589196 0.030000 0.047739
2 0.227500 0.416457 0.028333 0.048995
40 0.746250 0.589196 0.029167 0.047739
38 0.756667 0.474246 0.028333 0.046482
10 0.221250 0.532035 0.027500 0.046482
11 0.811667 0.417085 0.028333 0.047739
24 0.375833 0.525754 0.028333 0.046482
20 0.871250 0.415829 0.064167 0.047739
8 0.660417 0.416457 0.029167 0.051508
18 0.707083 0.589824 0.029167 0.048995
44 0.178333 0.591709 0.078333 0.047739
45 0.168333 0.533920 0.056667 0.047739
4 0.302917 0.411432 0.029167 0.048995
12 0.803750 0.532663 0.027500 0.047739
13 0.255833 0.645729 0.040000 0.047739
5 0.342500 0.410176 0.028333 0.048995
22 0.865000 0.532663 0.076667 0.045226
21 0.287083 0.471106 0.027500 0.050251
34 0.784167 0.589196 0.028333 0.047739
25 0.611667 0.531407 0.030000 0.045226
57 0.279167 0.586055 0.028333 0.046482
7 0.620000 0.416457 0.031667 0.051508
49 0.165417 0.652010 0.050833 0.047739
17 0.150000 0.418342 0.028333 0.045226
46 0.836667 0.589824 0.058333 0.046482
42 0.325833 0.469221 0.028333 0.046482
