38 0.511694 0.394604 0.046144 0.032040
48 0.531606 0.353710 0.044248 0.031197
34 0.580278 0.494098 0.055626 0.047218
59 0.269595 0.404300 0.047408 0.034570
47 0.347977 0.571669 0.247155 0.064081
50 0.609039 0.547639 0.090392 0.044688
11 0.585335 0.353288 0.044248 0.035413
22 0.702908 0.410624 0.098609 0.087690
26 0.652971 0.434233 0.049305 0.037099
53 0.335335 0.405143 0.043616 0.036256
33 0.384324 0.504216 0.050569 0.043845
27 0.396334 0.399663 0.042984 0.032040
31 0.476928 0.445194 0.046144 0.037099
28 0.349241 0.450675 0.046144 0.037943
36 0.453540 0.397555 0.044880 0.032884
37 0.536662 0.441400 0.046776 0.036256
30 0.548673 0.481872 0.733249 0.505059
7 0.306258 0.362563 0.043616 0.033727
40 0.516751 0.496206 0.051201 0.043002
39 0.623894 0.390809 0.049305 0.034570
54 0.567636 0.394604 0.050569 0.037099
14 0.518331 0.553541 0.072061 0.046374
12 0.595765 0.438449 0.049937 0.037099
46 0.657712 0.487774 0.089128 0.044688
20 0.661504 0.347808 0.100506 0.034570
18 0.450695 0.499578 0.049305 0.041315
0 0.475980 0.355818 0.045512 0.030354
35 0.315740 0.507167 0.051201 0.043002
25 0.285398 0.455734 0.046144 0.037943
29 0.416245 0.449410 0.046144 0.037099
9 0.421302 0.357083 0.042351 0.029511
8 0.363780 0.359612 0.042351 0.029511
