20 0.753750 0.452917 0.056250 0.035833
13 0.325000 0.617500 0.033750 0.036667
39 0.720313 0.490417 0.025625 0.034167
40 0.645938 0.564583 0.025625 0.034167
14 0.640625 0.605000 0.035000 0.036667
59 0.536563 0.469167 0.024375 0.033333
24 0.416250 0.518750 0.026250 0.035833
17 0.229687 0.467917 0.025625 0.035833
32 0.279687 0.583750 0.026875 0.035833
41 0.280938 0.500833 0.025625 0.035000
38 0.658438 0.483333 0.025625 0.033333
16 0.372812 0.567083 0.025625 0.034167
53 0.566875 0.472500 0.025000 0.033333
44 0.244688 0.590417 0.035625 0.035833
27 0.599688 0.479583 0.025625 0.034167
4 0.354687 0.447917 0.025625 0.034167
2 0.293125 0.457917 0.026250 0.034167
11 0.707187 0.448333 0.024375 0.033333
3 0.324375 0.452917 0.027500 0.035833
49 0.250937 0.631250 0.044375 0.040833
1 0.261875 0.463333 0.026250 0.035000
26 0.726250 0.532500 0.026250 0.035000
36 0.627812 0.480417 0.025625 0.034167
37 0.663750 0.525833 0.027500 0.035000
29 0.605000 0.521250 0.025000 0.034167
42 0.373437 0.485000 0.024375 0.033333
48 0.676250 0.445417 0.026250 0.034167
30 0.297812 0.529583 0.321875 0.327500
15 0.436250 0.558333 0.026250 0.035000
23 0.384688 0.523750 0.024375 0.034167
7 0.555312 0.430833 0.025625 0.033333
50 0.685625 0.615000 0.041250 0.041667
31 0.633125 0.522083 0.025000 0.034167
54 0.689375 0.487083 0.025000 0.034167
47 0.568750 0.597917 0.103750 0.044167
35 0.555000 0.553333 0.025000 0.033333
56 0.311875 0.494583 0.025000 0.034167
51 0.404375 0.479583 0.025000 0.034167
5 0.385625 0.442917 0.026250 0.034167
0 0.646563 0.441667 0.025625 0.033333
55 0.405000 0.561667 0.026250 0.035000
9 0.615625 0.438750 0.025000 0.034167
46 0.716562 0.573333 0.043125 0.036667
34 0.676875 0.568333 0.026250 0.035000
28 0.571562 0.514583 0.025625 0.034167
58 0.310625 0.577917 0.026250 0.035833
22 0.760312 0.515417 0.040625 0.077500
8 0.585313 0.434583 0.024375 0.032500
18 0.615313 0.560833 0.025625 0.035000
52 0.240625 0.507500 0.041250 0.036667
19 0.353750 0.529167 0.025000 0.035000
57 0.342187 0.572500 0.025625 0.035000
45 0.247812 0.547917 0.050625 0.039167
6 0.416875 0.437083 0.025000 0.034167
47 0.401250 0.604583 0.105000 0.049167
12 0.694688 0.528750 0.026875 0.035833
25 0.540625 0.511667 0.026250 0.035000
10 0.292500 0.540417 0.026250 0.035833
33 0.585938 0.557083 0.025625 0.034167
30 0.662813 0.512500 0.308125 0.338333
43 0.322813 0.535000 0.025625 0.035000
21 0.343438 0.489583 0.025625 0.034167
