56 0.190938 0.473778 0.028125 0.044444
11 0.556562 0.439111 0.029375 0.044444
1 0.139063 0.418667 0.028125 0.042667
9 0.440937 0.434222 0.029375 0.043556
6 0.326875 0.427556 0.028750 0.044444
28 0.387813 0.540000 0.029375 0.045333
39 0.573750 0.495556 0.031250 0.045333
26 0.582812 0.551111 0.030625 0.044444
48 0.517813 0.437333 0.029375 0.044444
33 0.403125 0.594667 0.031250 0.044444
27 0.419375 0.487111 0.028750 0.042667
29 0.426563 0.541333 0.029375 0.044444
38 0.496250 0.490667 0.030000 0.044444
41 0.154062 0.472889 0.029375 0.044444
19 0.233437 0.530222 0.029375 0.043556
24 0.310937 0.535556 0.029375 0.043556
59 0.343125 0.482667 0.028750 0.044444
13 0.189375 0.638222 0.041250 0.046222
54 0.534687 0.493333 0.030625 0.046222
2 0.176250 0.420444 0.027500 0.044444
15 0.325625 0.589333 0.031250 0.042667
49 0.088750 0.630667 0.052500 0.047111
34 0.521563 0.602222 0.030625 0.043556
51 0.305312 0.480444 0.028125 0.043556
50 0.620313 0.666222 0.056875 0.050667
46 0.596562 0.606222 0.101875 0.048000
44 0.090313 0.576000 0.040625 0.042667
4 0.250625 0.423556 0.027500 0.043556
36 0.457500 0.488889 0.030000 0.044444
30 0.521563 0.518222 0.953125 0.439111
23 0.271562 0.532889 0.029375 0.045333
21 0.228437 0.476444 0.029375 0.044444
18 0.443125 0.596889 0.030000 0.043556
5 0.288125 0.425333 0.028750 0.043556
3 0.212812 0.422667 0.028125 0.043556
43 0.195312 0.527556 0.029375 0.045333
31 0.465313 0.543556 0.029375 0.045333
52 0.107500 0.469778 0.046250 0.043556
47 0.327500 0.649333 0.220000 0.059556
0 0.478438 0.435556 0.029375 0.044444
14 0.465000 0.655556 0.041250 0.047111
17 0.102813 0.415556 0.026875 0.041778
55 0.286875 0.587111 0.031250 0.043556
57 0.209375 0.582667 0.030000 0.043556
7 0.365000 0.431111 0.027500 0.044444
58 0.170937 0.580000 0.030625 0.041778
35 0.365000 0.592000 0.030000 0.042667
22 0.623437 0.524444 0.053125 0.103111
25 0.349062 0.536889 0.029375 0.042667
37 0.503437 0.546222 0.030625 0.045333
10 0.157500 0.525333 0.028750 0.044444
8 0.402813 0.432444 0.029375 0.045333
40 0.482500 0.599556 0.030000 0.043556
16 0.247812 0.585333 0.030625 0.043556
12 0.542813 0.548000 0.030625 0.045333
53 0.381563 0.485778 0.029375 0.043556
20 0.614062 0.442222 0.068125 0.047111
45 0.103438 0.523111 0.049375 0.043556
42 0.266562 0.478667 0.028125 0.043556
32 0.132812 0.577778 0.031875 0.044444
