3 0.245825 0.364372 0.055324 0.097166
12 0.777140 0.519231 0.053236 0.095142
33 0.575678 0.653846 0.055324 0.101215
15 0.453027 0.670040 0.058455 0.101215
8 0.544885 0.335020 0.052192 0.091093
9 0.602296 0.328947 0.050104 0.091093
25 0.479123 0.553644 0.054280 0.095142
7 0.486430 0.341093 0.050104 0.091093
39 0.806889 0.407895 0.048017 0.095142
23 0.356472 0.570850 0.055324 0.097166
48 0.715553 0.314777 0.053236 0.091093
16 0.325678 0.688259 0.058455 0.105263
20 0.841336 0.303644 0.079332 0.093117
6 0.427453 0.347166 0.053236 0.091093
46 0.827766 0.625506 0.077244 0.101215
11 0.771921 0.308704 0.051148 0.087045
18 0.635177 0.645749 0.055324 0.101215
53 0.520355 0.442308 0.053236 0.095142
27 0.578810 0.434211 0.051148 0.091093
0 0.659708 0.321862 0.052192 0.093117
41 0.151357 0.485830 0.056367 0.101215
49 0.052192 0.851215 0.081420 0.115385
30 0.500522 0.564777 0.988518 0.769231
43 0.229123 0.587045 0.057411 0.101215
51 0.401357 0.454453 0.053236 0.095142
38 0.695198 0.422065 0.054280 0.095142
57 0.262004 0.698381 0.056367 0.101215
44 0.056889 0.728745 0.076200 0.109312
59 0.461900 0.448381 0.053236 0.095142
42 0.339770 0.461538 0.055324 0.097166
31 0.658664 0.533401 0.052192 0.095142
28 0.540188 0.548583 0.053236 0.097166
54 0.752610 0.415992 0.052192 0.095142
40 0.696242 0.638664 0.056367 0.099190
21 0.277140 0.468623 0.057411 0.099190
4 0.306889 0.358300 0.052192 0.093117
34 0.758351 0.631579 0.055324 0.101215
2 0.183716 0.371457 0.056367 0.095142
26 0.829854 0.510121 0.048017 0.097166
22 0.866388 0.452429 0.068894 0.200405
13 0.261482 0.818826 0.059499 0.107287
19 0.293319 0.578947 0.056367 0.101215
50 0.782359 0.742915 0.078288 0.105263
47 0.458246 0.791498 0.319415 0.141700
24 0.419102 0.561741 0.055324 0.099190
14 0.650313 0.760121 0.056367 0.103239
58 0.197286 0.709514 0.058455 0.103239
56 0.215031 0.476721 0.056367 0.099190
55 0.390919 0.680162 0.055324 0.101215
17 0.059499 0.384615 0.056367 0.097166
1 0.122651 0.380567 0.055324 0.097166
45 0.077244 0.608300 0.104384 0.111336
5 0.366910 0.351215 0.053236 0.091093
10 0.165449 0.595142 0.057411 0.101215
29 0.599165 0.539474 0.054280 0.095142
36 0.636221 0.429150 0.053236 0.093117
37 0.718163 0.527328 0.054280 0.095142
35 0.514614 0.660931 0.054280 0.099190
52 0.071503 0.493927 0.086639 0.101215
32 0.131002 0.717611 0.057411 0.107287
