28 0.533854 0.465278 0.048958 0.055556
7 0.493229 0.347222 0.044792 0.047222
3 0.282813 0.350000 0.048958 0.050000
41 0.194271 0.410417 0.051042 0.054167
6 0.440104 0.347917 0.044792 0.048611
45 0.121354 0.472917 0.094792 0.059722
10 0.197396 0.470833 0.051042 0.055556
15 0.448958 0.531944 0.052083 0.058333
37 0.705729 0.460417 0.053125 0.056944
31 0.647396 0.461806 0.051042 0.054167
27 0.574479 0.402778 0.046875 0.052778
11 0.759896 0.338889 0.048958 0.050000
51 0.411979 0.405556 0.046875 0.052778
22 0.876563 0.425000 0.101042 0.122222
26 0.822917 0.456944 0.054167 0.058333
39 0.796875 0.394444 0.052083 0.055556
20 0.842187 0.336806 0.105208 0.051389
9 0.597917 0.343750 0.047917 0.051389
59 0.466146 0.404861 0.046875 0.051389
46 0.856771 0.522917 0.165625 0.062500
30 0.505729 0.477083 0.930208 0.406944
24 0.422396 0.466667 0.046875 0.052778
5 0.388021 0.348611 0.046875 0.050000
34 0.743750 0.524306 0.056250 0.062500
25 0.478646 0.465278 0.048958 0.052778
40 0.683854 0.526389 0.055208 0.058333
52 0.127083 0.409722 0.077083 0.055556
8 0.545312 0.345833 0.046875 0.050000
47 0.446875 0.604167 0.300000 0.069444
54 0.741667 0.397222 0.052083 0.055556
17 0.125000 0.350694 0.047917 0.051389
18 0.623437 0.527778 0.053125 0.058333
56 0.248438 0.408333 0.048958 0.052778
16 0.332813 0.535417 0.053125 0.059722
23 0.366667 0.468056 0.050000 0.055556
1 0.178125 0.350694 0.047917 0.051389
55 0.391146 0.531944 0.051042 0.058333
53 0.519792 0.404861 0.047917 0.051389
42 0.357292 0.406250 0.047917 0.051389
19 0.309896 0.469444 0.051042 0.055556
49 0.139063 0.610417 0.076042 0.068056
13 0.265625 0.607639 0.056250 0.065278
14 0.627604 0.597917 0.057292 0.065278
12 0.765104 0.459028 0.053125 0.056944
57 0.274479 0.535417 0.053125 0.059722
38 0.684896 0.398611 0.051042 0.055556
35 0.506771 0.529167 0.051042 0.058333
58 0.216146 0.536111 0.053125 0.058333
4 0.335938 0.350000 0.046875 0.050000
44 0.094792 0.539583 0.068750 0.062500
21 0.302083 0.408333 0.050000 0.052778
50 0.753125 0.597917 0.058333 0.065278
48 0.706250 0.340278 0.047917 0.050000
43 0.253125 0.470833 0.050000 0.055556
0 0.652083 0.341667 0.047917 0.050000
36 0.629167 0.401389 0.050000 0.052778
29 0.591667 0.463889 0.050000 0.055556
32 0.158333 0.538194 0.054167 0.062500
2 0.229167 0.351389 0.047917 0.050000
33 0.564583 0.529167 0.052083 0.061111
