1 0.075459 0.253866 0.066929 0.126289
59 0.498688 0.402062 0.068241 0.128866
46 0.952756 0.690722 0.097113 0.134021
14 0.709318 0.844072 0.069554 0.126289
53 0.574803 0.402062 0.068241 0.128866
57 0.249344 0.699742 0.068241 0.131443
35 0.556430 0.695876 0.068241 0.128866
28 0.593176 0.547680 0.065617 0.126289
19 0.287402 0.552835 0.068241 0.131443
55 0.402887 0.697165 0.068241 0.131443
17 0.017717 0.253866 0.032808 0.126289
23 0.363517 0.551546 0.068241 0.128866
43 0.209974 0.552835 0.070866 0.131443
24 0.440289 0.550258 0.066929 0.131443
15 0.479003 0.695876 0.070866 0.128866
5 0.381890 0.252577 0.068241 0.128866
18 0.707349 0.694588 0.068241 0.131443
52 0.036089 0.402062 0.069554 0.128866
0 0.763780 0.251289 0.068241 0.126289
2 0.152231 0.255155 0.068241 0.128866
54 0.877953 0.398196 0.068241 0.131443
29 0.669948 0.547680 0.066929 0.131443
6 0.458661 0.253866 0.069554 0.126289
41 0.114173 0.403351 0.073491 0.131443
58 0.172572 0.701031 0.069554 0.128866
27 0.651575 0.399485 0.066929 0.123711
31 0.746719 0.546392 0.065617 0.128866
48 0.839895 0.251289 0.068241 0.126289
11 0.914698 0.250000 0.065617 0.123711
16 0.325459 0.699742 0.070866 0.131443
36 0.726378 0.398196 0.069554 0.131443
56 0.191601 0.402062 0.068241 0.128866
30 0.501312 0.529639 1.000000 0.935567
25 0.516404 0.547680 0.069554 0.126289
20 0.980315 0.251289 0.041995 0.131443
38 0.801837 0.399485 0.068241 0.128866
21 0.267060 0.404639 0.069554 0.128866
42 0.345144 0.402062 0.068241 0.128866
32 0.094488 0.701031 0.070866 0.128866
3 0.228346 0.255155 0.068241 0.123711
50 0.860236 0.842784 0.069554 0.128866
47 0.480315 0.849227 0.377953 0.136598
8 0.612205 0.253866 0.069554 0.126289
37 0.821522 0.547680 0.068241 0.131443
26 0.970472 0.543814 0.061680 0.128866
10 0.133858 0.551546 0.068241 0.128866
34 0.859580 0.693299 0.068241 0.123711
13 0.248031 0.850515 0.068241 0.128866
7 0.536089 0.252577 0.066929 0.128866
44 0.026247 0.702320 0.049869 0.131443
12 0.896982 0.545103 0.066929 0.126289
33 0.631234 0.697165 0.070866 0.131443
51 0.422572 0.402062 0.068241 0.128866
45 0.047244 0.552835 0.091864 0.131443
49 0.083990 0.851804 0.091864 0.131443
9 0.687664 0.252577 0.068241 0.128866
40 0.784121 0.693299 0.069554 0.128866
39 0.954068 0.396907 0.068241 0.123711
4 0.306430 0.253866 0.066929 0.126289
