2 0.110645 0.416523 0.040645 0.053356
40 0.485484 0.595955 0.040645 0.052496
53 0.362258 0.477625 0.040645 0.053356
12 0.552258 0.537005 0.041290 0.053356
30 0.495161 0.522375 0.989032 0.469880
0 0.474194 0.417384 0.041290 0.053356
45 0.037419 0.537435 0.073548 0.054217
18 0.440968 0.596386 0.040645 0.053356
52 0.030968 0.476764 0.060645 0.053356
15 0.305484 0.598107 0.041935 0.053356
55 0.259677 0.598107 0.040645 0.053356
46 0.614516 0.595095 0.120645 0.052496
23 0.236129 0.537435 0.041290 0.052496
22 0.642581 0.506454 0.064516 0.114458
33 0.396129 0.597246 0.041290 0.053356
54 0.541290 0.477625 0.041290 0.053356
37 0.507742 0.537005 0.040000 0.053356
31 0.463548 0.536575 0.040645 0.052496
41 0.088065 0.477625 0.041935 0.055077
17 0.019032 0.416093 0.036774 0.052496
4 0.202258 0.416523 0.040645 0.053356
7 0.339677 0.417384 0.040645 0.053356
58 0.122581 0.599398 0.040000 0.054217
19 0.190645 0.538296 0.040645 0.054217
5 0.247742 0.416954 0.041290 0.052496
51 0.271290 0.477194 0.040645 0.054217
56 0.133548 0.477194 0.040000 0.054217
25 0.328065 0.537435 0.040645 0.052496
35 0.350968 0.598107 0.041290 0.053356
27 0.407742 0.477194 0.040000 0.052496
39 0.585484 0.475904 0.040645 0.053356
38 0.497097 0.477625 0.040645 0.053356
3 0.156129 0.416523 0.041290 0.053356
32 0.076452 0.598107 0.040645 0.055077
36 0.452581 0.477625 0.040645 0.053356
20 0.632258 0.416523 0.086452 0.053356
26 0.596452 0.536145 0.040645 0.053356
48 0.518710 0.417384 0.041290 0.053356
57 0.168065 0.598537 0.040645 0.054217
34 0.529677 0.595955 0.041290 0.052496
13 0.167742 0.658778 0.041290 0.054217
9 0.430000 0.417384 0.040645 0.053356
11 0.563548 0.416954 0.040645 0.052496
1 0.064839 0.416523 0.039355 0.053356
6 0.293871 0.416954 0.040645 0.052496
29 0.418710 0.537005 0.041290 0.053356
50 0.586452 0.656196 0.067097 0.054217
42 0.225161 0.477194 0.041290 0.054217
8 0.384516 0.417384 0.041290 0.053356
10 0.098710 0.537866 0.040000 0.053356
44 0.025161 0.598537 0.049032 0.054217
24 0.281935 0.537005 0.041290 0.053356
16 0.213548 0.598107 0.041290 0.053356
14 0.468065 0.655336 0.053548 0.054217
59 0.317097 0.478055 0.040645 0.054217
47 0.316452 0.657917 0.247097 0.055938
21 0.179355 0.477625 0.041290 0.055077
43 0.144839 0.537866 0.040645 0.053356
49 0.025806 0.659208 0.050323 0.053356
28 0.372903 0.536575 0.041290 0.052496
