46 0.830078 0.601471 0.144531 0.073529
36 0.631836 0.439706 0.050781 0.073529
51 0.413086 0.438971 0.048828 0.072059
52 0.125977 0.440441 0.076172 0.072059
1 0.167480 0.358088 0.047852 0.069118
2 0.221191 0.358088 0.049805 0.072059
21 0.303223 0.440441 0.049805 0.072059
55 0.399902 0.602941 0.049805 0.073529
4 0.331055 0.357353 0.048828 0.070588
44 0.117676 0.603676 0.063477 0.072059
30 0.495117 0.508824 0.824219 0.508824
15 0.454590 0.602941 0.051758 0.073529
10 0.207520 0.521324 0.047852 0.072059
37 0.700195 0.521324 0.048828 0.075000
49 0.172363 0.686765 0.067383 0.076471
3 0.275391 0.358088 0.050781 0.072059
18 0.618652 0.602206 0.049805 0.075000
57 0.289551 0.602941 0.049805 0.073529
13 0.289062 0.686029 0.050781 0.075000
6 0.439941 0.357353 0.049805 0.070588
32 0.179688 0.602941 0.050781 0.073529
12 0.754395 0.521324 0.047852 0.072059
31 0.645508 0.520588 0.048828 0.073529
53 0.522461 0.439706 0.048828 0.073529
9 0.603516 0.358088 0.050781 0.072059
59 0.467773 0.438971 0.048828 0.075000
28 0.536133 0.520588 0.048828 0.073529
5 0.385254 0.358088 0.049805 0.072059
16 0.344727 0.602941 0.050781 0.073529
25 0.480469 0.520588 0.050781 0.070588
48 0.711914 0.358088 0.048828 0.069118
8 0.549316 0.358088 0.049805 0.069118
19 0.316895 0.521324 0.049805 0.075000
40 0.673340 0.602206 0.049805 0.072059
17 0.112305 0.357353 0.048828 0.070588
7 0.495117 0.358088 0.048828 0.069118
50 0.729004 0.684559 0.051758 0.075000
56 0.249023 0.438971 0.048828 0.072059
43 0.262207 0.522059 0.049805 0.073529
38 0.686035 0.439706 0.049805 0.073529
34 0.727539 0.602206 0.050781 0.072059
29 0.590820 0.520588 0.048828 0.073529
20 0.847656 0.358824 0.103516 0.070588
54 0.740234 0.439706 0.048828 0.073529
23 0.371582 0.520588 0.049805 0.073529
24 0.426270 0.520588 0.047852 0.073529
39 0.793457 0.438971 0.049805 0.072059
42 0.358398 0.439706 0.048828 0.073529
22 0.863281 0.480147 0.074219 0.157353
11 0.766602 0.357353 0.048828 0.070588
14 0.619629 0.685294 0.051758 0.076471
33 0.563965 0.602941 0.051758 0.073529
41 0.193848 0.439706 0.051758 0.073529
45 0.133301 0.522059 0.090820 0.073529
26 0.807617 0.521324 0.048828 0.072059
35 0.509277 0.602941 0.049805 0.073529
47 0.456055 0.687500 0.273438 0.077941
0 0.657715 0.357353 0.049805 0.070588
58 0.235352 0.603676 0.048828 0.072059
27 0.577148 0.438971 0.048828 0.072059
