39 0.681213 0.369703 0.047337 0.141949
4 0.235207 0.220339 0.045858 0.135593
49 0.085059 0.824153 0.060651 0.135593
33 0.456731 0.675847 0.048077 0.139831
7 0.390902 0.218220 0.046598 0.135593
21 0.208580 0.371822 0.047337 0.137712
6 0.338757 0.220339 0.047337 0.135593
57 0.195266 0.674788 0.045858 0.137712
1 0.080991 0.220339 0.045118 0.135593
20 0.733728 0.218220 0.100592 0.135593
35 0.404586 0.676907 0.047337 0.137712
34 0.615754 0.675847 0.048077 0.139831
41 0.105769 0.370763 0.047337 0.139831
12 0.642751 0.525424 0.048817 0.139831
55 0.299186 0.673729 0.046598 0.139831
45 0.048077 0.522246 0.082840 0.133475
32 0.092456 0.671610 0.045858 0.139831
18 0.510355 0.675847 0.047337 0.144068
47 0.353180 0.828390 0.258136 0.139831
43 0.170118 0.522246 0.045858 0.137712
44 0.034393 0.672669 0.058432 0.133475
15 0.352071 0.672669 0.047337 0.141949
11 0.654586 0.217161 0.047337 0.137712
52 0.042899 0.371822 0.069527 0.133475
48 0.602071 0.219280 0.047337 0.133475
38 0.575814 0.371822 0.048077 0.141949
3 0.183062 0.221398 0.046598 0.133475
22 0.749260 0.448093 0.073964 0.294492
40 0.562870 0.673729 0.047337 0.139831
56 0.157175 0.370763 0.046598 0.139831
53 0.417160 0.371822 0.047337 0.141949
9 0.496302 0.219280 0.047337 0.137712
58 0.144231 0.673729 0.045858 0.135593
26 0.694896 0.524364 0.046598 0.137712
16 0.247041 0.673729 0.047337 0.139831
59 0.365015 0.370763 0.046598 0.144068
27 0.470784 0.370763 0.046598 0.139831
8 0.443787 0.221398 0.047337 0.133475
54 0.628328 0.371822 0.048077 0.146186
10 0.118713 0.523305 0.045118 0.135593
28 0.430104 0.522246 0.046598 0.133475
23 0.272929 0.522246 0.045858 0.133475
50 0.616124 0.831568 0.048817 0.137712
0 0.549186 0.220339 0.048077 0.135593
37 0.589127 0.524364 0.048077 0.137712
17 0.030325 0.221398 0.042899 0.133475
19 0.221154 0.524364 0.045858 0.137712
29 0.483358 0.523305 0.048077 0.139831
13 0.194527 0.827331 0.045858 0.137712
42 0.260725 0.371822 0.046598 0.137712
5 0.286982 0.221398 0.047337 0.133475
31 0.536243 0.522246 0.047337 0.137712
46 0.715976 0.674788 0.142012 0.137712
2 0.132396 0.221398 0.045858 0.133475
36 0.522559 0.370763 0.048077 0.144068
51 0.312500 0.370763 0.046598 0.139831
25 0.377959 0.522246 0.047337 0.133475
30 0.500740 0.498941 0.995562 0.972458
14 0.510355 0.831568 0.047337 0.137712
24 0.325074 0.521186 0.045118 0.135593
