29 0.600938 0.515192 0.051875 0.105680
22 0.891250 0.448481 0.085000 0.233818
8 0.555937 0.271466 0.053125 0.107001
4 0.323437 0.269485 0.053125 0.108322
53 0.528125 0.394980 0.051250 0.108322
14 0.631563 0.758256 0.054375 0.108322
17 0.080937 0.266843 0.053125 0.110964
55 0.399062 0.639366 0.053125 0.108322
47 0.456875 0.762880 0.290000 0.114927
45 0.105938 0.519815 0.101875 0.112285
51 0.413125 0.394980 0.052500 0.105680
56 0.233125 0.392338 0.053750 0.110964
7 0.499375 0.271466 0.051250 0.107001
3 0.262500 0.269485 0.055000 0.108322
33 0.571875 0.636063 0.052500 0.107001
46 0.857500 0.628798 0.156250 0.108322
10 0.189062 0.518494 0.053125 0.109643
54 0.759687 0.389696 0.053125 0.108322
34 0.747812 0.633421 0.053125 0.107001
2 0.202500 0.268824 0.055000 0.107001
15 0.457188 0.638705 0.053125 0.107001
16 0.340000 0.642668 0.055000 0.107001
50 0.749375 0.758256 0.055000 0.110964
40 0.689063 0.632761 0.053125 0.105680
9 0.613750 0.270145 0.052500 0.107001
20 0.873437 0.266182 0.110625 0.107001
26 0.832187 0.507926 0.050625 0.104359
36 0.643125 0.391678 0.052500 0.107001
35 0.514687 0.638045 0.053125 0.105680
0 0.671562 0.268164 0.053125 0.105680
48 0.729375 0.266843 0.052500 0.103038
58 0.219375 0.645310 0.053750 0.109643
1 0.142500 0.268824 0.053750 0.109643
52 0.097187 0.394980 0.085625 0.110964
57 0.279687 0.643329 0.053125 0.108322
44 0.090938 0.645310 0.069375 0.112285
41 0.173125 0.396301 0.055000 0.110964
25 0.485625 0.515852 0.052500 0.104359
5 0.382500 0.270145 0.053750 0.107001
21 0.292812 0.394980 0.054375 0.110964
24 0.427187 0.515852 0.050625 0.107001
31 0.658750 0.513210 0.052500 0.107001
12 0.776250 0.510568 0.052500 0.107001
18 0.630313 0.634742 0.053125 0.107001
11 0.786875 0.265522 0.050000 0.103038
59 0.470938 0.395641 0.051875 0.107001
49 0.151875 0.771466 0.071250 0.110964
37 0.717187 0.512550 0.053125 0.108322
27 0.585938 0.392999 0.050625 0.104359
42 0.354063 0.395641 0.054375 0.109643
28 0.542500 0.515192 0.051250 0.105680
38 0.701562 0.389696 0.053125 0.105680
13 0.278438 0.768164 0.054375 0.109643
19 0.309063 0.518494 0.054375 0.109643
30 0.495000 0.496037 0.895000 0.780713
39 0.816875 0.386394 0.051250 0.107001
32 0.159375 0.645310 0.053750 0.109643
43 0.249062 0.519155 0.054375 0.110964
6 0.440937 0.270806 0.053125 0.108322
23 0.368750 0.517173 0.053750 0.107001
