36 0.441958 0.496245 0.033566 0.059013
46 0.608392 0.632511 0.111888 0.059013
59 0.304545 0.497318 0.032867 0.059013
12 0.544056 0.564914 0.032168 0.059013
5 0.232867 0.426502 0.034965 0.061159
27 0.396503 0.497854 0.032168 0.057940
16 0.200000 0.638412 0.033566 0.057940
28 0.362238 0.567060 0.032168 0.059013
58 0.107343 0.640558 0.032867 0.057940
51 0.257692 0.497318 0.031469 0.059013
10 0.084266 0.569742 0.032867 0.060086
22 0.636713 0.529506 0.055245 0.129828
34 0.523077 0.634120 0.032168 0.057940
30 0.500699 0.517167 1.000000 0.530043
29 0.409091 0.565987 0.032168 0.059013
55 0.246853 0.637339 0.033566 0.057940
26 0.589860 0.564914 0.032867 0.059013
3 0.140909 0.429721 0.034266 0.063305
19 0.177273 0.569742 0.032867 0.060086
7 0.328322 0.428112 0.035664 0.062232
49 0.022028 0.713519 0.042657 0.062232
40 0.476573 0.635730 0.034266 0.059013
25 0.317133 0.567060 0.034266 0.059013
41 0.072378 0.501073 0.034266 0.060086
1 0.048252 0.431330 0.034965 0.060086
8 0.373427 0.429185 0.034965 0.062232
54 0.532867 0.494635 0.032168 0.060086
31 0.454196 0.565987 0.032867 0.059013
56 0.118881 0.499464 0.033566 0.061159
9 0.419930 0.427575 0.035664 0.063305
0 0.465734 0.427039 0.034965 0.062232
38 0.487413 0.495708 0.032168 0.057940
24 0.270280 0.567060 0.032867 0.059013
2 0.094056 0.430794 0.034266 0.061159
20 0.624126 0.424356 0.080420 0.061159
17 0.009790 0.432403 0.018182 0.057940
35 0.339860 0.636266 0.033566 0.057940
14 0.459790 0.705472 0.045455 0.061159
48 0.509441 0.425966 0.035664 0.062232
42 0.211189 0.497318 0.033566 0.059013
57 0.153497 0.639485 0.032867 0.057940
53 0.350699 0.497318 0.034266 0.059013
45 0.022727 0.572961 0.044056 0.060086
44 0.016084 0.643240 0.030769 0.056867
15 0.293357 0.636803 0.034266 0.056867
18 0.431818 0.635730 0.034266 0.059013
13 0.136014 0.711910 0.045455 0.059013
6 0.280070 0.427575 0.035664 0.061159
50 0.637063 0.703863 0.060140 0.060086
37 0.498951 0.565451 0.032867 0.060086
39 0.577972 0.495172 0.032867 0.061159
43 0.130070 0.569742 0.033566 0.060086
52 0.021678 0.501609 0.041958 0.059013
33 0.385664 0.635730 0.034266 0.059013
11 0.555944 0.425429 0.033566 0.059013
32 0.061538 0.641631 0.034965 0.060086
21 0.164685 0.499464 0.032867 0.061159
4 0.186713 0.427575 0.033566 0.061159
23 0.223427 0.567597 0.032867 0.057940
47 0.299650 0.709764 0.258042 0.065451
