3 0.208392 0.184495 0.046154 0.066106
41 0.111189 0.259014 0.047552 0.068510
56 0.160490 0.258413 0.045455 0.067308
20 0.708741 0.183293 0.062238 0.066106
16 0.250699 0.412861 0.048252 0.070913
30 0.475175 0.328125 0.934965 0.487981
7 0.404895 0.183293 0.044755 0.066106
32 0.097552 0.412260 0.048252 0.072115
43 0.175524 0.335337 0.046154 0.069712
47 0.351748 0.495793 0.254545 0.082933
33 0.454545 0.412260 0.047552 0.072115
24 0.326573 0.334135 0.046154 0.069712
51 0.310490 0.258413 0.044755 0.067308
59 0.360490 0.259014 0.045455 0.068510
55 0.302098 0.412861 0.047552 0.070913
54 0.609441 0.259014 0.045455 0.068510
48 0.601748 0.183894 0.045455 0.064904
21 0.210490 0.258413 0.046154 0.067308
46 0.695455 0.410457 0.109790 0.070913
6 0.355594 0.183293 0.045455 0.066106
53 0.410140 0.258413 0.045455 0.067308
37 0.578322 0.334135 0.046154 0.069712
5 0.305944 0.183894 0.045455 0.064904
29 0.477972 0.334135 0.046853 0.069712
39 0.658741 0.257812 0.046154 0.068510
22 0.716434 0.296274 0.059441 0.145433
1 0.109091 0.183894 0.044755 0.067308
11 0.650350 0.183293 0.044755 0.066106
10 0.125175 0.335337 0.046154 0.069712
38 0.559790 0.258413 0.045455 0.067308
40 0.556643 0.412260 0.047552 0.069712
58 0.148951 0.413462 0.047552 0.072115
9 0.503497 0.183293 0.046154 0.066106
35 0.403497 0.412861 0.047552 0.070913
34 0.609790 0.412260 0.054545 0.069712
27 0.460140 0.258413 0.044755 0.067308
50 0.558042 0.495192 0.048951 0.081731
44 0.046853 0.411659 0.050350 0.068510
36 0.509441 0.257812 0.045455 0.068510
18 0.505594 0.412260 0.047552 0.069712
52 0.057692 0.258413 0.052448 0.067308
8 0.453497 0.183293 0.045455 0.066106
14 0.505944 0.494591 0.048252 0.082933
49 0.041259 0.496394 0.050350 0.084135
31 0.528671 0.334135 0.046154 0.069712
25 0.377273 0.334736 0.046853 0.068510
12 0.629021 0.334135 0.046853 0.069712
2 0.158741 0.183894 0.046154 0.067308
26 0.679371 0.333534 0.046853 0.068510
13 0.195804 0.496394 0.048951 0.084135
19 0.225874 0.335337 0.046154 0.069712
42 0.260839 0.259014 0.046154 0.066106
15 0.352797 0.412861 0.048252 0.070913
45 0.062238 0.334736 0.071329 0.068510
57 0.200000 0.413462 0.047552 0.069712
0 0.552098 0.183293 0.046853 0.066106
4 0.256993 0.183293 0.044056 0.066106
17 0.059441 0.183894 0.046154 0.064904
28 0.427273 0.334135 0.046154 0.069712
23 0.276224 0.334736 0.046154 0.068510
