17 0.043457 0.181250 0.043945 0.091667
14 0.523926 0.629167 0.041992 0.100000
52 0.053711 0.292708 0.072266 0.097917
29 0.501953 0.408333 0.046875 0.095833
33 0.474121 0.516667 0.047852 0.100000
1 0.095703 0.182292 0.044922 0.093750
50 0.618652 0.631250 0.041992 0.100000
21 0.223633 0.290625 0.048828 0.097917
15 0.369141 0.517708 0.048828 0.097917
0 0.565430 0.190625 0.046875 0.093750
22 0.744629 0.353125 0.067383 0.210417
57 0.207031 0.515625 0.048828 0.097917
43 0.181641 0.403125 0.046875 0.097917
48 0.617676 0.190625 0.045898 0.093750
41 0.118164 0.292708 0.046875 0.097917
45 0.057617 0.403125 0.085938 0.097917
16 0.260742 0.515625 0.048828 0.097917
34 0.632324 0.516667 0.047852 0.095833
20 0.738281 0.189583 0.078125 0.095833
23 0.289551 0.404167 0.047852 0.095833
37 0.605469 0.408333 0.046875 0.095833
51 0.331543 0.293750 0.047852 0.095833
6 0.358398 0.184375 0.046875 0.093750
3 0.198730 0.182292 0.047852 0.093750
2 0.146973 0.182292 0.045898 0.093750
10 0.129395 0.402083 0.045898 0.100000
27 0.488770 0.296875 0.045898 0.093750
9 0.514648 0.189583 0.046875 0.095833
36 0.540039 0.297917 0.044922 0.095833
12 0.654297 0.406250 0.041016 0.095833
7 0.411621 0.186458 0.045898 0.093750
44 0.040527 0.515625 0.059570 0.097917
4 0.251953 0.182292 0.046875 0.093750
28 0.449219 0.406250 0.044922 0.095833
26 0.699219 0.406250 0.039062 0.095833
11 0.669922 0.188542 0.044922 0.093750
24 0.343262 0.405208 0.045898 0.097917
58 0.153320 0.515625 0.046875 0.097917
5 0.304688 0.182292 0.046875 0.093750
39 0.685059 0.297917 0.040039 0.095833
19 0.235840 0.404167 0.047852 0.100000
32 0.100586 0.514583 0.046875 0.100000
47 0.366699 0.631250 0.264648 0.104167
54 0.640625 0.297917 0.039062 0.095833
25 0.396484 0.405208 0.046875 0.093750
55 0.315918 0.515625 0.047852 0.097917
8 0.462891 0.189583 0.046875 0.095833
31 0.553711 0.408333 0.044922 0.095833
53 0.436523 0.297917 0.044922 0.095833
40 0.580078 0.516667 0.046875 0.095833
49 0.090820 0.630208 0.062500 0.102083
56 0.170410 0.290625 0.045898 0.097917
13 0.204102 0.630208 0.048828 0.102083
35 0.421875 0.516667 0.046875 0.095833
59 0.384277 0.294792 0.045898 0.097917
46 0.722168 0.516667 0.120117 0.100000
18 0.526855 0.516667 0.045898 0.095833
38 0.592285 0.297917 0.045898 0.095833
42 0.277832 0.293750 0.047852 0.095833
30 0.499023 0.393750 0.984375 0.712500
