47 0.463705 0.596033 0.326658 0.114823
15 0.462453 0.478079 0.056320 0.091858
23 0.365457 0.372651 0.057572 0.089770
24 0.429912 0.373695 0.056320 0.091858
26 0.876095 0.374739 0.047559 0.093946
56 0.217146 0.265136 0.056320 0.091858
6 0.446183 0.160752 0.058824 0.091858
28 0.559449 0.372651 0.057572 0.089770
42 0.349186 0.267223 0.057572 0.091858
48 0.776596 0.160752 0.058824 0.091858
2 0.184606 0.160752 0.058824 0.091858
11 0.842303 0.160752 0.057572 0.091858
50 0.769086 0.599165 0.048811 0.112735
40 0.726533 0.481211 0.058824 0.093946
59 0.479349 0.267223 0.057572 0.091858
34 0.792240 0.482255 0.060075 0.096033
30 0.501252 0.354906 0.964956 0.676409
37 0.759074 0.375783 0.058824 0.096033
45 0.079474 0.374739 0.106383 0.093946
29 0.626408 0.373695 0.058824 0.091858
39 0.859199 0.269311 0.048811 0.096033
27 0.609512 0.265136 0.057572 0.091858
14 0.655820 0.599165 0.050063 0.112735
33 0.592616 0.481211 0.058824 0.093946
18 0.658949 0.481211 0.058824 0.093946
51 0.414268 0.266180 0.057572 0.089770
25 0.493742 0.374739 0.058824 0.089770
43 0.234043 0.373695 0.057572 0.091858
16 0.332916 0.480167 0.057572 0.091858
35 0.526909 0.478079 0.057572 0.091858
52 0.071965 0.268267 0.088861 0.093946
46 0.901126 0.481211 0.145181 0.098121
21 0.283479 0.267223 0.058824 0.091858
4 0.316020 0.159708 0.056320 0.089770
32 0.137672 0.478079 0.057572 0.091858
20 0.927409 0.162839 0.092616 0.096033
55 0.397372 0.478079 0.056320 0.087683
44 0.063830 0.478079 0.072591 0.091858
1 0.121402 0.160752 0.055069 0.091858
7 0.511264 0.160752 0.056320 0.091858
0 0.709637 0.160752 0.060075 0.091858
36 0.675219 0.266180 0.061327 0.093946
58 0.202128 0.480167 0.056320 0.091858
54 0.804130 0.269311 0.048811 0.096033
17 0.055695 0.159708 0.056320 0.089770
57 0.267209 0.480167 0.056320 0.091858
5 0.380476 0.160752 0.057572 0.091858
19 0.299750 0.374739 0.056320 0.089770
49 0.127660 0.594990 0.077597 0.108559
41 0.152691 0.267223 0.057572 0.091858
13 0.265957 0.596033 0.058824 0.110647
38 0.742804 0.268267 0.058824 0.093946
3 0.249687 0.160752 0.058824 0.087683
31 0.692741 0.374739 0.058824 0.093946
8 0.576971 0.160752 0.057572 0.091858
10 0.169587 0.371608 0.056320 0.091858
53 0.543805 0.267223 0.056320 0.091858
9 0.642678 0.160752 0.058824 0.091858
22 0.934293 0.322547 0.078849 0.206681
12 0.822278 0.376827 0.050063 0.093946
