9 0.472189 0.154618 0.068780 0.114458
33 0.409390 0.552711 0.072368 0.119478
51 0.201256 0.287149 0.067584 0.112450
38 0.591208 0.285141 0.072368 0.116466
21 0.051435 0.287651 0.066986 0.111446
56 0.016447 0.288655 0.031699 0.109438
54 0.671352 0.286145 0.073565 0.118474
57 0.028110 0.547189 0.055024 0.112450
29 0.450658 0.417671 0.069976 0.116466
41 0.013158 0.289157 0.025120 0.110442
37 0.611244 0.420181 0.072967 0.119478
30 0.466806 0.419177 0.932416 0.836345
40 0.571172 0.552711 0.074163 0.117470
5 0.167464 0.159137 0.065789 0.109438
18 0.490431 0.552209 0.072967 0.118474
8 0.394139 0.156627 0.068182 0.110442
27 0.432117 0.284639 0.068780 0.113454
43 0.017045 0.416667 0.032895 0.112450
6 0.242225 0.158635 0.066986 0.110442
34 0.652512 0.555221 0.075359 0.120482
55 0.175538 0.549197 0.068780 0.114458
53 0.354366 0.286647 0.068780 0.115462
12 0.693481 0.419177 0.074761 0.119478
15 0.252093 0.551205 0.068780 0.116466
7 0.317883 0.157129 0.066388 0.109438
35 0.330144 0.551707 0.070574 0.117470
2 0.016148 0.165161 0.031100 0.105422
58 0.016746 0.544177 0.032297 0.112450
59 0.278110 0.286647 0.068182 0.115462
20 0.831340 0.151606 0.156699 0.120482
28 0.372010 0.418173 0.069378 0.119478
13 0.026316 0.680221 0.051435 0.117470
23 0.140251 0.416667 0.068780 0.114458
22 0.857356 0.353414 0.123804 0.263052
0 0.550837 0.154116 0.070574 0.115462
36 0.510766 0.285643 0.071770 0.117470
46 0.808911 0.554719 0.223086 0.121486
50 0.653110 0.695783 0.076555 0.122490
25 0.293361 0.416165 0.069976 0.113454
16 0.098385 0.548193 0.069976 0.114458
48 0.630084 0.152610 0.072368 0.114458
11 0.709629 0.150602 0.069976 0.114458
39 0.751196 0.283133 0.072967 0.116466
26 0.773923 0.418173 0.072967 0.117470
24 0.216806 0.416165 0.066388 0.113454
4 0.093002 0.160141 0.065191 0.107430
42 0.125000 0.287651 0.066986 0.111446
31 0.530801 0.418173 0.071172 0.119478
14 0.488935 0.692269 0.073565 0.121486
19 0.064892 0.417169 0.067584 0.113454
47 0.252691 0.685743 0.391746 0.124498
3 0.026914 0.163153 0.052632 0.107430
10 0.015849 0.416165 0.030502 0.111446
