51 0.321085 0.358059 0.047390 0.062271
38 0.581731 0.359432 0.046703 0.061355
35 0.413462 0.497253 0.046703 0.060440
6 0.346497 0.288004 0.047390 0.061355
29 0.491071 0.428571 0.046703 0.060440
18 0.516827 0.497253 0.046016 0.060440
14 0.514423 0.566850 0.041209 0.060440
28 0.439217 0.428114 0.046016 0.061355
34 0.620192 0.496795 0.048077 0.059524
22 0.734890 0.392857 0.067308 0.133700
47 0.360577 0.567308 0.258242 0.063187
15 0.360920 0.497711 0.047390 0.059524
16 0.255151 0.497711 0.048764 0.061355
27 0.478022 0.359432 0.045330 0.061355
46 0.709821 0.496795 0.118819 0.061355
53 0.425824 0.359890 0.046703 0.062271
39 0.675137 0.358059 0.039835 0.062271
21 0.214629 0.357601 0.048764 0.061355
36 0.529533 0.359890 0.046703 0.062271
57 0.202610 0.497711 0.046703 0.061355
33 0.464973 0.498168 0.048077 0.060440
10 0.122596 0.427198 0.048764 0.061355
59 0.373970 0.358974 0.047390 0.062271
17 0.026099 0.284799 0.046703 0.060440
24 0.334135 0.427656 0.046016 0.060440
58 0.150069 0.497711 0.047390 0.061355
12 0.642857 0.427656 0.039835 0.060440
54 0.630151 0.358974 0.040522 0.062271
26 0.687843 0.427656 0.039148 0.060440
44 0.035027 0.497253 0.061813 0.060440
25 0.387019 0.427198 0.047390 0.059524
49 0.089973 0.568223 0.063187 0.061355
32 0.096497 0.496795 0.048764 0.061355
50 0.606113 0.567308 0.041896 0.061355
55 0.308379 0.497253 0.046703 0.060440
43 0.175481 0.428114 0.048764 0.061355
5 0.293956 0.287546 0.048077 0.060440
52 0.040179 0.356685 0.074863 0.061355
1 0.080014 0.285256 0.047390 0.061355
9 0.503777 0.289835 0.047390 0.061355
4 0.240728 0.286630 0.047390 0.060440
41 0.107486 0.356685 0.050137 0.063187
48 0.607830 0.289377 0.046703 0.060440
31 0.542582 0.428571 0.045330 0.060440
40 0.568681 0.496795 0.046703 0.059524
13 0.202610 0.567308 0.048077 0.061355
42 0.267514 0.358059 0.048764 0.062271
7 0.400069 0.288919 0.046016 0.061355
11 0.660371 0.288462 0.046016 0.060440
37 0.594437 0.429029 0.047390 0.061355
45 0.048420 0.427198 0.089973 0.061355
19 0.228022 0.428114 0.048077 0.061355
30 0.492788 0.438645 0.984203 0.490842
56 0.161401 0.357143 0.048077 0.062271
2 0.133242 0.286172 0.048077 0.061355
23 0.281593 0.427198 0.048077 0.061355
8 0.451236 0.289835 0.046703 0.061355
3 0.187157 0.286630 0.048764 0.062271
20 0.730082 0.288462 0.078297 0.062271
0 0.555288 0.289835 0.047390 0.061355
