49 0.086875 0.658750 0.062500 0.070833
16 0.249062 0.588333 0.046875 0.060000
46 0.699063 0.590833 0.138125 0.060000
4 0.247500 0.395000 0.043750 0.056667
38 0.563125 0.461250 0.043750 0.055833
35 0.400313 0.589167 0.045625 0.060000
1 0.105625 0.396667 0.041250 0.053333
56 0.170937 0.457917 0.044375 0.057500
2 0.151875 0.395000 0.045000 0.056667
21 0.219688 0.459167 0.045625 0.056667
34 0.601250 0.590000 0.046250 0.058333
6 0.344687 0.396250 0.044375 0.055833
47 0.346562 0.660417 0.253125 0.074167
29 0.476562 0.523750 0.044375 0.057500
25 0.376875 0.522917 0.045000 0.055833
17 0.057813 0.395000 0.044375 0.055000
59 0.367812 0.460417 0.044375 0.055833
13 0.192500 0.658750 0.047500 0.069167
28 0.427187 0.523333 0.044375 0.058333
22 0.727500 0.495000 0.072500 0.125000
44 0.042500 0.587500 0.058750 0.056667
41 0.122813 0.458750 0.044375 0.057500
26 0.676562 0.525000 0.044375 0.056667
7 0.393750 0.397083 0.041250 0.054167
58 0.149688 0.588333 0.045625 0.060000
3 0.199687 0.395417 0.044375 0.055833
53 0.416563 0.460833 0.044375 0.056667
57 0.198750 0.588333 0.045000 0.060000
11 0.636250 0.397917 0.042500 0.054167
40 0.550625 0.590000 0.045000 0.058333
33 0.450313 0.589167 0.045625 0.060000
43 0.178437 0.522500 0.045625 0.058333
10 0.130625 0.522500 0.045000 0.056667
5 0.295312 0.395417 0.045625 0.055833
48 0.586875 0.397917 0.042500 0.052500
24 0.328125 0.523750 0.043750 0.057500
36 0.513437 0.460417 0.043125 0.055833
20 0.710313 0.398333 0.094375 0.055000
8 0.441563 0.397917 0.043125 0.054167
9 0.489687 0.397917 0.043125 0.054167
30 0.493125 0.518333 0.977500 0.403333
42 0.269375 0.460000 0.045000 0.056667
39 0.662188 0.460417 0.044375 0.055833
12 0.626250 0.525417 0.045000 0.057500
0 0.537188 0.397917 0.043125 0.054167
23 0.278125 0.523750 0.045000 0.057500
14 0.499688 0.660417 0.046875 0.070833
18 0.500625 0.589583 0.045000 0.059167
27 0.465625 0.460417 0.043750 0.055833
55 0.300000 0.589167 0.045000 0.060000
45 0.062812 0.522500 0.083125 0.056667
51 0.318437 0.460000 0.044375 0.055000
15 0.349375 0.588750 0.046250 0.059167
52 0.063437 0.457917 0.068125 0.057500
37 0.575625 0.525417 0.043750 0.057500
50 0.602187 0.662500 0.046875 0.070000
32 0.100312 0.587917 0.045625 0.059167
54 0.612187 0.461667 0.044375 0.056667
19 0.228125 0.523333 0.045000 0.058333
31 0.525625 0.524583 0.043750 0.057500
