51 0.290355 0.475556 0.040609 0.088889
23 0.262944 0.581111 0.040609 0.086667
14 0.502030 0.708889 0.053807 0.088889
44 0.070558 0.735556 0.049746 0.088889
27 0.422843 0.435556 0.041624 0.088889
31 0.484264 0.516667 0.040609 0.086667
49 0.077157 0.830000 0.052792 0.091111
3 0.174619 0.411111 0.042640 0.088889
30 0.500000 0.492222 0.997970 0.975556
19 0.219289 0.593333 0.040609 0.088889
42 0.246193 0.488889 0.041624 0.088889
48 0.527919 0.306667 0.042640 0.088889
11 0.572081 0.291111 0.041624 0.088889
24 0.307107 0.570000 0.041624 0.086667
28 0.395939 0.543333 0.040609 0.086667
45 0.075635 0.636667 0.072081 0.095556
40 0.512690 0.607778 0.040609 0.086667
57 0.204061 0.696667 0.040609 0.086667
39 0.600508 0.383333 0.041624 0.091111
17 0.045685 0.450000 0.038579 0.086667
0 0.483756 0.318889 0.041624 0.091111
59 0.335025 0.462222 0.040609 0.088889
20 0.640102 0.273333 0.086294 0.097778
4 0.217766 0.397778 0.041624 0.088889
35 0.380203 0.645556 0.041624 0.086667
47 0.354315 0.755556 0.239594 0.146667
15 0.336041 0.658889 0.042640 0.086667
6 0.306091 0.372222 0.041624 0.091111
5 0.261421 0.384444 0.041624 0.088889
9 0.439086 0.332222 0.041624 0.091111
36 0.467513 0.424444 0.041624 0.088889
13 0.211168 0.793333 0.042640 0.088889
43 0.175635 0.607778 0.042640 0.086667
55 0.291371 0.671111 0.040609 0.084444
8 0.394924 0.345556 0.042640 0.091111
52 0.062944 0.543333 0.058883 0.095556
53 0.378680 0.450000 0.040609 0.091111
12 0.573096 0.490000 0.041624 0.086667
34 0.556853 0.594444 0.041624 0.086667
54 0.555838 0.396667 0.041624 0.091111
1 0.087817 0.436667 0.041624 0.091111
58 0.160406 0.710000 0.040609 0.086667
22 0.658883 0.413333 0.069036 0.186667
38 0.511675 0.408889 0.040609 0.088889
50 0.618274 0.675556 0.067005 0.093333
41 0.115736 0.526667 0.042640 0.088889
32 0.118274 0.722222 0.041624 0.088889
37 0.528934 0.504444 0.040609 0.088889
56 0.159391 0.513333 0.040609 0.088889
10 0.133503 0.620000 0.039594 0.088889
2 0.131472 0.423333 0.041624 0.086667
26 0.616751 0.477778 0.041624 0.088889
33 0.423858 0.633333 0.041624 0.088889
46 0.640609 0.568889 0.117766 0.102222
16 0.247716 0.684444 0.040609 0.088889
25 0.351269 0.556667 0.040609 0.086667
29 0.440609 0.530000 0.040609 0.086667
18 0.468528 0.621111 0.041624 0.086667
21 0.203046 0.501111 0.042640 0.091111
7 0.350761 0.358889 0.041624 0.091111
