1 0.069753 0.206522 0.062963 0.118357
59 0.467901 0.345411 0.064198 0.120773
46 0.925309 0.615942 0.151852 0.125604
14 0.666049 0.759662 0.065432 0.118357
53 0.539506 0.345411 0.064198 0.120773
57 0.233333 0.624396 0.064198 0.123188
35 0.522222 0.620773 0.064198 0.120773
28 0.556790 0.481884 0.061728 0.118357
19 0.269136 0.486715 0.064198 0.123188
55 0.377778 0.621981 0.064198 0.123188
17 0.016667 0.206522 0.030864 0.118357
23 0.340741 0.485507 0.064198 0.120773
43 0.196296 0.486715 0.066667 0.123188
24 0.412963 0.484300 0.062963 0.123188
15 0.449383 0.620773 0.066667 0.120773
5 0.358025 0.205314 0.064198 0.120773
18 0.664198 0.619565 0.064198 0.123188
52 0.033333 0.345411 0.064198 0.120773
0 0.717284 0.204106 0.064198 0.118357
2 0.141975 0.207729 0.064198 0.120773
54 0.824691 0.341787 0.064198 0.123188
29 0.629012 0.481884 0.062963 0.123188
6 0.430247 0.206522 0.065432 0.118357
41 0.106173 0.346618 0.069136 0.123188
58 0.161111 0.625604 0.065432 0.120773
27 0.611728 0.342995 0.062963 0.115942
31 0.701235 0.480676 0.061728 0.120773
48 0.788889 0.204106 0.064198 0.118357
22 0.969753 0.411836 0.062963 0.263285
11 0.859259 0.202899 0.061728 0.115942
16 0.304938 0.624396 0.066667 0.123188
36 0.682099 0.341787 0.065432 0.123188
56 0.179012 0.345411 0.064198 0.120773
30 0.501235 0.464976 1.000000 0.876812
25 0.484568 0.481884 0.065432 0.118357
20 0.951235 0.204106 0.100000 0.123188
38 0.753086 0.342995 0.064198 0.120773
21 0.250000 0.347826 0.065432 0.120773
42 0.323457 0.345411 0.064198 0.120773
32 0.087654 0.625604 0.066667 0.120773
3 0.213580 0.207729 0.064198 0.115942
50 0.808025 0.758454 0.065432 0.120773
47 0.450617 0.764493 0.355556 0.128019
8 0.574691 0.206522 0.065432 0.118357
37 0.771605 0.481884 0.064198 0.123188
26 0.913580 0.478261 0.061728 0.120773
10 0.124691 0.485507 0.064198 0.120773
34 0.807407 0.618357 0.064198 0.115942
13 0.232099 0.765700 0.064198 0.120773
7 0.503086 0.205314 0.062963 0.120773
44 0.024074 0.626812 0.045679 0.123188
12 0.842593 0.479469 0.062963 0.118357
33 0.592593 0.621981 0.066667 0.123188
51 0.396296 0.345411 0.064198 0.120773
45 0.043827 0.486715 0.085185 0.123188
49 0.077778 0.766908 0.086420 0.123188
9 0.645679 0.205314 0.064198 0.120773
40 0.736420 0.618357 0.065432 0.120773
39 0.896296 0.340580 0.064198 0.115942
4 0.287037 0.206522 0.062963 0.118357
