10 0.165119 0.309629 0.057029 0.064488
37 0.724469 0.316254 0.056366 0.063604
36 0.643236 0.242933 0.054377 0.061837
49 0.106101 0.465548 0.080902 0.072438
3 0.254642 0.168728 0.054377 0.058304
0 0.670093 0.173145 0.053714 0.058304
42 0.340849 0.239841 0.054377 0.060954
45 0.077918 0.309187 0.106764 0.065371
43 0.227122 0.310954 0.056366 0.063604
12 0.786804 0.316696 0.056366 0.064488
54 0.765252 0.243816 0.054377 0.061837
51 0.401525 0.240724 0.053714 0.060954
40 0.697281 0.390459 0.057692 0.067138
17 0.075597 0.167403 0.054377 0.057420
46 0.880968 0.391343 0.173077 0.068905
19 0.289788 0.311837 0.055703 0.065371
4 0.314324 0.169170 0.051724 0.059187
55 0.379973 0.388251 0.057029 0.066254
31 0.662467 0.315371 0.054377 0.063604
47 0.441976 0.469523 0.322944 0.073322
41 0.157162 0.237633 0.057029 0.061837
11 0.788462 0.174028 0.053050 0.060071
20 0.877984 0.175353 0.115385 0.060954
24 0.413462 0.313163 0.053714 0.064488
52 0.080570 0.237191 0.086870 0.060954
34 0.760279 0.390459 0.059019 0.067138
32 0.124337 0.385159 0.059019 0.067138
15 0.443966 0.389576 0.057692 0.067138
38 0.704244 0.243375 0.054377 0.060954
5 0.373674 0.170053 0.052387 0.057420
48 0.728780 0.173587 0.053050 0.057420
50 0.766578 0.470848 0.061008 0.070671
8 0.551061 0.172703 0.053050 0.057420
56 0.218501 0.237633 0.055040 0.061837
30 0.496021 0.321555 0.990716 0.487633
58 0.188992 0.386042 0.058355 0.067138
57 0.252321 0.386484 0.057692 0.068021
21 0.278846 0.238516 0.055040 0.061837
18 0.633952 0.390459 0.057029 0.067138
44 0.051393 0.385601 0.076260 0.068021
33 0.569960 0.390459 0.057692 0.068905
1 0.135279 0.167403 0.053050 0.059187
2 0.194297 0.168286 0.054377 0.059187
39 0.824934 0.243375 0.054377 0.062721
27 0.583223 0.242049 0.053714 0.060071
6 0.432692 0.170936 0.052387 0.057420
35 0.506963 0.389576 0.056366 0.067138
28 0.537798 0.314046 0.054377 0.064488
16 0.316313 0.387809 0.058355 0.067138
26 0.848143 0.315813 0.055703 0.064488
14 0.636936 0.470406 0.059019 0.071555
9 0.610411 0.172703 0.053714 0.057420
22 0.907493 0.280035 0.100133 0.139576
23 0.351790 0.312279 0.055040 0.064488
53 0.522546 0.242049 0.054377 0.061837
7 0.492042 0.170936 0.051724 0.057420
29 0.600464 0.314929 0.055040 0.062721
13 0.245027 0.466431 0.060345 0.070671
59 0.462202 0.241166 0.054377 0.061837
25 0.476127 0.313604 0.055703 0.063604
