9 0.491218 0.260989 0.043326 0.060440
43 0.173302 0.408425 0.042155 0.065934
19 0.221897 0.408425 0.043326 0.065934
23 0.269906 0.407509 0.043326 0.064103
46 0.676230 0.479853 0.104215 0.065934
17 0.062061 0.266484 0.042155 0.060440
5 0.299180 0.262821 0.043326 0.060440
54 0.594262 0.334249 0.043326 0.064103
57 0.196721 0.481685 0.044496 0.065934
21 0.206674 0.334249 0.043326 0.064103
39 0.642857 0.334249 0.044496 0.064103
53 0.400468 0.334249 0.044496 0.064103
52 0.061475 0.336996 0.048009 0.062271
34 0.592506 0.480769 0.051522 0.064103
47 0.343677 0.561355 0.247073 0.078755
3 0.203747 0.263736 0.044496 0.062271
28 0.416276 0.406593 0.043326 0.065934
41 0.111241 0.336081 0.042155 0.064103
29 0.466042 0.406593 0.044496 0.065934
18 0.491803 0.479853 0.044496 0.065934
27 0.449063 0.333333 0.043326 0.062271
48 0.587237 0.261905 0.043326 0.062271
35 0.393443 0.480769 0.044496 0.064103
20 0.692623 0.261905 0.059719 0.062271
55 0.295082 0.480769 0.044496 0.064103
24 0.318501 0.407509 0.044496 0.064103
7 0.395785 0.262821 0.042155 0.060440
12 0.612412 0.406593 0.044496 0.065934
59 0.351874 0.334249 0.043326 0.064103
40 0.540984 0.479853 0.044496 0.065934
50 0.543326 0.562271 0.044496 0.076923
26 0.661007 0.406593 0.045667 0.065934
31 0.514637 0.406593 0.043326 0.065934
38 0.546253 0.333333 0.043326 0.062271
0 0.539813 0.261905 0.044496 0.062271
13 0.194379 0.560440 0.044496 0.076923
36 0.497658 0.332418 0.044496 0.064103
22 0.698478 0.369963 0.055035 0.139194
45 0.067330 0.408425 0.066745 0.065934
14 0.491803 0.560440 0.044496 0.076923
44 0.052693 0.480769 0.044496 0.064103
49 0.051522 0.564103 0.044496 0.076923
2 0.156323 0.264652 0.043326 0.060440
25 0.367681 0.406593 0.044496 0.065934
42 0.254684 0.335165 0.043326 0.062271
51 0.303864 0.334249 0.043326 0.064103
58 0.149297 0.480769 0.043326 0.064103
32 0.100117 0.480769 0.045667 0.064103
1 0.108899 0.265568 0.042155 0.062271
15 0.343677 0.480769 0.045667 0.067766
37 0.563232 0.406593 0.044496 0.065934
33 0.442037 0.479853 0.045667 0.065934
30 0.461358 0.397436 0.892272 0.450549
16 0.245902 0.481685 0.044496 0.065934
8 0.443208 0.261905 0.043326 0.062271
4 0.251756 0.263736 0.042155 0.062271
10 0.125293 0.408425 0.042155 0.065934
56 0.159251 0.335165 0.042155 0.062271
11 0.636417 0.261905 0.043326 0.062271
6 0.347190 0.262821 0.043326 0.060440
