17 0.025551 0.171674 0.045090 0.094421
14 0.518537 0.633047 0.043086 0.103004
52 0.037074 0.286481 0.072144 0.100858
29 0.495992 0.405579 0.048096 0.098712
33 0.467435 0.517167 0.049098 0.103004
1 0.079158 0.172747 0.046092 0.096567
50 0.615731 0.635193 0.043086 0.103004
21 0.210421 0.284335 0.050100 0.100858
15 0.359719 0.518240 0.050100 0.100858
0 0.561122 0.181330 0.048096 0.096567
22 0.744990 0.348712 0.069138 0.216738
57 0.193387 0.516094 0.050100 0.100858
43 0.167335 0.400215 0.048096 0.100858
48 0.614729 0.181330 0.047094 0.096567
41 0.102204 0.286481 0.048096 0.100858
45 0.042585 0.400215 0.083166 0.100858
16 0.248497 0.516094 0.050100 0.100858
34 0.629760 0.517167 0.049098 0.098712
20 0.738477 0.180258 0.080160 0.098712
23 0.278056 0.401288 0.049098 0.098712
37 0.602204 0.405579 0.048096 0.098712
51 0.321142 0.287554 0.049098 0.098712
6 0.348697 0.174893 0.048096 0.096567
3 0.184870 0.172747 0.049098 0.096567
2 0.131764 0.172747 0.047094 0.096567
10 0.113727 0.399142 0.047094 0.103004
27 0.482465 0.290773 0.047094 0.096567
9 0.509018 0.180258 0.048096 0.098712
36 0.535070 0.291845 0.046092 0.098712
12 0.652305 0.403433 0.042084 0.098712
7 0.403307 0.177039 0.047094 0.096567
44 0.027054 0.516094 0.052104 0.100858
4 0.239479 0.172747 0.048096 0.096567
28 0.441884 0.403433 0.046092 0.098712
26 0.698397 0.403433 0.040080 0.098712
11 0.668337 0.179185 0.046092 0.096567
24 0.333166 0.402361 0.047094 0.100858
58 0.138277 0.516094 0.048096 0.100858
5 0.293587 0.172747 0.048096 0.096567
39 0.683868 0.291845 0.041082 0.098712
19 0.222946 0.401288 0.049098 0.103004
32 0.084168 0.515021 0.048096 0.103004
47 0.357214 0.635193 0.271543 0.107296
54 0.638277 0.291845 0.040080 0.098712
25 0.387776 0.402361 0.048096 0.096567
55 0.305110 0.516094 0.049098 0.100858
8 0.455912 0.180258 0.048096 0.098712
31 0.549098 0.405579 0.046092 0.098712
53 0.428858 0.291845 0.046092 0.098712
40 0.576152 0.517167 0.048096 0.098712
49 0.074148 0.634120 0.064128 0.105150
56 0.155812 0.284335 0.047094 0.100858
13 0.190381 0.634120 0.050100 0.105150
35 0.413828 0.517167 0.048096 0.098712
59 0.375251 0.288627 0.047094 0.100858
46 0.721944 0.517167 0.123246 0.103004
18 0.521543 0.517167 0.047094 0.098712
38 0.588677 0.291845 0.047094 0.098712
42 0.266032 0.287554 0.049098 0.098712
30 0.499499 0.390558 0.996994 0.733906
