27 0.422500 0.493750 0.036250 0.045833
55 0.285000 0.602917 0.038750 0.049167
5 0.281875 0.442500 0.036250 0.045000
38 0.502500 0.493750 0.036250 0.047500
58 0.158750 0.604167 0.037500 0.050000
29 0.431250 0.546667 0.037500 0.048333
30 0.490938 0.546250 0.935625 0.424167
1 0.119688 0.442917 0.035625 0.045833
32 0.116875 0.603750 0.038750 0.050833
59 0.341250 0.495000 0.036250 0.046667
22 0.632812 0.519167 0.059375 0.101667
13 0.196875 0.659583 0.038750 0.050833
4 0.241563 0.442083 0.035625 0.045833
34 0.532500 0.600000 0.037500 0.050000
49 0.063750 0.660833 0.050000 0.051667
20 0.621250 0.440417 0.077500 0.045833
7 0.363125 0.441667 0.036250 0.046667
57 0.200625 0.603750 0.038750 0.049167
44 0.068437 0.604583 0.048125 0.049167
19 0.224375 0.548750 0.037500 0.049167
17 0.078125 0.442083 0.036250 0.044167
3 0.201250 0.442500 0.037500 0.046667
26 0.592812 0.545417 0.036875 0.047500
18 0.451250 0.601250 0.037500 0.049167
37 0.512188 0.546250 0.036875 0.047500
41 0.135313 0.495833 0.038125 0.048333
33 0.409687 0.601667 0.038125 0.050000
25 0.348750 0.547917 0.037500 0.047500
12 0.552500 0.546250 0.037500 0.049167
53 0.381563 0.494167 0.036875 0.046667
51 0.300000 0.495000 0.036250 0.046667
21 0.217812 0.495000 0.038125 0.048333
35 0.368437 0.602083 0.038125 0.049167
47 0.334375 0.658750 0.230000 0.052500
31 0.471875 0.546250 0.036250 0.047500
54 0.542188 0.493750 0.036875 0.047500
8 0.403125 0.442083 0.036250 0.045833
36 0.462500 0.493333 0.036250 0.046667
42 0.258750 0.495000 0.037500 0.046667
16 0.242500 0.602917 0.038750 0.049167
50 0.585625 0.655833 0.061250 0.051667
9 0.443437 0.442083 0.036875 0.045833
48 0.521563 0.441250 0.035625 0.045833
39 0.581562 0.492500 0.036875 0.046667
2 0.160312 0.442083 0.036875 0.045833
46 0.610000 0.598750 0.111250 0.049167
14 0.475625 0.655833 0.050000 0.051667
11 0.560937 0.440833 0.035625 0.045000
28 0.390313 0.546667 0.036875 0.048333
45 0.084687 0.548750 0.069375 0.047500
24 0.307500 0.547917 0.037500 0.047500
52 0.083437 0.495000 0.058125 0.046667
56 0.176563 0.494583 0.036875 0.047500
0 0.482187 0.441667 0.036875 0.046667
43 0.183125 0.548750 0.037500 0.049167
10 0.140937 0.548750 0.036875 0.047500
40 0.492188 0.600417 0.038125 0.049167
15 0.326562 0.602500 0.038125 0.050000
6 0.322500 0.442500 0.036250 0.045000
23 0.266250 0.547917 0.037500 0.047500
