2 0.150625 0.394583 0.028750 0.042500
59 0.329688 0.444583 0.028125 0.042500
42 0.250312 0.445833 0.029375 0.041667
22 0.612500 0.466250 0.048750 0.094167
21 0.210000 0.445833 0.028750 0.041667
28 0.378750 0.495833 0.028750 0.041667
54 0.524062 0.442917 0.029375 0.042500
56 0.170937 0.446667 0.028125 0.041667
47 0.324062 0.602500 0.223125 0.048333
15 0.318750 0.547083 0.030000 0.042500
1 0.111250 0.395417 0.028750 0.042500
40 0.475938 0.545833 0.030625 0.041667
27 0.408125 0.444167 0.028750 0.041667
32 0.119688 0.552083 0.029375 0.040833
46 0.588750 0.543750 0.098750 0.040833
25 0.339687 0.496250 0.029375 0.040833
17 0.072188 0.395833 0.028125 0.041667
19 0.219688 0.497917 0.029375 0.042500
41 0.131250 0.447500 0.028750 0.041667
23 0.260000 0.497917 0.028750 0.042500
57 0.198750 0.550417 0.027500 0.040833
29 0.417812 0.494583 0.029375 0.042500
33 0.398125 0.547083 0.031250 0.042500
13 0.183438 0.603750 0.040625 0.042500
52 0.083125 0.449167 0.048750 0.041667
11 0.542813 0.389583 0.028125 0.042500
38 0.485000 0.442500 0.030000 0.041667
36 0.446250 0.443333 0.030000 0.041667
12 0.533750 0.492917 0.030000 0.042500
34 0.514687 0.545000 0.030625 0.041667
45 0.082500 0.501250 0.048750 0.042500
50 0.614062 0.595417 0.053125 0.042500
4 0.230000 0.393750 0.028750 0.042500
3 0.190312 0.394167 0.029375 0.041667
20 0.600938 0.387917 0.069375 0.044167
7 0.349375 0.393333 0.028750 0.041667
8 0.387813 0.392500 0.029375 0.041667
44 0.074063 0.553333 0.040625 0.041667
6 0.309063 0.392083 0.029375 0.042500
10 0.140937 0.499583 0.028125 0.042500
0 0.465313 0.391250 0.029375 0.042500
51 0.290000 0.445000 0.028750 0.041667
9 0.426875 0.391667 0.028750 0.041667
37 0.495000 0.494167 0.030000 0.043333
24 0.300312 0.497083 0.029375 0.042500
26 0.572187 0.492500 0.029375 0.041667
58 0.158438 0.551250 0.028125 0.040833
53 0.368750 0.444167 0.028750 0.041667
35 0.359063 0.547083 0.029375 0.040833
30 0.501563 0.461667 0.920625 0.390000
49 0.078437 0.605833 0.051875 0.043333
5 0.269375 0.393333 0.028750 0.041667
43 0.180000 0.498750 0.028750 0.042500
14 0.462187 0.597083 0.040625 0.042500
55 0.279062 0.548333 0.029375 0.041667
48 0.504062 0.390833 0.029375 0.041667
31 0.456562 0.494583 0.029375 0.042500
18 0.436875 0.545833 0.030000 0.041667
39 0.562813 0.441250 0.029375 0.042500
16 0.239375 0.549583 0.028750 0.042500
