54 0.745250 0.353333 0.049500 0.086222
45 0.131750 0.450222 0.089500 0.084444
58 0.233750 0.549333 0.047500 0.083556
30 0.498250 0.419556 0.861500 0.680889
59 0.469250 0.351556 0.048500 0.084444
40 0.677000 0.547111 0.049000 0.084444
23 0.371250 0.448889 0.048500 0.083556
51 0.414000 0.351111 0.048000 0.083556
27 0.580000 0.351556 0.049000 0.082667
7 0.496750 0.252889 0.048500 0.082667
48 0.717000 0.254667 0.049000 0.082667
16 0.343500 0.548889 0.049000 0.084444
1 0.168750 0.256444 0.046500 0.082667
33 0.565500 0.548889 0.050000 0.084444
46 0.836750 0.547556 0.149500 0.087111
35 0.510250 0.548444 0.049500 0.083556
14 0.621750 0.647556 0.049500 0.086222
8 0.552000 0.254222 0.050000 0.083556
29 0.594250 0.449778 0.048500 0.085333
52 0.126000 0.353333 0.074000 0.084444
57 0.288500 0.548889 0.048000 0.084444
22 0.871250 0.402667 0.080500 0.186667
2 0.222250 0.255556 0.047500 0.082667
18 0.621250 0.547556 0.049500 0.085333
38 0.690500 0.352000 0.049000 0.083556
44 0.116500 0.548444 0.061000 0.083556
20 0.855000 0.256000 0.105000 0.085333
31 0.649500 0.449778 0.049000 0.085333
12 0.760250 0.450667 0.049500 0.085333
50 0.732750 0.648000 0.050500 0.087111
24 0.426750 0.449333 0.047500 0.086222
25 0.482500 0.448889 0.049000 0.083556
0 0.661500 0.253778 0.050000 0.084444
4 0.331750 0.254222 0.047500 0.083556
10 0.206750 0.450667 0.046500 0.083556
9 0.606750 0.253333 0.049500 0.085333
56 0.248500 0.352000 0.048000 0.083556
37 0.704500 0.450222 0.049000 0.086222
28 0.537750 0.448889 0.048500 0.085333
5 0.386250 0.253778 0.049500 0.082667
32 0.178750 0.548444 0.047500 0.083556
36 0.634500 0.352000 0.049000 0.085333
49 0.170500 0.648444 0.065000 0.086222
41 0.194000 0.354667 0.048000 0.085333
43 0.261750 0.450667 0.049500 0.085333
21 0.303250 0.352889 0.048500 0.085333
55 0.399000 0.548889 0.049000 0.084444
39 0.800000 0.352444 0.049000 0.084444
3 0.277000 0.255556 0.049000 0.082667
26 0.814750 0.449333 0.048500 0.084444
17 0.113750 0.255556 0.045500 0.080889
13 0.286750 0.647556 0.049500 0.086222
11 0.772000 0.253778 0.048000 0.082667
42 0.358500 0.352444 0.049000 0.082667
53 0.524500 0.351556 0.049000 0.084444
34 0.732500 0.548889 0.050000 0.084444
6 0.441250 0.253778 0.049500 0.084444
19 0.316250 0.450222 0.048500 0.086222
47 0.455000 0.648889 0.274000 0.087111
15 0.454500 0.548000 0.050000 0.086222
