15 0.271858 0.376225 0.033698 0.061275
51 0.250911 0.219363 0.030055 0.061275
45 0.033698 0.295343 0.052823 0.061275
7 0.313297 0.139706 0.029144 0.063725
38 0.451275 0.219363 0.030055 0.061275
50 0.590164 0.484069 0.063752 0.110294
59 0.290073 0.219363 0.030055 0.061275
13 0.122495 0.462010 0.050091 0.071078
6 0.273224 0.139706 0.029144 0.068627
29 0.378415 0.300245 0.031876 0.061275
16 0.188069 0.375000 0.035519 0.058824
35 0.313297 0.381127 0.032787 0.061275
52 0.044171 0.218137 0.053734 0.068627
48 0.471311 0.140931 0.028233 0.066176
47 0.271858 0.468137 0.243169 0.078431
32 0.064663 0.373775 0.036430 0.061275
18 0.397541 0.379902 0.031876 0.058824
22 0.583333 0.262255 0.053734 0.147059
26 0.543716 0.303922 0.030965 0.063725
49 0.021858 0.460784 0.041894 0.073529
56 0.132058 0.215686 0.032787 0.063725
54 0.491348 0.221814 0.030055 0.061275
31 0.419399 0.301471 0.030055 0.063725
1 0.079690 0.137255 0.031876 0.063725
2 0.118397 0.137255 0.029144 0.063725
20 0.568761 0.144608 0.068306 0.063725
27 0.370674 0.219363 0.029144 0.061275
19 0.173497 0.297794 0.031876 0.066176
11 0.510474 0.140931 0.028233 0.066176
36 0.411202 0.220588 0.030055 0.063725
0 0.431239 0.142157 0.028233 0.063725
40 0.440801 0.379902 0.030965 0.058824
37 0.460838 0.301471 0.030965 0.063725
21 0.171220 0.218137 0.032787 0.063725
24 0.254554 0.299020 0.031876 0.063725
58 0.105191 0.373775 0.035519 0.061275
43 0.132514 0.296569 0.031876 0.063725
17 0.041439 0.133578 0.028233 0.061275
42 0.211749 0.218137 0.031876 0.063725
23 0.214481 0.295343 0.031876 0.061275
53 0.330146 0.219363 0.030055 0.061275
57 0.146175 0.373775 0.035519 0.061275
5 0.234062 0.140931 0.029144 0.066176
4 0.194900 0.138480 0.030965 0.066176
28 0.336066 0.297794 0.030965 0.061275
41 0.092896 0.219363 0.034608 0.066176
9 0.391621 0.143382 0.029144 0.066176
14 0.422587 0.481618 0.051002 0.105392
12 0.503188 0.301471 0.031876 0.063725
10 0.092896 0.295343 0.032787 0.066176
34 0.482240 0.379902 0.031876 0.058824
30 0.484517 0.285539 0.967213 0.566176
8 0.352914 0.142157 0.028233 0.063725
39 0.530965 0.221814 0.029144 0.061275
25 0.296448 0.300245 0.031876 0.061275
44 0.021403 0.373775 0.040984 0.061275
46 0.561475 0.379902 0.106557 0.058824
33 0.354736 0.378676 0.033698 0.061275
55 0.229508 0.375000 0.034608 0.058824
3 0.156648 0.139706 0.030965 0.063725
