44 0.078583 0.418329 0.049674 0.066085
40 0.586726 0.422693 0.048046 0.067332
53 0.442590 0.276808 0.044788 0.064838
33 0.485749 0.422070 0.046417 0.068579
30 0.507329 0.338529 0.931596 0.447631
17 0.092834 0.201372 0.045603 0.063591
46 0.726384 0.420200 0.110749 0.069825
2 0.192182 0.201372 0.047231 0.063591
26 0.710505 0.346633 0.046417 0.064838
10 0.157166 0.344763 0.045603 0.066085
47 0.382736 0.500623 0.250814 0.078554
41 0.144137 0.273067 0.047231 0.064838
22 0.748371 0.311097 0.058632 0.140898
38 0.591205 0.276808 0.045603 0.064838
8 0.486564 0.205112 0.044788 0.063591
48 0.633550 0.204489 0.045603 0.064838
25 0.409609 0.347880 0.045603 0.064838
52 0.090798 0.272444 0.051303 0.066085
16 0.282980 0.420200 0.048046 0.067332
20 0.741857 0.203242 0.061889 0.064838
1 0.142915 0.201372 0.044788 0.063591
6 0.388436 0.203865 0.043974 0.063591
50 0.586726 0.501247 0.048046 0.077307
21 0.243893 0.273691 0.046417 0.066085
12 0.659609 0.347880 0.047231 0.067332
51 0.344055 0.274314 0.044788 0.064838
27 0.492264 0.276808 0.044788 0.064838
31 0.559039 0.348504 0.044788 0.066085
3 0.241450 0.202618 0.046417 0.063591
24 0.359121 0.347257 0.045603 0.066085
42 0.293974 0.274314 0.045603 0.064838
39 0.690147 0.274938 0.046417 0.066085
5 0.339169 0.203865 0.044788 0.063591
54 0.640472 0.276185 0.046417 0.066085
58 0.180782 0.419576 0.047231 0.068579
29 0.509365 0.348504 0.046417 0.066085
34 0.639658 0.422070 0.054560 0.066085
59 0.393322 0.275561 0.045603 0.064838
4 0.290309 0.202618 0.044788 0.063591
19 0.258143 0.346633 0.045603 0.067332
28 0.459283 0.347880 0.043974 0.064838
45 0.094870 0.344763 0.070847 0.066085
9 0.535831 0.205736 0.045603 0.064838
13 0.227606 0.500000 0.048046 0.077307
57 0.231678 0.420200 0.048046 0.067332
36 0.541124 0.276185 0.044788 0.066085
15 0.384772 0.421446 0.048046 0.067332
32 0.129072 0.417706 0.049674 0.067332
23 0.308632 0.346010 0.045603 0.066085
37 0.608713 0.348504 0.046417 0.066085
55 0.334283 0.420200 0.046417 0.067332
43 0.207248 0.345387 0.046417 0.067332
56 0.193811 0.273067 0.045603 0.064838
18 0.536238 0.422693 0.046417 0.067332
11 0.683225 0.203865 0.045603 0.063591
35 0.435261 0.422070 0.046417 0.066085
0 0.583876 0.204489 0.045603 0.064838
14 0.535831 0.501247 0.047231 0.077307
7 0.437704 0.204489 0.044788 0.064838
49 0.072883 0.498753 0.049674 0.079800
