44 0.014670 0.314453 0.026895 0.082031
3 0.157702 0.041992 0.053790 0.080078
53 0.397311 0.130859 0.051345 0.082031
32 0.028729 0.313477 0.055012 0.083984
25 0.356968 0.221680 0.051345 0.080078
14 0.507946 0.418945 0.055012 0.095703
21 0.161980 0.129883 0.052567 0.080078
1 0.040342 0.041016 0.051345 0.078125
26 0.718215 0.222656 0.055012 0.082031
56 0.102689 0.128906 0.051345 0.082031
15 0.328240 0.316406 0.052567 0.082031
16 0.209046 0.316406 0.053790 0.082031
0 0.567848 0.041992 0.052567 0.080078
10 0.060513 0.221680 0.052567 0.080078
7 0.391198 0.041016 0.051345 0.078125
54 0.634474 0.130859 0.051345 0.082031
42 0.220660 0.130859 0.052567 0.078125
6 0.332518 0.041016 0.051345 0.078125
12 0.655868 0.224609 0.052567 0.082031
48 0.626528 0.041016 0.052567 0.078125
2 0.099633 0.041016 0.052567 0.078125
17 0.013447 0.040039 0.024450 0.076172
49 0.014670 0.414062 0.026895 0.097656
11 0.686430 0.041016 0.050122 0.078125
22 0.764059 0.179688 0.068460 0.175781
51 0.279340 0.130859 0.050122 0.078125
33 0.448655 0.318359 0.053790 0.082031
39 0.695599 0.130859 0.053790 0.082031
4 0.215159 0.041016 0.051345 0.078125
47 0.327628 0.417969 0.298289 0.097656
31 0.535452 0.224609 0.051345 0.082031
29 0.476773 0.223633 0.051345 0.080078
23 0.238998 0.222656 0.050122 0.078125
19 0.179707 0.222656 0.051345 0.082031
36 0.514670 0.131836 0.051345 0.080078
20 0.758557 0.041016 0.074572 0.078125
18 0.509169 0.318359 0.052567 0.082031
30 0.501222 0.248047 1.000000 0.492188
28 0.416870 0.223633 0.051345 0.080078
38 0.575183 0.131836 0.052567 0.080078
34 0.632029 0.317383 0.061125 0.080078
9 0.507946 0.041992 0.052567 0.080078
55 0.269560 0.316406 0.052567 0.082031
37 0.595966 0.223633 0.052567 0.083984
24 0.298289 0.222656 0.051345 0.082031
5 0.273839 0.041016 0.051345 0.078125
57 0.149144 0.316406 0.051345 0.082031
41 0.044621 0.129883 0.052567 0.080078
50 0.569682 0.419922 0.053790 0.097656
35 0.388142 0.318359 0.052567 0.082031
46 0.736553 0.316406 0.133252 0.082031
40 0.569071 0.318359 0.052567 0.082031
59 0.338020 0.131836 0.050122 0.080078
58 0.089853 0.316406 0.052567 0.082031
13 0.145477 0.416016 0.053790 0.093750
8 0.449267 0.041992 0.052567 0.080078
27 0.456601 0.130859 0.050122 0.078125
45 0.020782 0.221680 0.039120 0.083984
43 0.120416 0.221680 0.052567 0.080078
52 0.015892 0.128906 0.029340 0.082031
