35 0.445437 0.580389 0.039683 0.065371
52 0.131944 0.429329 0.061508 0.067138
51 0.368056 0.427562 0.039683 0.067138
19 0.290675 0.506184 0.039683 0.068905
54 0.628968 0.424028 0.033730 0.067138
12 0.639385 0.498233 0.032738 0.067138
22 0.711806 0.459364 0.046627 0.144876
40 0.577381 0.577739 0.039683 0.067138
13 0.269345 0.660777 0.040675 0.067138
31 0.555060 0.501767 0.038690 0.067138
58 0.223214 0.584806 0.039683 0.067138
29 0.511409 0.501767 0.038690 0.067138
42 0.323413 0.428445 0.039683 0.065371
56 0.234127 0.429329 0.039683 0.067138
49 0.125992 0.665194 0.053571 0.068905
45 0.138393 0.507951 0.072421 0.068905
26 0.677083 0.498233 0.032738 0.067138
24 0.378968 0.503534 0.039683 0.067138
16 0.312500 0.582155 0.039683 0.068905
15 0.401290 0.581272 0.040675 0.067138
2 0.211806 0.351590 0.040675 0.067138
3 0.256448 0.351590 0.040675 0.063604
57 0.267857 0.583039 0.039683 0.067138
48 0.608631 0.348057 0.038690 0.067138
53 0.456845 0.426678 0.038690 0.068905
28 0.467262 0.501767 0.037698 0.067138
39 0.666667 0.422261 0.033730 0.067138
55 0.357639 0.581272 0.038690 0.067138
4 0.301091 0.350707 0.038690 0.065371
6 0.389881 0.350707 0.039683 0.065371
34 0.620536 0.575972 0.038690 0.067138
20 0.704861 0.348057 0.058532 0.067138
25 0.423115 0.504417 0.038690 0.065371
41 0.188988 0.429329 0.040675 0.067138
8 0.478671 0.348940 0.038690 0.065371
18 0.533730 0.578622 0.039683 0.068905
23 0.334821 0.504417 0.038690 0.065371
44 0.125992 0.585689 0.051587 0.068905
17 0.121032 0.353357 0.039683 0.067138
0 0.564980 0.348057 0.038690 0.067138
9 0.521825 0.348940 0.039683 0.065371
27 0.500496 0.425795 0.038690 0.067138
33 0.489583 0.580389 0.040675 0.068905
10 0.200893 0.507067 0.038690 0.067138
11 0.651786 0.347173 0.037698 0.065371
32 0.178075 0.584806 0.040675 0.067138
43 0.245536 0.506184 0.038690 0.068905
30 0.495040 0.484982 0.805556 0.482332
47 0.403770 0.658127 0.220238 0.072438
14 0.538690 0.655477 0.039683 0.067138
38 0.587798 0.424028 0.038690 0.067138
36 0.543651 0.424912 0.039683 0.068905
59 0.412202 0.426678 0.038690 0.068905
50 0.634425 0.652827 0.054563 0.068905
46 0.674603 0.579505 0.057540 0.067138
37 0.598214 0.500000 0.037698 0.067138
7 0.434524 0.350707 0.037698 0.065371
1 0.166171 0.352473 0.038690 0.065371
5 0.345734 0.350707 0.038690 0.065371
21 0.278770 0.427562 0.039683 0.067138
