9 0.506152 0.340035 0.041387 0.057692
43 0.202461 0.480769 0.040268 0.062937
19 0.248881 0.480769 0.041387 0.062937
23 0.294743 0.479895 0.041387 0.061189
46 0.682886 0.548951 0.099553 0.062937
17 0.096197 0.345280 0.040268 0.057692
5 0.322707 0.341783 0.041387 0.057692
54 0.604586 0.409965 0.041387 0.061189
57 0.224832 0.550699 0.042506 0.062937
21 0.234340 0.409965 0.041387 0.061189
39 0.651007 0.409965 0.042506 0.061189
53 0.419463 0.409965 0.042506 0.061189
52 0.095638 0.412587 0.045861 0.059441
34 0.602908 0.549825 0.049217 0.061189
47 0.365213 0.626748 0.236018 0.075175
3 0.231544 0.342657 0.042506 0.059441
28 0.434564 0.479021 0.041387 0.062937
41 0.143177 0.411713 0.040268 0.061189
29 0.482103 0.479021 0.042506 0.062937
18 0.506711 0.548951 0.042506 0.062937
27 0.465884 0.409091 0.041387 0.059441
48 0.597875 0.340909 0.041387 0.059441
35 0.412752 0.549825 0.042506 0.061189
20 0.698546 0.340909 0.057047 0.059441
55 0.318792 0.549825 0.042506 0.061189
24 0.341163 0.479895 0.042506 0.061189
7 0.414989 0.341783 0.040268 0.057692
12 0.621924 0.479021 0.042506 0.062937
59 0.373043 0.409965 0.041387 0.061189
40 0.553691 0.548951 0.042506 0.062937
50 0.555928 0.627622 0.042506 0.073427
26 0.668345 0.479021 0.043624 0.062937
31 0.528523 0.479021 0.041387 0.062937
38 0.558725 0.409091 0.041387 0.059441
0 0.552573 0.340909 0.042506 0.059441
13 0.222595 0.625874 0.042506 0.073427
36 0.512304 0.408217 0.042506 0.061189
22 0.704139 0.444056 0.052573 0.132867
45 0.101230 0.480769 0.063758 0.062937
14 0.506711 0.625874 0.042506 0.073427
44 0.087248 0.549825 0.042506 0.061189
49 0.086130 0.629371 0.042506 0.073427
2 0.186242 0.343531 0.041387 0.057692
25 0.388143 0.479021 0.042506 0.062937
42 0.280201 0.410839 0.041387 0.059441
51 0.327181 0.409965 0.041387 0.061189
58 0.179530 0.549825 0.041387 0.061189
32 0.132550 0.549825 0.043624 0.061189
1 0.140940 0.344406 0.040268 0.059441
15 0.365213 0.549825 0.043624 0.064685
37 0.574944 0.479021 0.042506 0.062937
33 0.459172 0.548951 0.043624 0.062937
30 0.477629 0.470280 0.852349 0.430070
16 0.271812 0.550699 0.042506 0.062937
8 0.460291 0.340909 0.041387 0.059441
4 0.277405 0.342657 0.040268 0.059441
10 0.156600 0.480769 0.040268 0.062937
56 0.189038 0.410839 0.040268 0.059441
11 0.644855 0.340909 0.041387 0.059441
6 0.368568 0.341783 0.041387 0.057692
