15 0.335623 0.363300 0.033883 0.061576
51 0.314560 0.205665 0.030220 0.061576
45 0.096154 0.282020 0.053114 0.061576
7 0.377289 0.125616 0.029304 0.064039
38 0.516026 0.205665 0.030220 0.061576
50 0.655678 0.471675 0.064103 0.110837
59 0.353938 0.205665 0.030220 0.061576
13 0.185440 0.449507 0.050366 0.071429
6 0.336996 0.125616 0.029304 0.068966
29 0.442766 0.286946 0.032051 0.061576
16 0.251374 0.362069 0.035714 0.059113
35 0.377289 0.368227 0.032967 0.061576
52 0.106685 0.204433 0.054029 0.068966
48 0.536172 0.126847 0.028388 0.066502
47 0.335623 0.455665 0.244505 0.078818
32 0.127289 0.360837 0.036630 0.061576
18 0.461996 0.366995 0.032051 0.059113
22 0.648810 0.248768 0.054029 0.147783
26 0.608974 0.290640 0.031136 0.064039
49 0.074176 0.448276 0.062271 0.073892
56 0.195055 0.201970 0.032967 0.064039
54 0.556319 0.208128 0.030220 0.061576
31 0.483974 0.288177 0.030220 0.064039
1 0.142399 0.123153 0.032051 0.064039
2 0.181319 0.123153 0.029304 0.064039
20 0.634158 0.130542 0.068681 0.064039
27 0.434982 0.205665 0.029304 0.061576
19 0.236722 0.284483 0.032051 0.066502
11 0.575549 0.126847 0.028388 0.066502
36 0.475733 0.206897 0.030220 0.064039
0 0.495879 0.128079 0.028388 0.064039
40 0.505495 0.366995 0.031136 0.059113
37 0.525641 0.288177 0.031136 0.064039
21 0.234432 0.204433 0.032967 0.064039
24 0.318223 0.285714 0.032051 0.064039
58 0.168040 0.360837 0.035714 0.061576
43 0.195513 0.283251 0.032051 0.064039
17 0.103938 0.119458 0.028388 0.061576
42 0.275183 0.204433 0.032051 0.064039
23 0.277930 0.282020 0.032051 0.061576
53 0.394231 0.205665 0.030220 0.061576
57 0.209249 0.360837 0.035714 0.061576
5 0.297619 0.126847 0.029304 0.066502
4 0.258242 0.124384 0.031136 0.066502
28 0.400183 0.284483 0.031136 0.061576
41 0.155678 0.205665 0.034799 0.066502
9 0.456044 0.129310 0.029304 0.066502
14 0.487179 0.469212 0.051282 0.105911
12 0.568223 0.288177 0.032051 0.064039
10 0.155678 0.282020 0.032967 0.066502
34 0.547161 0.366995 0.032051 0.059113
30 0.514194 0.279557 0.973443 0.554187
8 0.417125 0.128079 0.028388 0.064039
39 0.596154 0.208128 0.029304 0.061576
25 0.360348 0.286946 0.032051 0.061576
44 0.080586 0.360837 0.047619 0.061576
46 0.626832 0.366995 0.107143 0.059113
33 0.418956 0.365764 0.033883 0.061576
55 0.293040 0.362069 0.034799 0.059113
3 0.219780 0.125616 0.031136 0.064039
