46 0.583089 0.599520 0.104594 0.086331
58 0.152981 0.612710 0.034213 0.083933
50 0.607038 0.697842 0.058651 0.086331
31 0.450147 0.507194 0.034213 0.083933
38 0.479472 0.411271 0.034213 0.083933
41 0.123167 0.419664 0.035191 0.086331
51 0.282502 0.414868 0.035191 0.081535
6 0.302053 0.317746 0.035191 0.083933
2 0.142717 0.322542 0.035191 0.083933
3 0.182307 0.320144 0.036168 0.083933
0 0.459433 0.316547 0.035191 0.086331
4 0.222874 0.321343 0.035191 0.081535
18 0.431085 0.604317 0.035191 0.086331
52 0.073314 0.419664 0.054741 0.086331
12 0.528348 0.504796 0.034213 0.083933
21 0.202835 0.418465 0.036168 0.083933
35 0.351906 0.605516 0.035191 0.083933
22 0.607038 0.455635 0.054741 0.182254
13 0.177419 0.712230 0.045943 0.086331
24 0.292278 0.511990 0.035191 0.083933
28 0.371945 0.508393 0.034213 0.081535
25 0.332356 0.509592 0.035191 0.083933
39 0.557185 0.408873 0.035191 0.088729
19 0.212610 0.513189 0.034213 0.086331
29 0.411046 0.507194 0.034213 0.083933
54 0.517595 0.410072 0.034213 0.086331
48 0.498534 0.315348 0.035191 0.083933
53 0.361193 0.413669 0.034213 0.083933
23 0.253177 0.511990 0.035191 0.083933
55 0.272727 0.609113 0.035191 0.086331
45 0.079668 0.517986 0.065494 0.086331
49 0.073314 0.712230 0.056696 0.086331
11 0.537146 0.314149 0.034213 0.081535
37 0.489247 0.507194 0.034213 0.083933
17 0.063539 0.321343 0.035191 0.081535
47 0.317204 0.705036 0.225806 0.091127
32 0.113392 0.615108 0.035191 0.088729
8 0.381232 0.318945 0.035191 0.086331
14 0.455034 0.700240 0.045943 0.086331
20 0.597263 0.312950 0.074291 0.083933
15 0.312317 0.607914 0.036168 0.083933
10 0.133431 0.516787 0.034213 0.083933
27 0.401271 0.413669 0.034213 0.083933
7 0.342131 0.320144 0.035191 0.083933
5 0.261975 0.320144 0.035191 0.083933
43 0.172532 0.515588 0.034213 0.086331
1 0.103128 0.322542 0.034213 0.083933
42 0.242424 0.417266 0.035191 0.081535
16 0.232649 0.610312 0.035191 0.083933
57 0.192571 0.611511 0.035191 0.086331
26 0.567449 0.504796 0.034213 0.083933
34 0.509286 0.603118 0.035191 0.083933
59 0.322581 0.413669 0.035191 0.083933
33 0.391496 0.605516 0.036168 0.083933
56 0.162268 0.417266 0.035191 0.086331
36 0.439883 0.411271 0.035191 0.083933
40 0.470186 0.603118 0.035191 0.083933
30 0.491691 0.479616 0.928641 0.729017
9 0.420332 0.317746 0.035191 0.083933
44 0.068426 0.615108 0.044966 0.083933
