44 0.117521 0.407963 0.052137 0.069191
40 0.650855 0.412533 0.050427 0.070496
53 0.499573 0.259791 0.047009 0.067885
33 0.544872 0.411880 0.048718 0.071802
30 0.539744 0.324413 0.922222 0.468668
17 0.132479 0.180809 0.047863 0.066580
46 0.797436 0.409922 0.116239 0.073107
2 0.236752 0.180809 0.049573 0.066580
26 0.780769 0.332898 0.048718 0.067885
10 0.200000 0.330940 0.047863 0.069191
47 0.436752 0.494125 0.263248 0.082245
41 0.186325 0.255875 0.049573 0.067885
22 0.820513 0.295692 0.061538 0.147520
38 0.655556 0.259791 0.047863 0.067885
8 0.545726 0.184726 0.047009 0.066580
48 0.700000 0.184073 0.047863 0.067885
25 0.464957 0.334204 0.047863 0.067885
52 0.130342 0.255222 0.053846 0.069191
16 0.332051 0.409922 0.050427 0.070496
20 0.813675 0.182768 0.064957 0.067885
1 0.185043 0.180809 0.047009 0.066580
6 0.442735 0.183420 0.046154 0.066580
50 0.650855 0.494778 0.050427 0.080940
21 0.291026 0.256527 0.048718 0.069191
12 0.727350 0.334204 0.049573 0.070496
51 0.396154 0.257180 0.047009 0.067885
27 0.551709 0.259791 0.047009 0.067885
31 0.621795 0.334856 0.047009 0.069191
3 0.288462 0.182115 0.048718 0.066580
24 0.411966 0.333551 0.047863 0.069191
42 0.343590 0.257180 0.047863 0.067885
39 0.759402 0.257833 0.048718 0.069191
5 0.391026 0.183420 0.047009 0.066580
54 0.707265 0.259138 0.048718 0.069191
58 0.224786 0.409269 0.049573 0.071802
29 0.569658 0.334856 0.048718 0.069191
34 0.706410 0.411880 0.057265 0.069191
59 0.447863 0.258486 0.047863 0.067885
4 0.339744 0.182115 0.047009 0.066580
19 0.305983 0.332898 0.047863 0.070496
28 0.517094 0.334204 0.046154 0.067885
45 0.134615 0.330940 0.074359 0.069191
9 0.597436 0.185379 0.047863 0.067885
13 0.273932 0.493473 0.050427 0.080940
57 0.278205 0.409922 0.050427 0.070496
36 0.602991 0.259138 0.047009 0.069191
15 0.438889 0.411227 0.050427 0.070496
32 0.170513 0.407311 0.052137 0.070496
23 0.358974 0.332245 0.047863 0.069191
37 0.673932 0.334856 0.048718 0.069191
55 0.385897 0.409922 0.048718 0.070496
43 0.252564 0.331593 0.048718 0.070496
56 0.238462 0.255875 0.047863 0.067885
18 0.597863 0.412533 0.048718 0.070496
11 0.752137 0.183420 0.047863 0.066580
35 0.491880 0.411880 0.048718 0.069191
0 0.647863 0.184073 0.047863 0.067885
14 0.597436 0.494778 0.049573 0.080940
7 0.494444 0.184073 0.047009 0.067885
49 0.111538 0.492167 0.052137 0.083551
