25 0.451180 0.535100 0.054721 0.067335
57 0.234979 0.607450 0.055794 0.071633
10 0.153433 0.525788 0.053648 0.068768
0 0.648069 0.388252 0.055794 0.065903
42 0.322961 0.455587 0.053648 0.065903
9 0.589056 0.387536 0.053648 0.064470
47 0.414700 0.696991 0.310086 0.084527
44 0.046137 0.600287 0.072961 0.071633
21 0.262876 0.454155 0.053648 0.065903
18 0.602468 0.619628 0.056867 0.073066
4 0.298820 0.381089 0.050429 0.063037
13 0.226395 0.689828 0.057940 0.075931
43 0.211910 0.528653 0.054721 0.068768
48 0.709227 0.388968 0.055794 0.064470
49 0.096567 0.684814 0.075107 0.074499
29 0.572425 0.539398 0.054721 0.070201
34 0.730150 0.625358 0.059013 0.073066
56 0.205472 0.451289 0.052575 0.065903
37 0.696888 0.543696 0.056867 0.070201
6 0.414163 0.383954 0.051502 0.063037
12 0.760730 0.545845 0.057940 0.071633
11 0.770923 0.389685 0.054721 0.065903
17 0.071352 0.375358 0.050429 0.060172
2 0.183476 0.378940 0.051502 0.064470
5 0.356223 0.382521 0.051502 0.063037
38 0.679721 0.464183 0.056867 0.068768
39 0.804721 0.467049 0.057940 0.068768
33 0.540236 0.618911 0.056867 0.074499
26 0.824571 0.546562 0.059013 0.070201
20 0.865880 0.391117 0.122318 0.065903
52 0.075107 0.448424 0.081545 0.065903
35 0.478004 0.614613 0.054721 0.071633
46 0.855687 0.628940 0.181330 0.077364
30 0.481760 0.551576 0.961373 0.532951
32 0.114807 0.602436 0.057940 0.073066
27 0.558476 0.461318 0.052575 0.065903
53 0.498391 0.461318 0.052575 0.068768
40 0.666309 0.621777 0.057940 0.071633
3 0.240880 0.380372 0.052575 0.064470
58 0.174893 0.606017 0.053648 0.071633
36 0.618026 0.463467 0.055794 0.067335
16 0.295064 0.609599 0.055794 0.073066
54 0.741953 0.465616 0.056867 0.068768
15 0.416845 0.613897 0.056867 0.073066
22 0.890558 0.508596 0.098712 0.154728
1 0.127146 0.376791 0.050429 0.063037
23 0.331545 0.532235 0.055794 0.070201
51 0.380901 0.457020 0.051502 0.065903
55 0.356760 0.611032 0.054721 0.070201
7 0.472639 0.384670 0.050429 0.061605
24 0.390558 0.533668 0.051502 0.067335
31 0.634120 0.540831 0.055794 0.070201
50 0.732833 0.711318 0.062232 0.078797
28 0.511266 0.536533 0.054721 0.070201
41 0.147532 0.451289 0.054721 0.065903
8 0.530043 0.386819 0.051502 0.063037
14 0.602468 0.703438 0.059013 0.077364
19 0.271459 0.530086 0.053648 0.068768
59 0.439914 0.458453 0.053648 0.065903
45 0.072425 0.522923 0.097639 0.068768
