40 0.583786 0.433544 0.044098 0.053345
10 0.184871 0.375678 0.044098 0.051537
15 0.394844 0.433996 0.044776 0.054250
19 0.278155 0.377034 0.043419 0.052441
17 0.125509 0.264467 0.042062 0.047920
14 0.536635 0.496835 0.044776 0.062387
59 0.402985 0.320072 0.042062 0.050633
31 0.558005 0.376130 0.042741 0.052441
55 0.348033 0.434448 0.043419 0.053345
9 0.535617 0.264919 0.042741 0.048825
35 0.442334 0.434448 0.044776 0.053345
18 0.536974 0.434448 0.044098 0.053345
26 0.697761 0.375226 0.044098 0.050633
2 0.217775 0.264919 0.043419 0.048825
49 0.105834 0.494123 0.047490 0.062387
33 0.489484 0.433996 0.044098 0.054250
8 0.489824 0.264919 0.042062 0.048825
24 0.371099 0.376130 0.043419 0.050633
50 0.584464 0.496383 0.045455 0.063291
6 0.399254 0.265371 0.041384 0.047920
25 0.417910 0.376582 0.043419 0.051537
36 0.541045 0.320072 0.042741 0.050633
27 0.495251 0.320072 0.042062 0.050633
7 0.444708 0.264919 0.041384 0.048825
29 0.511533 0.376130 0.043419 0.052441
47 0.393148 0.496383 0.236771 0.061483
45 0.126866 0.375678 0.066486 0.051537
30 0.507463 0.370705 0.868385 0.359855
54 0.633311 0.320072 0.042741 0.050633
58 0.206581 0.433544 0.044098 0.053345
39 0.679104 0.319168 0.042062 0.050633
16 0.300543 0.433544 0.044776 0.053345
1 0.171642 0.264919 0.042062 0.048825
57 0.253392 0.433544 0.044098 0.053345
46 0.713365 0.432640 0.102442 0.055154
53 0.449457 0.320524 0.042741 0.049729
11 0.672320 0.265371 0.042062 0.047920
43 0.231682 0.376130 0.044098 0.052441
56 0.218792 0.320072 0.042741 0.050633
42 0.311058 0.320524 0.042741 0.049729
44 0.111601 0.431736 0.046811 0.051537
28 0.464722 0.376130 0.043419 0.052441
52 0.123474 0.319168 0.048847 0.050633
22 0.732700 0.347649 0.055631 0.107595
5 0.353460 0.265371 0.042062 0.047920
41 0.172999 0.320072 0.043419 0.050633
12 0.651628 0.376130 0.044098 0.052441
21 0.264925 0.320072 0.042741 0.050633
51 0.357191 0.320072 0.041384 0.050633
34 0.633311 0.433544 0.050882 0.053345
38 0.587178 0.320072 0.042741 0.050633
3 0.262890 0.265371 0.042741 0.049729
0 0.580393 0.264919 0.042741 0.048825
20 0.725916 0.265371 0.056988 0.049729
48 0.626187 0.265371 0.042062 0.047920
23 0.324627 0.376582 0.042741 0.051537
37 0.603799 0.376130 0.043419 0.052441
13 0.248643 0.495479 0.045455 0.063291
32 0.158752 0.432188 0.046133 0.052441
4 0.308345 0.264919 0.041384 0.048825
