51 0.310460 0.439604 0.051187 0.067327
38 0.591988 0.441089 0.050445 0.066337
35 0.410237 0.590099 0.050445 0.065347
6 0.337908 0.363861 0.051187 0.066337
29 0.494065 0.515842 0.050445 0.065347
18 0.521884 0.590099 0.049703 0.065347
14 0.519288 0.665347 0.044510 0.065347
28 0.438056 0.515347 0.049703 0.066337
34 0.633531 0.589604 0.051929 0.064356
22 0.757418 0.477228 0.072700 0.144554
47 0.353116 0.665842 0.278932 0.068317
15 0.353487 0.590594 0.051187 0.064356
16 0.239243 0.590594 0.052671 0.066337
27 0.479970 0.441089 0.048961 0.066337
46 0.730341 0.589604 0.128338 0.066337
53 0.423591 0.441584 0.050445 0.067327
39 0.692878 0.439604 0.043027 0.067327
21 0.195475 0.439109 0.052671 0.066337
36 0.535608 0.441584 0.050445 0.067327
57 0.182493 0.590594 0.050445 0.066337
33 0.465875 0.591089 0.051929 0.065347
10 0.096068 0.514356 0.052671 0.066337
59 0.367582 0.440594 0.051187 0.067327
17 0.013353 0.360396 0.025223 0.065347
24 0.324555 0.514851 0.049703 0.065347
58 0.125742 0.590594 0.051187 0.066337
12 0.658012 0.514851 0.043027 0.065347
54 0.644288 0.440594 0.043769 0.067327
26 0.706602 0.514851 0.042285 0.065347
44 0.017804 0.590099 0.034125 0.065347
25 0.381677 0.514356 0.051187 0.064356
49 0.060831 0.666832 0.068249 0.066337
32 0.067878 0.589604 0.052671 0.066337
50 0.618323 0.665842 0.045252 0.066337
55 0.296736 0.590099 0.050445 0.065347
43 0.153190 0.515347 0.052671 0.066337
5 0.281157 0.363366 0.051929 0.065347
52 0.024110 0.438119 0.046736 0.066337
1 0.050074 0.360891 0.051187 0.066337
9 0.507789 0.365842 0.051187 0.066337
4 0.223665 0.362376 0.051187 0.065347
41 0.079748 0.438119 0.054154 0.068317
48 0.620178 0.365347 0.050445 0.065347
31 0.549703 0.515842 0.048961 0.065347
40 0.577893 0.589604 0.050445 0.064356
13 0.182493 0.665842 0.051929 0.066337
42 0.252596 0.439604 0.052671 0.067327
7 0.395772 0.364851 0.049703 0.066337
11 0.676929 0.364356 0.049703 0.065347
37 0.605712 0.516337 0.051187 0.066337
45 0.032641 0.514356 0.063798 0.066337
19 0.209941 0.515347 0.051929 0.066337
30 0.500742 0.526733 1.000000 0.530693
56 0.137982 0.438614 0.051929 0.067327
2 0.107567 0.361881 0.051929 0.066337
23 0.267804 0.514356 0.051929 0.066337
8 0.451039 0.365842 0.050445 0.066337
3 0.165801 0.362376 0.052671 0.067327
20 0.752226 0.364356 0.084570 0.067327
0 0.563427 0.365842 0.051187 0.066337
