30 0.566633 0.821524 0.868737 0.359626
1 0.299098 0.801471 0.083166 0.108289
42 0.639780 0.944519 0.093186 0.113636
52 0.220441 0.934492 0.136273 0.125668
3 0.490481 0.809492 0.089178 0.110963
5 0.688377 0.814171 0.090180 0.114973
21 0.538577 0.943850 0.093186 0.114973
7 0.886774 0.818182 0.092184 0.114973
4 0.590180 0.811497 0.088176 0.112299
2 0.393788 0.806150 0.086172 0.112299
6 0.787074 0.816845 0.093186 0.114973
53 0.946393 0.948529 0.097194 0.105615
56 0.439880 0.939840 0.090180 0.120321
17 0.204409 0.798797 0.082164 0.108289
8 0.971944 0.819519 0.058116 0.114973
41 0.343186 0.941176 0.093186 0.120321
51 0.741984 0.946524 0.093186 0.109626
59 0.845190 0.947861 0.093186 0.106952
