10 0.197500 0.312917 0.053750 0.060833
37 0.724688 0.319167 0.053125 0.060000
36 0.648125 0.250000 0.051250 0.058333
49 0.141875 0.460000 0.076250 0.068333
3 0.281875 0.180000 0.051250 0.055000
0 0.673438 0.184167 0.050625 0.055000
42 0.363125 0.247083 0.051250 0.057500
45 0.115312 0.312500 0.100625 0.061667
43 0.255937 0.314167 0.053125 0.060000
12 0.783438 0.319583 0.053125 0.060833
54 0.763125 0.250833 0.051250 0.058333
51 0.420312 0.247917 0.050625 0.057500
40 0.699063 0.389167 0.054375 0.063333
17 0.113125 0.178750 0.051250 0.054167
46 0.872188 0.390000 0.163125 0.065000
19 0.315000 0.315000 0.052500 0.061667
4 0.338125 0.180417 0.048750 0.055833
55 0.400000 0.387083 0.053750 0.062500
31 0.666250 0.318333 0.051250 0.060000
47 0.458437 0.463750 0.304375 0.069167
41 0.190000 0.245000 0.053750 0.058333
11 0.785000 0.185000 0.050000 0.056667
20 0.869375 0.186250 0.108750 0.057500
24 0.431563 0.316250 0.050625 0.060833
52 0.117813 0.244583 0.081875 0.057500
34 0.758437 0.389167 0.055625 0.063333
32 0.159062 0.384167 0.055625 0.063333
15 0.460313 0.388333 0.054375 0.063333
38 0.705625 0.250417 0.051250 0.057500
5 0.394062 0.181250 0.049375 0.054167
48 0.728750 0.184583 0.050000 0.054167
50 0.764375 0.465000 0.057500 0.066667
8 0.561250 0.183750 0.050000 0.054167
56 0.247812 0.245000 0.051875 0.058333
30 0.507812 0.324167 0.936875 0.460000
58 0.220000 0.385000 0.055000 0.063333
57 0.279687 0.385417 0.054375 0.064167
21 0.304688 0.245833 0.051875 0.058333
18 0.639375 0.389167 0.053750 0.063333
44 0.090313 0.384583 0.071875 0.064167
33 0.579063 0.389167 0.054375 0.065000
1 0.169375 0.178750 0.050000 0.055833
2 0.225000 0.179583 0.051250 0.055833
39 0.819375 0.250417 0.051250 0.059167
27 0.591562 0.249167 0.050625 0.056667
6 0.449688 0.182083 0.049375 0.054167
35 0.519687 0.388333 0.053125 0.063333
28 0.548750 0.317083 0.051250 0.060833
16 0.340000 0.386667 0.055000 0.063333
26 0.841250 0.318750 0.052500 0.060833
14 0.642188 0.464583 0.055625 0.067500
9 0.617188 0.183750 0.050625 0.054167
22 0.897188 0.285000 0.094375 0.131667
23 0.373437 0.315417 0.051875 0.060833
53 0.534375 0.249167 0.051250 0.058333
7 0.505625 0.182083 0.048750 0.054167
29 0.607812 0.317917 0.051875 0.059167
13 0.272813 0.460833 0.056875 0.066667
59 0.477500 0.248333 0.051250 0.058333
25 0.490625 0.316667 0.052500 0.060000
