49 0.032667 0.665925 0.064000 0.075623
16 0.204333 0.590747 0.050000 0.064057
46 0.684333 0.593416 0.147333 0.064057
4 0.202667 0.384342 0.046667 0.060498
38 0.539333 0.455071 0.046667 0.059609
35 0.365667 0.591637 0.048667 0.064057
1 0.051333 0.386121 0.044000 0.056940
56 0.121000 0.451512 0.047333 0.061388
2 0.100667 0.384342 0.048000 0.060498
21 0.173000 0.452847 0.048667 0.060498
34 0.580000 0.592527 0.049333 0.062278
6 0.306333 0.385676 0.047333 0.059609
47 0.308333 0.667705 0.270000 0.079181
29 0.447000 0.521797 0.047333 0.061388
25 0.340667 0.520907 0.048000 0.059609
17 0.012333 0.384342 0.023333 0.058719
59 0.331000 0.454181 0.047333 0.059609
13 0.144000 0.665925 0.050667 0.073843
28 0.394333 0.521352 0.047333 0.062278
22 0.714667 0.491103 0.077333 0.133452
44 0.016333 0.589858 0.031333 0.060498
41 0.069667 0.452402 0.047333 0.061388
26 0.660333 0.523132 0.047333 0.060498
7 0.358667 0.386566 0.044000 0.057829
58 0.098333 0.590747 0.048667 0.064057
3 0.151667 0.384786 0.047333 0.059609
53 0.383000 0.454626 0.047333 0.060498
57 0.150667 0.590747 0.048000 0.064057
11 0.617333 0.387456 0.045333 0.057829
40 0.526000 0.592527 0.048000 0.062278
33 0.419000 0.591637 0.048667 0.064057
43 0.129000 0.520463 0.048667 0.062278
10 0.078000 0.520463 0.048000 0.060498
5 0.253667 0.384786 0.048667 0.059609
48 0.564667 0.387456 0.045333 0.056050
24 0.288667 0.521797 0.046667 0.061388
36 0.486333 0.454181 0.046000 0.059609
20 0.696333 0.387900 0.100667 0.058719
8 0.409667 0.387456 0.046000 0.057829
9 0.461000 0.387456 0.046000 0.057829
30 0.493333 0.516014 0.985333 0.430605
42 0.226000 0.453737 0.048000 0.060498
39 0.645000 0.454181 0.047333 0.059609
12 0.606667 0.523577 0.048000 0.061388
0 0.511667 0.387456 0.046000 0.057829
23 0.235333 0.521797 0.048000 0.061388
14 0.471667 0.667705 0.050000 0.075623
18 0.472667 0.592082 0.048000 0.063167
27 0.435333 0.454181 0.046667 0.059609
55 0.258667 0.591637 0.048000 0.064057
45 0.025333 0.520463 0.049333 0.060498
51 0.278333 0.453737 0.047333 0.058719
15 0.311333 0.591192 0.049333 0.063167
52 0.021667 0.451512 0.042000 0.061388
37 0.552667 0.523577 0.046667 0.061388
50 0.581000 0.669929 0.050000 0.074733
32 0.045667 0.590302 0.048667 0.063167
54 0.591667 0.455516 0.047333 0.060498
19 0.182000 0.521352 0.048000 0.062278
31 0.499333 0.522687 0.046667 0.061388
