25 0.467161 0.404153 0.050847 0.063898
27 0.555614 0.329073 0.049788 0.063898
52 0.117585 0.331470 0.042373 0.065495
35 0.494174 0.479233 0.051907 0.070288
26 0.822564 0.327476 0.043432 0.067093
4 0.354873 0.258786 0.042373 0.067093
46 0.789195 0.474441 0.127119 0.070288
24 0.411547 0.404153 0.049788 0.067093
44 0.114936 0.478435 0.051907 0.068690
15 0.438030 0.478435 0.051907 0.071885
8 0.538136 0.257188 0.042373 0.067093
0 0.631356 0.255591 0.042373 0.070288
18 0.602225 0.477636 0.043432 0.067093
47 0.417373 0.557508 0.243644 0.070288
48 0.677436 0.257188 0.043432 0.067093
30 0.472987 0.420128 0.793432 0.418530
33 0.549788 0.477636 0.050847 0.070288
7 0.492585 0.257188 0.042373 0.067093
43 0.244174 0.404153 0.049788 0.067093
22 0.806674 0.400160 0.085805 0.068690
58 0.213983 0.479233 0.050847 0.070288
29 0.578390 0.402556 0.050847 0.067093
57 0.270127 0.478435 0.050847 0.068690
20 0.819386 0.253195 0.045551 0.068690
53 0.500000 0.329872 0.048729 0.065495
10 0.188030 0.403355 0.049788 0.068690
55 0.382415 0.478435 0.050847 0.071885
14 0.563559 0.553514 0.044492 0.071885
1 0.215572 0.259585 0.041314 0.065495
9 0.584746 0.257987 0.042373 0.068690
51 0.390890 0.329872 0.048729 0.065495
12 0.734640 0.400958 0.043432 0.067093
2 0.261653 0.258786 0.042373 0.070288
21 0.280191 0.330671 0.049788 0.067093
39 0.773835 0.327476 0.043432 0.067093
38 0.666314 0.328275 0.048729 0.065495
49 0.110169 0.555911 0.055085 0.073482
56 0.225106 0.329872 0.049788 0.065495
3 0.308263 0.257987 0.042373 0.068690
36 0.610169 0.328275 0.048729 0.065495
23 0.355403 0.403355 0.047669 0.065495
40 0.650424 0.476038 0.044492 0.067093
13 0.263771 0.555911 0.052966 0.073482
31 0.634004 0.401757 0.049788 0.068690
45 0.125530 0.405751 0.064619 0.067093
32 0.162606 0.475240 0.039195 0.071885
5 0.400424 0.258786 0.042373 0.067093
59 0.445445 0.330671 0.049788 0.063898
54 0.721398 0.328275 0.050847 0.065495
19 0.299258 0.403355 0.049788 0.068690
16 0.325742 0.477636 0.051907 0.073482
50 0.661547 0.552716 0.043432 0.073482
11 0.727225 0.255591 0.043432 0.067093
28 0.522775 0.402556 0.049788 0.067093
6 0.446504 0.257987 0.043432 0.068690
34 0.698623 0.476038 0.045551 0.067093
17 0.168962 0.259585 0.041314 0.065495
41 0.169492 0.331470 0.050847 0.065495
42 0.335275 0.329872 0.049788 0.065495
37 0.686441 0.400958 0.044492 0.067093
