12 0.800293 0.436523 0.055664 0.050781
11 0.802734 0.324707 0.052734 0.047852
37 0.737305 0.437500 0.054688 0.050781
30 0.500977 0.441406 0.986328 0.371094
25 0.480957 0.440430 0.057617 0.048828
45 0.079590 0.446289 0.104492 0.050781
6 0.434082 0.327637 0.055664 0.047852
47 0.451660 0.562988 0.327148 0.057617
15 0.450684 0.500977 0.059570 0.052734
58 0.191895 0.503906 0.055664 0.052734
5 0.372559 0.328613 0.055664 0.047852
13 0.252441 0.564941 0.059570 0.055664
50 0.778809 0.556152 0.061523 0.055664
57 0.255859 0.503418 0.056641 0.053711
54 0.777832 0.379395 0.055664 0.049805
28 0.546387 0.439453 0.057617 0.050781
31 0.673828 0.437988 0.056641 0.051758
33 0.580078 0.499512 0.060547 0.055664
1 0.127930 0.332520 0.054688 0.047852
40 0.710449 0.497070 0.057617 0.050781
16 0.319824 0.502441 0.059570 0.053711
19 0.290039 0.442871 0.056641 0.051758
18 0.645508 0.498047 0.058594 0.052734
7 0.496094 0.326172 0.054688 0.046875
22 0.920410 0.406250 0.094727 0.109375
53 0.528809 0.381836 0.057617 0.050781
8 0.558105 0.326660 0.055664 0.047852
44 0.057617 0.505371 0.072266 0.051758
21 0.276855 0.386719 0.055664 0.050781
23 0.353516 0.441895 0.056641 0.051758
27 0.591309 0.380859 0.055664 0.048828
42 0.339844 0.384766 0.056641 0.048828
51 0.402344 0.383301 0.056641 0.049805
32 0.128418 0.503906 0.057617 0.052734
41 0.153320 0.388184 0.056641 0.049805
52 0.078125 0.389160 0.085938 0.047852
39 0.837891 0.378906 0.054688 0.050781
56 0.215332 0.386719 0.057617 0.048828
20 0.890137 0.324219 0.112305 0.046875
36 0.654297 0.380371 0.058594 0.049805
2 0.187988 0.331543 0.053711 0.047852
38 0.716309 0.379395 0.057617 0.049805
35 0.516113 0.500000 0.057617 0.052734
34 0.773438 0.495605 0.058594 0.051758
24 0.417480 0.440918 0.055664 0.051758
17 0.068359 0.333496 0.052734 0.045898
0 0.681152 0.324707 0.057617 0.047852
10 0.165039 0.444824 0.056641 0.051758
14 0.650879 0.561035 0.059570 0.053711
9 0.618652 0.325684 0.055664 0.047852
26 0.860352 0.435059 0.054688 0.049805
43 0.227051 0.443848 0.057617 0.051758
59 0.465820 0.383301 0.056641 0.049805
55 0.385742 0.501465 0.058594 0.053711
49 0.118164 0.566895 0.076172 0.053711
3 0.249023 0.330566 0.054688 0.047852
46 0.890137 0.493652 0.166992 0.053711
29 0.610840 0.438965 0.055664 0.049805
48 0.742188 0.323730 0.054688 0.045898
4 0.310547 0.329590 0.054688 0.047852
