51 0.271438 0.372144 0.041557 0.053603
15 0.305409 0.490334 0.042216 0.054482
29 0.419855 0.429262 0.041557 0.053603
10 0.094327 0.434974 0.042216 0.054482
7 0.340369 0.312830 0.040897 0.052724
21 0.178430 0.373462 0.042876 0.054482
32 0.068602 0.495606 0.042216 0.056239
17 0.017810 0.315466 0.034301 0.052724
42 0.225264 0.372583 0.042876 0.052724
58 0.117084 0.495606 0.041557 0.054482
56 0.131596 0.373902 0.041557 0.053603
24 0.282322 0.431019 0.042216 0.053603
43 0.142150 0.434974 0.041557 0.054482
13 0.162599 0.556678 0.042876 0.057118
16 0.211741 0.492970 0.042216 0.054482
25 0.329156 0.430580 0.040897 0.052724
5 0.248021 0.313708 0.042216 0.052724
8 0.384235 0.312830 0.041557 0.052724
45 0.034301 0.435413 0.067282 0.055360
12 0.548813 0.426186 0.029024 0.052724
9 0.429420 0.311951 0.040897 0.052724
30 0.500660 0.408172 1.000000 0.445518
6 0.294195 0.312830 0.040897 0.052724
46 0.645119 0.482865 0.068602 0.053603
11 0.560026 0.309754 0.032982 0.051845
35 0.351583 0.489455 0.040897 0.054482
31 0.464050 0.427944 0.040237 0.052724
53 0.362797 0.371265 0.040897 0.053603
55 0.259235 0.492091 0.042216 0.054482
38 0.496372 0.369069 0.040237 0.052724
19 0.189314 0.433216 0.042216 0.054482
49 0.060686 0.559754 0.056728 0.057996
23 0.236478 0.431898 0.041557 0.053603
54 0.541557 0.369069 0.040897 0.052724
27 0.407652 0.369947 0.039578 0.052724
41 0.084103 0.375220 0.042876 0.054482
44 0.021108 0.498243 0.040897 0.056239
22 0.647098 0.395870 0.056728 0.113357
14 0.470976 0.547452 0.055409 0.056239
40 0.487137 0.486819 0.041557 0.052724
52 0.028694 0.375659 0.056069 0.055360
36 0.451847 0.369508 0.040897 0.053603
57 0.164578 0.493849 0.041557 0.054482
33 0.397098 0.489016 0.042216 0.055360
37 0.509235 0.427504 0.040897 0.053603
1 0.062335 0.315905 0.040237 0.053603
20 0.646108 0.307557 0.052111 0.050967
47 0.315633 0.552724 0.252639 0.059754
3 0.155673 0.314587 0.043536 0.054482
34 0.532652 0.485501 0.041557 0.053603
48 0.517480 0.310193 0.040237 0.052724
18 0.442612 0.487698 0.040897 0.054482
0 0.473615 0.310633 0.040897 0.053603
59 0.317942 0.371705 0.040897 0.052724
28 0.374340 0.429262 0.040237 0.053603
4 0.202177 0.313269 0.040237 0.053603
2 0.109499 0.315026 0.042216 0.053603
