56 0.296129 0.441480 0.038710 0.051635
59 0.473548 0.441910 0.038710 0.050775
43 0.305806 0.498279 0.038710 0.049914
29 0.573871 0.498709 0.039355 0.050775
57 0.326452 0.554217 0.038710 0.051635
25 0.483871 0.498709 0.038710 0.050775
7 0.507419 0.386403 0.039355 0.051635
26 0.753548 0.499139 0.038710 0.051635
5 0.417742 0.385972 0.039355 0.050775
18 0.595484 0.555938 0.040000 0.051635
55 0.416129 0.554217 0.038710 0.051635
21 0.340323 0.441910 0.039355 0.050775
11 0.731290 0.386403 0.039355 0.051635
23 0.395484 0.498279 0.038710 0.049914
47 0.456129 0.612737 0.193548 0.053356
37 0.663226 0.498709 0.040000 0.052496
13 0.333548 0.611446 0.038710 0.052496
8 0.551935 0.386403 0.039355 0.049914
44 0.204839 0.554217 0.039355 0.049914
28 0.528710 0.498709 0.039355 0.050775
38 0.652903 0.442341 0.040000 0.051635
20 0.781290 0.386833 0.051613 0.050775
32 0.243871 0.553356 0.028387 0.051635
1 0.242903 0.386833 0.038065 0.050775
48 0.685806 0.386403 0.040000 0.051635
6 0.462581 0.386833 0.040000 0.050775
52 0.209032 0.441910 0.037419 0.050775
58 0.282581 0.554217 0.038710 0.049914
40 0.640645 0.555508 0.040000 0.050775
45 0.212581 0.497849 0.048387 0.050775
22 0.786774 0.470740 0.040645 0.110155
0 0.640968 0.386403 0.040645 0.051635
17 0.204839 0.387263 0.027742 0.049914
50 0.652903 0.613167 0.041290 0.052496
27 0.562903 0.442341 0.039355 0.051635
30 0.497419 0.491394 0.638710 0.349398
3 0.330000 0.386403 0.039355 0.049914
14 0.573548 0.613167 0.034839 0.052496
2 0.286452 0.385972 0.038710 0.050775
41 0.252581 0.442341 0.039355 0.051635
10 0.261935 0.497418 0.037419 0.049914
4 0.374194 0.386403 0.038710 0.049914
51 0.429355 0.442341 0.039355 0.051635
24 0.439355 0.498279 0.038710 0.049914
53 0.518387 0.442771 0.039355 0.050775
49 0.247097 0.610155 0.051613 0.053356
9 0.596129 0.386403 0.040000 0.051635
36 0.607742 0.442771 0.040000 0.052496
35 0.505806 0.555077 0.040000 0.051635
31 0.618710 0.499139 0.038710 0.051635
34 0.685484 0.556368 0.040645 0.050775
33 0.550645 0.555508 0.040645 0.052496
54 0.697419 0.442341 0.040000 0.051635
42 0.384839 0.442341 0.039355 0.051635
19 0.350323 0.498279 0.038710 0.051635
16 0.371613 0.554647 0.040000 0.050775
15 0.460323 0.555077 0.040645 0.051635
12 0.708387 0.498709 0.040000 0.052496
39 0.742581 0.442341 0.040000 0.051635
46 0.759355 0.555508 0.096774 0.052496
