5 0.405462 0.202073 0.068627 0.103627
56 0.234594 0.382124 0.068627 0.111399
16 0.394958 0.579016 0.075630 0.121762
47 0.563725 0.648964 0.390756 0.272021
1 0.113445 0.309585 0.067227 0.106218
25 0.567227 0.380829 0.072829 0.108808
23 0.418067 0.441710 0.071429 0.121762
12 0.908964 0.248705 0.061625 0.098446
2 0.187675 0.283679 0.070028 0.106218
10 0.189076 0.528497 0.070028 0.119171
24 0.488796 0.411917 0.067227 0.113990
31 0.780112 0.297927 0.070028 0.108808
36 0.738796 0.196891 0.071429 0.103627
6 0.476190 0.177461 0.070028 0.101036
27 0.671569 0.221503 0.068627 0.106218
30 0.501401 0.502591 1.000000 1.000000
34 0.904762 0.371762 0.075630 0.111399
59 0.529412 0.274611 0.070028 0.108808
57 0.316527 0.610104 0.072829 0.126943
49 0.161064 0.810881 0.100840 0.139896
51 0.457983 0.301813 0.070028 0.111399
43 0.265406 0.500000 0.071429 0.119171
0 0.750700 0.077720 0.070028 0.098446
38 0.808123 0.170984 0.070028 0.103627
7 0.548319 0.151554 0.068627 0.101036
15 0.546218 0.516839 0.078431 0.121762
20 0.956583 0.028497 0.089636 0.051813
26 0.961485 0.224093 0.060224 0.106218
37 0.848039 0.274611 0.074230 0.108808
8 0.616947 0.126943 0.068627 0.098446
39 0.920868 0.126943 0.057423 0.098446
13 0.331232 0.740933 0.077031 0.129534
41 0.160364 0.413212 0.071429 0.116580
52 0.063025 0.446891 0.106443 0.132124
50 0.905462 0.503886 0.065826 0.116580
46 0.969188 0.329016 0.064426 0.134715
18 0.766106 0.430052 0.072829 0.113990
40 0.836835 0.400259 0.074230 0.111399
32 0.160364 0.669689 0.074230 0.126943
4 0.334034 0.226684 0.068627 0.106218
58 0.240196 0.639896 0.071429 0.124352
33 0.693978 0.458549 0.074230 0.113990
35 0.621148 0.488342 0.074230 0.116580
11 0.881653 0.041451 0.068627 0.077720
19 0.341737 0.470207 0.072829 0.116580
9 0.684174 0.101036 0.068627 0.103627
17 0.038515 0.332902 0.065826 0.111399
21 0.309524 0.357513 0.070028 0.113990
3 0.260504 0.256477 0.070028 0.108808
14 0.784314 0.554404 0.064426 0.113990
29 0.709384 0.327720 0.071429 0.111399
28 0.637955 0.354922 0.071429 0.113990
55 0.471289 0.547927 0.074230 0.121762
45 0.081232 0.566062 0.131653 0.142487
48 0.816527 0.054404 0.070028 0.098446
44 0.070728 0.704663 0.093838 0.129534
54 0.868347 0.147668 0.058824 0.098446
53 0.600840 0.248705 0.070028 0.108808
42 0.385154 0.330311 0.070028 0.111399
22 0.973389 0.150259 0.056022 0.207254
