46 0.774194 0.424479 0.101382 0.060764
0 0.642281 0.234375 0.042627 0.055556
40 0.645737 0.426215 0.044931 0.060764
58 0.270737 0.425347 0.043779 0.059028
55 0.410138 0.426215 0.043779 0.060764
28 0.526498 0.360243 0.043779 0.057292
21 0.328341 0.296007 0.041475 0.057292
9 0.597350 0.234375 0.042627 0.055556
39 0.740207 0.297743 0.042627 0.057292
11 0.732719 0.236111 0.041475 0.055556
53 0.511521 0.296875 0.041475 0.055556
13 0.312788 0.496528 0.044931 0.069444
4 0.370968 0.234375 0.041475 0.055556
19 0.341014 0.360243 0.041475 0.057292
22 0.793203 0.328993 0.054147 0.123264
12 0.712558 0.361111 0.042627 0.059028
5 0.415899 0.234375 0.041475 0.055556
56 0.282834 0.296007 0.042627 0.057292
16 0.363479 0.426215 0.044931 0.060764
20 0.786866 0.235243 0.057604 0.057292
32 0.222926 0.423611 0.044931 0.059028
44 0.177419 0.423611 0.043779 0.059028
6 0.461406 0.234375 0.042627 0.055556
50 0.646313 0.498264 0.043779 0.069444
47 0.456221 0.497396 0.237327 0.071181
38 0.649194 0.297743 0.042627 0.057292
25 0.480415 0.361111 0.043779 0.059028
26 0.758641 0.360243 0.042627 0.057292
54 0.694700 0.297743 0.041475 0.057292
43 0.294355 0.360243 0.042627 0.057292
59 0.466014 0.296875 0.042627 0.055556
34 0.694700 0.426215 0.050691 0.057292
14 0.597926 0.498264 0.043779 0.069444
27 0.557604 0.296875 0.041475 0.055556
29 0.573733 0.361111 0.043779 0.059028
37 0.665899 0.361111 0.043779 0.059028
35 0.504608 0.426215 0.043779 0.060764
49 0.171659 0.495660 0.046083 0.071181
57 0.316820 0.426215 0.043779 0.060764
45 0.192396 0.359375 0.064516 0.059028
51 0.419355 0.296007 0.041475 0.057292
52 0.189516 0.296007 0.047235 0.057292
42 0.373848 0.296875 0.042627 0.055556
41 0.237327 0.296007 0.041475 0.057292
36 0.603111 0.296875 0.042627 0.055556
8 0.551843 0.234375 0.041475 0.055556
15 0.457373 0.426215 0.043779 0.060764
24 0.433756 0.360243 0.042627 0.057292
10 0.248848 0.359375 0.041475 0.059028
48 0.687788 0.235243 0.041475 0.053819
33 0.551267 0.427083 0.044931 0.059028
30 0.569124 0.356771 0.859447 0.401042
3 0.326037 0.234375 0.041475 0.055556
31 0.619816 0.361111 0.041475 0.059028
1 0.236175 0.234375 0.041475 0.055556
7 0.506912 0.234375 0.041475 0.055556
23 0.386521 0.360243 0.042627 0.057292
18 0.598502 0.426215 0.042627 0.060764
17 0.191244 0.234375 0.041475 0.055556
2 0.280530 0.234375 0.042627 0.055556
