30 0.531780 0.330189 0.663136 0.426415
9 0.621292 0.189623 0.039195 0.062264
50 0.720339 0.465094 0.040254 0.066038
44 0.242585 0.369811 0.055085 0.064151
31 0.653602 0.321698 0.038136 0.062264
10 0.319386 0.300943 0.039195 0.058491
15 0.511123 0.383962 0.039195 0.058491
21 0.396186 0.237736 0.038136 0.060377
32 0.293962 0.370755 0.043432 0.066038
25 0.531250 0.314151 0.037076 0.054717
11 0.730403 0.196226 0.032839 0.056604
51 0.480403 0.244340 0.037076 0.058491
47 0.511123 0.455660 0.212924 0.066038
57 0.382945 0.375472 0.039195 0.064151
33 0.594280 0.387736 0.038136 0.062264
58 0.338983 0.372642 0.040254 0.062264
42 0.438030 0.240566 0.037076 0.058491
3 0.378708 0.170755 0.039195 0.062264
29 0.613347 0.320755 0.036017 0.060377
27 0.601695 0.253774 0.036017 0.058491
48 0.695445 0.193396 0.032839 0.062264
34 0.717691 0.393396 0.039195 0.062264
18 0.635593 0.389623 0.038136 0.062264
23 0.448093 0.309434 0.038136 0.060377
6 0.501589 0.180189 0.039195 0.062264
0 0.658898 0.191509 0.036017 0.062264
26 0.773305 0.329245 0.038136 0.062264
35 0.552966 0.384906 0.038136 0.060377
2 0.334216 0.165094 0.039195 0.062264
38 0.681674 0.257547 0.037076 0.058491
45 0.257945 0.298113 0.073093 0.064151
8 0.584216 0.187736 0.039195 0.062264
41 0.310381 0.231132 0.040254 0.062264
5 0.460275 0.176415 0.039195 0.062264
52 0.255826 0.228302 0.062500 0.060377
14 0.637712 0.461321 0.040254 0.066038
53 0.561441 0.250000 0.036017 0.058491
7 0.542903 0.182075 0.039195 0.062264
28 0.572564 0.317925 0.037076 0.062264
13 0.375530 0.449057 0.054025 0.067925
49 0.250530 0.443396 0.081568 0.067925
55 0.469280 0.381132 0.038136 0.060377
20 0.774364 0.200943 0.046610 0.054717
4 0.418962 0.170755 0.039195 0.062264
43 0.362818 0.304717 0.039195 0.062264
16 0.425847 0.377358 0.040254 0.060377
46 0.793432 0.397170 0.108051 0.062264
12 0.734110 0.327358 0.036017 0.062264
19 0.405720 0.306604 0.038136 0.062264
36 0.641419 0.255660 0.037076 0.058491
56 0.353814 0.233962 0.038136 0.060377
40 0.676377 0.392453 0.039195 0.064151
39 0.761653 0.262264 0.036017 0.060377
1 0.293962 0.161321 0.039195 0.062264
54 0.721398 0.260377 0.036017 0.060377
37 0.694386 0.325472 0.037076 0.066038
22 0.811441 0.300000 0.061441 0.128302
24 0.489936 0.311321 0.037076 0.060377
59 0.521186 0.247170 0.036017 0.056604
