14 0.623039 0.567490 0.049215 0.072243
50 0.677603 0.567015 0.049929 0.071293
36 0.629458 0.350760 0.049215 0.062738
47 0.455421 0.570817 0.277461 0.076996
30 0.528887 0.404943 0.943652 0.450570
51 0.411198 0.348859 0.049215 0.062738
12 0.753210 0.420627 0.048502 0.061787
34 0.731812 0.490970 0.054208 0.061787
4 0.327746 0.276141 0.049215 0.061787
26 0.804565 0.419677 0.044223 0.059886
42 0.355207 0.348859 0.051355 0.062738
29 0.592368 0.421103 0.049215 0.062738
53 0.521755 0.350760 0.049215 0.062738
22 0.844864 0.385456 0.052068 0.132129
46 0.819900 0.489544 0.110556 0.062738
44 0.102710 0.493821 0.064194 0.065589
24 0.426890 0.420627 0.050642 0.063688
35 0.513552 0.492395 0.049929 0.062738
31 0.645863 0.420627 0.047789 0.061787
0 0.654779 0.280894 0.048502 0.061787
33 0.567760 0.491920 0.049929 0.063688
58 0.228245 0.493821 0.052782 0.065589
37 0.699358 0.420627 0.049215 0.061787
21 0.298502 0.348384 0.052068 0.063688
18 0.621612 0.491445 0.049215 0.062738
43 0.256419 0.420627 0.052068 0.065589
56 0.240371 0.346958 0.052782 0.064639
20 0.829173 0.281369 0.077746 0.060837
54 0.736091 0.350760 0.048502 0.062738
9 0.601997 0.280418 0.048502 0.060837
13 0.284950 0.572243 0.053495 0.074144
40 0.675820 0.490970 0.049215 0.061787
10 0.197575 0.420152 0.052782 0.064639
15 0.457917 0.493346 0.051355 0.064639
39 0.789230 0.350285 0.047789 0.061787
55 0.401213 0.492395 0.050642 0.064639
48 0.707917 0.280894 0.047789 0.059886
38 0.682953 0.350760 0.047789 0.060837
16 0.344151 0.493346 0.052068 0.064639
5 0.382668 0.277091 0.050642 0.061787
49 0.099501 0.574144 0.066334 0.077947
8 0.547789 0.279943 0.048502 0.061787
27 0.575963 0.350285 0.047789 0.061787
11 0.761056 0.280894 0.047076 0.059886
7 0.493937 0.278992 0.049215 0.061787
25 0.483238 0.420627 0.049215 0.061787
41 0.182240 0.346958 0.054922 0.064639
6 0.438659 0.278042 0.049929 0.061787
1 0.154422 0.273289 0.052068 0.063688
3 0.270328 0.275665 0.052782 0.062738
32 0.166904 0.493346 0.057061 0.066540
52 0.113409 0.345057 0.072753 0.064639
45 0.119472 0.419677 0.092011 0.065589
28 0.537447 0.420152 0.047789 0.062738
23 0.370542 0.419677 0.050642 0.063688
19 0.313837 0.420627 0.051355 0.065589
17 0.100571 0.271863 0.041369 0.062738
59 0.466833 0.349335 0.049215 0.063688
57 0.286733 0.493821 0.051355 0.065589
2 0.212910 0.273764 0.053495 0.062738
