39 0.584375 0.665000 0.028750 0.038333
27 0.460938 0.668333 0.028125 0.036667
13 0.299687 0.797917 0.028125 0.037500
16 0.330000 0.755417 0.028750 0.037500
42 0.337187 0.672500 0.028125 0.036667
14 0.504687 0.792917 0.036875 0.037500
25 0.407813 0.711667 0.028125 0.036667
36 0.491563 0.666667 0.028125 0.038333
6 0.383125 0.629167 0.028750 0.036667
26 0.592812 0.707083 0.028125 0.037500
50 0.587812 0.791667 0.046875 0.038333
11 0.567813 0.623333 0.028125 0.036667
20 0.615625 0.622500 0.060000 0.036667
5 0.352187 0.630000 0.028125 0.036667
40 0.516250 0.750833 0.028750 0.036667
4 0.321250 0.631667 0.027500 0.036667
21 0.305937 0.673333 0.029375 0.036667
10 0.251875 0.715833 0.027500 0.036667
45 0.209375 0.716250 0.051250 0.037500
18 0.485312 0.751667 0.028125 0.036667
56 0.274375 0.673750 0.027500 0.037500
7 0.414375 0.627500 0.027500 0.036667
31 0.500000 0.708750 0.028750 0.037500
1 0.227813 0.633750 0.028125 0.037500
32 0.237187 0.757917 0.028125 0.037500
58 0.267500 0.757083 0.027500 0.035833
24 0.375937 0.712500 0.028125 0.036667
51 0.368437 0.671250 0.028125 0.037500
37 0.530625 0.708333 0.028750 0.038333
49 0.202813 0.799167 0.036875 0.036667
23 0.345000 0.713750 0.027500 0.035833
53 0.430312 0.669167 0.028125 0.036667
34 0.547188 0.750000 0.029375 0.036667
29 0.469375 0.710000 0.028750 0.036667
46 0.606563 0.748333 0.083125 0.036667
54 0.553125 0.666250 0.028750 0.037500
44 0.201250 0.758333 0.036250 0.036667
41 0.243438 0.675417 0.028125 0.037500
28 0.438437 0.710417 0.028125 0.037500
12 0.561562 0.707083 0.028125 0.037500
8 0.445000 0.627083 0.028750 0.037500
15 0.392188 0.754167 0.029375 0.036667
43 0.282813 0.715417 0.028125 0.037500
9 0.475625 0.625833 0.028750 0.038333
35 0.423125 0.753333 0.028750 0.036667
57 0.298750 0.756250 0.027500 0.037500
19 0.313750 0.714583 0.027500 0.037500
3 0.290000 0.632083 0.030000 0.037500
33 0.454375 0.752500 0.028750 0.036667
55 0.360938 0.754583 0.028125 0.037500
17 0.195937 0.634167 0.028125 0.036667
59 0.399687 0.670417 0.028125 0.037500
30 0.517188 0.700833 0.703125 0.333333
0 0.506250 0.624583 0.028750 0.037500
48 0.536563 0.624167 0.028125 0.036667
22 0.624375 0.685000 0.045000 0.080000
47 0.400625 0.796250 0.168750 0.039167
2 0.258750 0.632917 0.028750 0.037500
52 0.204375 0.675417 0.043750 0.037500
38 0.522500 0.666250 0.027500 0.037500
