53 0.370825 0.521597 0.028487 0.043194
30 0.505403 0.538613 0.940079 0.391361
56 0.170923 0.519634 0.029470 0.044503
40 0.480354 0.626309 0.027505 0.043194
21 0.210216 0.519634 0.029470 0.044503
24 0.300589 0.572644 0.027505 0.043194
28 0.380157 0.572644 0.027505 0.043194
52 0.079568 0.522906 0.049116 0.045812
57 0.199902 0.626309 0.028487 0.043194
29 0.420923 0.572644 0.028487 0.043194
8 0.389980 0.467277 0.029470 0.044503
16 0.239686 0.625654 0.029470 0.044503
44 0.072200 0.628927 0.040275 0.043194
32 0.117878 0.628272 0.031434 0.047120
49 0.076130 0.683246 0.052063 0.047120
35 0.360511 0.625654 0.029470 0.044503
25 0.341356 0.572644 0.028487 0.043194
6 0.309921 0.467277 0.028487 0.044503
7 0.351179 0.467277 0.028487 0.041885
15 0.320236 0.625000 0.029470 0.043194
18 0.439587 0.626963 0.028487 0.044503
19 0.220530 0.573298 0.028487 0.044503
14 0.465128 0.680628 0.038310 0.044503
2 0.149312 0.468586 0.029470 0.044503
50 0.619843 0.681283 0.053045 0.045812
26 0.579077 0.572644 0.028487 0.043194
33 0.400786 0.626309 0.031434 0.045812
22 0.619352 0.546466 0.050098 0.098168
3 0.190079 0.468586 0.030452 0.044503
37 0.500491 0.573298 0.028487 0.044503
34 0.520629 0.625654 0.027505 0.044503
10 0.138998 0.573298 0.028487 0.047120
42 0.251473 0.519634 0.029470 0.044503
27 0.410118 0.520288 0.026523 0.043194
55 0.279961 0.626309 0.029470 0.043194
11 0.550098 0.467277 0.029470 0.044503
39 0.568762 0.519634 0.025540 0.044503
47 0.325639 0.681283 0.224951 0.048429
23 0.260806 0.573298 0.028487 0.044503
38 0.490177 0.519634 0.027505 0.041885
1 0.109037 0.467932 0.029470 0.043194
31 0.459725 0.572644 0.027505 0.043194
12 0.540275 0.571990 0.029470 0.044503
59 0.330550 0.519634 0.028487 0.044503
46 0.595285 0.626309 0.100196 0.043194
36 0.449902 0.519634 0.027505 0.044503
41 0.129666 0.520942 0.029470 0.044503
9 0.429764 0.467277 0.028487 0.044503
43 0.180255 0.573953 0.030452 0.045812
54 0.529961 0.519634 0.026523 0.044503
20 0.609528 0.466623 0.069745 0.045812
0 0.470530 0.467277 0.031434 0.044503
58 0.159136 0.627618 0.029470 0.045812
48 0.510806 0.467277 0.029470 0.044503
45 0.080059 0.575262 0.050098 0.045812
17 0.069253 0.469241 0.028487 0.043194
5 0.270138 0.467277 0.029470 0.044503
13 0.183694 0.682592 0.041257 0.045812
51 0.291257 0.518979 0.028487 0.045812
4 0.230845 0.467277 0.029470 0.044503
