42 0.347054 0.643204 0.053625 0.080097
6 0.435801 0.553398 0.054381 0.077670
52 0.092900 0.640170 0.083082 0.078883
10 0.183157 0.730583 0.053625 0.080097
44 0.085725 0.819175 0.068731 0.080097
18 0.628021 0.819175 0.053625 0.077670
29 0.598565 0.731189 0.053625 0.078883
49 0.145015 0.908374 0.072508 0.078883
23 0.361405 0.731796 0.053625 0.077670
7 0.496224 0.553398 0.052870 0.077670
45 0.100831 0.729976 0.098943 0.078883
47 0.449396 0.909587 0.294562 0.081311
33 0.568731 0.820995 0.054381 0.078883
37 0.716767 0.731189 0.054381 0.078883
43 0.242825 0.731796 0.053625 0.080097
27 0.584592 0.643204 0.052870 0.077670
40 0.686934 0.817961 0.053625 0.077670
48 0.732628 0.553398 0.054381 0.077670
2 0.198263 0.551578 0.053625 0.078883
34 0.745091 0.817354 0.053625 0.076456
17 0.078550 0.550364 0.052870 0.078883
20 0.880287 0.550971 0.114048 0.080097
55 0.391239 0.820388 0.052870 0.077670
36 0.643127 0.643204 0.053625 0.080097
59 0.465634 0.643204 0.053625 0.080097
3 0.257553 0.552791 0.054381 0.078883
16 0.331571 0.819782 0.054381 0.078883
28 0.539275 0.731189 0.054381 0.078883
4 0.317221 0.552791 0.052870 0.078883
14 0.626888 0.907160 0.054381 0.078883
39 0.819864 0.640777 0.053625 0.077670
46 0.856118 0.814927 0.156344 0.078883
51 0.405967 0.642597 0.053625 0.078883
5 0.376511 0.553398 0.053625 0.077670
56 0.228097 0.641990 0.054381 0.080097
12 0.776435 0.731189 0.054381 0.078883
38 0.702417 0.643204 0.054381 0.080097
53 0.524547 0.643204 0.053625 0.080097
21 0.287009 0.643204 0.054381 0.080097
30 0.495091 0.714806 0.896526 0.567961
0 0.672583 0.553398 0.055136 0.077670
9 0.614426 0.554005 0.055136 0.078883
35 0.509441 0.820388 0.053625 0.077670
15 0.450529 0.819782 0.055136 0.076456
11 0.790785 0.551578 0.052870 0.078883
41 0.168051 0.641990 0.055136 0.080097
50 0.745091 0.906553 0.053625 0.080097
58 0.212991 0.820388 0.054381 0.080097
32 0.153323 0.819175 0.054381 0.080097
19 0.301737 0.731796 0.053625 0.080097
54 0.761707 0.643811 0.053625 0.081311
25 0.479985 0.731796 0.053625 0.075243
22 0.894637 0.684466 0.083837 0.172330
26 0.834592 0.729369 0.052870 0.077670
13 0.270393 0.908374 0.054381 0.078883
31 0.657477 0.731189 0.052115 0.078883
8 0.554758 0.554612 0.053625 0.077670
24 0.420317 0.731189 0.052115 0.078883
57 0.272281 0.820388 0.053625 0.080097
1 0.138973 0.551578 0.052870 0.078883
