53 0.369760 0.527261 0.028942 0.043883
30 0.506487 0.544548 0.955090 0.397606
56 0.166667 0.525266 0.029940 0.045213
40 0.481038 0.633644 0.027944 0.043883
21 0.206587 0.525266 0.029940 0.045213
24 0.298403 0.579122 0.027944 0.043883
28 0.379242 0.579122 0.027944 0.043883
52 0.073852 0.528590 0.049900 0.046543
57 0.196108 0.633644 0.028942 0.043883
29 0.420659 0.579122 0.028942 0.043883
8 0.389222 0.472074 0.029940 0.045213
16 0.236527 0.632979 0.029940 0.045213
44 0.066367 0.636303 0.040918 0.043883
32 0.112774 0.635638 0.031936 0.047872
49 0.070359 0.691489 0.052894 0.047872
35 0.359281 0.632979 0.029940 0.045213
25 0.339820 0.579122 0.028942 0.043883
6 0.307884 0.472074 0.028942 0.045213
7 0.349800 0.472074 0.028942 0.042553
15 0.318363 0.632314 0.029940 0.043883
18 0.439621 0.634309 0.028942 0.045213
19 0.217066 0.579787 0.028942 0.045213
14 0.465569 0.688830 0.038922 0.045213
2 0.144711 0.473404 0.029940 0.045213
50 0.622754 0.689495 0.053892 0.046543
26 0.581337 0.579122 0.028942 0.043883
33 0.400200 0.633644 0.031936 0.046543
22 0.622255 0.552527 0.050898 0.099734
3 0.186128 0.473404 0.030938 0.045213
37 0.501497 0.579787 0.028942 0.045213
34 0.521956 0.632979 0.027944 0.045213
10 0.134232 0.579787 0.028942 0.047872
42 0.248503 0.525266 0.029940 0.045213
27 0.409681 0.525931 0.026946 0.043883
55 0.277445 0.633644 0.029940 0.043883
11 0.551896 0.472074 0.029940 0.045213
39 0.570858 0.525266 0.025948 0.045213
47 0.323852 0.689495 0.228543 0.049202
23 0.257984 0.579787 0.028942 0.045213
38 0.491018 0.525266 0.027944 0.042553
1 0.103792 0.472739 0.029940 0.043883
31 0.460080 0.579122 0.027944 0.043883
12 0.541916 0.578457 0.029940 0.045213
59 0.328842 0.525266 0.028942 0.045213
46 0.597804 0.633644 0.101796 0.043883
36 0.450100 0.525266 0.027944 0.045213
41 0.124750 0.526596 0.029940 0.045213
9 0.429641 0.472074 0.028942 0.045213
43 0.176148 0.580452 0.030938 0.046543
54 0.531437 0.525266 0.026946 0.045213
20 0.612275 0.471410 0.070858 0.046543
0 0.471058 0.472074 0.031936 0.045213
58 0.154691 0.634973 0.029940 0.046543
48 0.511976 0.472074 0.029940 0.045213
45 0.074351 0.581782 0.050898 0.046543
17 0.063373 0.474069 0.028942 0.043883
5 0.267465 0.472074 0.029940 0.045213
13 0.179641 0.690824 0.041916 0.046543
51 0.288922 0.524601 0.028942 0.046543
4 0.227545 0.472074 0.029940 0.045213
