3 0.252982 0.366795 0.052684 0.092664
12 0.758946 0.514479 0.050696 0.090734
33 0.567097 0.642857 0.052684 0.096525
15 0.450298 0.658301 0.055666 0.096525
8 0.537773 0.338803 0.049702 0.086873
9 0.592445 0.333012 0.047714 0.086873
25 0.475149 0.547297 0.051690 0.090734
7 0.482107 0.344595 0.047714 0.086873
39 0.787276 0.408301 0.045726 0.090734
23 0.358350 0.563707 0.052684 0.092664
48 0.700298 0.319498 0.050696 0.086873
16 0.329026 0.675676 0.055666 0.100386
20 0.820080 0.308880 0.075547 0.088803
6 0.425944 0.350386 0.050696 0.086873
46 0.807157 0.615830 0.073559 0.096525
11 0.753976 0.313707 0.048708 0.083012
18 0.623757 0.635135 0.052684 0.096525
53 0.514414 0.441120 0.050696 0.090734
27 0.570080 0.433398 0.048708 0.086873
0 0.647117 0.326255 0.049702 0.088803
41 0.163022 0.482625 0.053678 0.096525
49 0.068588 0.831081 0.077535 0.110039
30 0.495527 0.557915 0.941352 0.733591
43 0.237078 0.579151 0.054672 0.096525
51 0.401093 0.452703 0.050696 0.090734
38 0.680915 0.421815 0.051690 0.090734
57 0.268390 0.685328 0.053678 0.096525
44 0.073062 0.714286 0.072565 0.104247
59 0.458748 0.446911 0.050696 0.090734
42 0.342445 0.459459 0.052684 0.092664
31 0.646123 0.527992 0.049702 0.090734
28 0.533300 0.542471 0.050696 0.092664
54 0.735586 0.416023 0.049702 0.090734
40 0.681909 0.628378 0.053678 0.094595
21 0.282803 0.466216 0.054672 0.094595
4 0.311133 0.361004 0.049702 0.088803
34 0.741054 0.621622 0.052684 0.096525
2 0.193837 0.373552 0.053678 0.090734
26 0.809145 0.505792 0.045726 0.092664
22 0.843936 0.450772 0.065606 0.191120
13 0.267893 0.800193 0.056660 0.102317
19 0.298211 0.571429 0.053678 0.096525
50 0.763917 0.727799 0.074553 0.100386
47 0.455268 0.774131 0.304175 0.135135
24 0.417992 0.555019 0.052684 0.094595
14 0.638171 0.744208 0.053678 0.098456
58 0.206759 0.695946 0.055666 0.098456
56 0.223658 0.473938 0.053678 0.094595
55 0.391153 0.667954 0.052684 0.096525
17 0.075547 0.386100 0.053678 0.092664
1 0.135686 0.382239 0.052684 0.092664
45 0.092445 0.599421 0.099404 0.106178
5 0.368290 0.354247 0.050696 0.086873
10 0.176441 0.586873 0.054672 0.096525
29 0.589463 0.533784 0.051690 0.090734
36 0.624751 0.428571 0.050696 0.088803
37 0.702783 0.522201 0.051690 0.090734
35 0.508946 0.649614 0.051690 0.094595
52 0.086978 0.490347 0.082505 0.096525
32 0.143638 0.703668 0.054672 0.102317
