20 0.570000 0.210835 0.142000 0.140556
0 0.214000 0.210835 0.108000 0.137628
12 0.404500 0.527086 0.111000 0.152269
27 0.045000 0.363104 0.086000 0.140556
31 0.170500 0.525622 0.109000 0.149341
18 0.105000 0.690337 0.110000 0.147877
37 0.287000 0.527818 0.112000 0.147877
48 0.326500 0.210835 0.107000 0.137628
34 0.342000 0.693997 0.112000 0.152269
36 0.149000 0.365300 0.108000 0.142020
11 0.440500 0.209370 0.107000 0.134700
50 0.224000 0.880673 0.110000 0.191801
14 0.089500 0.879209 0.139000 0.191801
54 0.378000 0.365300 0.108000 0.144949
22 0.552500 0.528551 0.177000 0.149341
29 0.055000 0.524158 0.106000 0.149341
38 0.262000 0.365300 0.110000 0.144949
26 0.598000 0.368228 0.082000 0.144949
39 0.496000 0.368228 0.108000 0.144949
40 0.223000 0.691801 0.110000 0.147877
9 0.102000 0.211567 0.106000 0.136164
46 0.520500 0.697657 0.245000 0.156662
