43 0.289844 0.358333 0.046875 0.058333
31 0.641016 0.348438 0.044531 0.057292
11 0.743750 0.223438 0.043750 0.055208
18 0.619531 0.412500 0.046875 0.058333
28 0.541797 0.351042 0.046094 0.058333
41 0.227734 0.296354 0.047656 0.057292
56 0.277344 0.294792 0.046875 0.058333
36 0.625391 0.286458 0.046094 0.058333
8 0.550391 0.226562 0.046094 0.055208
37 0.690234 0.347396 0.046094 0.057292
53 0.527344 0.288542 0.045312 0.058333
27 0.576562 0.286979 0.045312 0.057292
7 0.501563 0.228125 0.045312 0.056250
45 0.176172 0.361458 0.072656 0.058333
30 0.495703 0.350000 0.736719 0.391667
10 0.239063 0.359375 0.046875 0.058333
33 0.568750 0.414062 0.048438 0.059375
15 0.467969 0.416667 0.048438 0.058333
2 0.253906 0.233854 0.046875 0.055208
13 0.323047 0.492708 0.064844 0.072917
32 0.212891 0.424479 0.050781 0.059375
46 0.796484 0.407813 0.103906 0.059375
48 0.696484 0.224479 0.044531 0.055208
23 0.391016 0.355729 0.047656 0.059375
0 0.648047 0.223958 0.046094 0.056250
25 0.491797 0.352604 0.046094 0.057292
17 0.160938 0.236979 0.032813 0.055208
42 0.378125 0.292708 0.046875 0.058333
47 0.473047 0.488021 0.228906 0.076042
40 0.669141 0.410417 0.046094 0.058333
1 0.203906 0.235417 0.045312 0.054167
22 0.805859 0.344271 0.078906 0.057292
4 0.353906 0.230729 0.045312 0.057292
38 0.674219 0.284896 0.045312 0.057292
52 0.170703 0.297396 0.058594 0.057292
19 0.340625 0.356771 0.046875 0.059375
44 0.162500 0.426563 0.048438 0.059375
29 0.591797 0.349479 0.046094 0.057292
12 0.738672 0.345833 0.046094 0.058333
14 0.621875 0.482292 0.064062 0.072917
6 0.452734 0.229167 0.046094 0.056250
49 0.160938 0.496875 0.048438 0.072917
50 0.679688 0.480208 0.048438 0.072917
3 0.303906 0.232292 0.046875 0.056250
57 0.316016 0.421875 0.047656 0.060417
5 0.403125 0.230208 0.045312 0.056250
20 0.802734 0.222396 0.064844 0.057292
55 0.417578 0.418750 0.047656 0.060417
9 0.599219 0.225000 0.045312 0.056250
58 0.264453 0.423438 0.047656 0.059375
35 0.518750 0.415625 0.046875 0.058333
34 0.717969 0.409896 0.046875 0.057292
21 0.327734 0.293750 0.047656 0.058333
59 0.478125 0.290104 0.046875 0.057292
26 0.818750 0.283333 0.043750 0.056250
16 0.366406 0.420312 0.048438 0.059375
51 0.428125 0.291146 0.045312 0.057292
39 0.771875 0.282813 0.045312 0.057292
24 0.441406 0.353646 0.046875 0.059375
54 0.722656 0.284375 0.045312 0.058333
