2 0.393646 0.297297 0.078269 0.093366
35 0.857274 0.609337 0.081031 0.100737
15 0.773481 0.614251 0.084715 0.103194
7 0.807551 0.290541 0.075506 0.089681
3 0.478821 0.295455 0.079190 0.094595
33 0.939687 0.605037 0.081952 0.101966
49 0.235727 0.768428 0.088398 0.133907
21 0.524401 0.400491 0.081952 0.098280
53 0.856814 0.391892 0.076427 0.095823
55 0.686924 0.619165 0.082873 0.103194
18 0.991713 0.599509 0.018416 0.100737
9 0.964088 0.286855 0.073665 0.089681
5 0.646409 0.292998 0.077348 0.092138
59 0.776703 0.394349 0.078269 0.095823
56 0.437385 0.402334 0.081031 0.099509
17 0.232044 0.300983 0.057090 0.095823
43 0.462247 0.513514 0.082873 0.100737
24 0.722836 0.504300 0.081031 0.099509
30 0.585635 0.511671 0.830571 0.691646
10 0.373849 0.515971 0.082873 0.103194
52 0.251381 0.407862 0.103131 0.100737
29 0.965930 0.493857 0.069982 0.098280
57 0.511050 0.626536 0.084715 0.105651
42 0.610037 0.398649 0.080110 0.097052
28 0.888122 0.498771 0.078269 0.098280
23 0.637661 0.507985 0.081952 0.101966
41 0.350368 0.406020 0.083794 0.099509
16 0.600368 0.622850 0.084715 0.105651
27 0.936924 0.388206 0.074586 0.093366
8 0.886280 0.288698 0.074586 0.090909
51 0.693831 0.396192 0.078269 0.097052
4 0.563536 0.293612 0.077348 0.093366
32 0.327808 0.633907 0.088398 0.105651
25 0.805709 0.501229 0.079190 0.098280
58 0.420810 0.630221 0.084715 0.105651
1 0.307551 0.298526 0.077348 0.093366
44 0.239411 0.636978 0.088398 0.106880
36 0.989411 0.386978 0.023020 0.093366
47 0.790055 0.738329 0.397790 0.144963
13 0.529926 0.757371 0.116943 0.133907
19 0.550645 0.510442 0.082873 0.101966
6 0.728361 0.291769 0.077348 0.092138
45 0.262891 0.519656 0.129834 0.105651
