2 0.419141 0.334375 0.066406 0.079167
35 0.812500 0.598958 0.068750 0.085417
15 0.741406 0.603125 0.071875 0.087500
7 0.770312 0.328646 0.064062 0.076042
3 0.491406 0.332813 0.067187 0.080208
33 0.882422 0.595313 0.069531 0.086458
49 0.285156 0.733854 0.075000 0.113542
21 0.530078 0.421875 0.069531 0.083333
53 0.812109 0.414583 0.064844 0.081250
55 0.667969 0.607292 0.070312 0.087500
18 0.953125 0.590625 0.068750 0.085417
9 0.903906 0.325521 0.064062 0.076042
5 0.633594 0.330729 0.065625 0.078125
59 0.744141 0.416667 0.066406 0.081250
56 0.456250 0.423438 0.068750 0.084375
17 0.282031 0.337500 0.048438 0.081250
43 0.477344 0.517708 0.070312 0.085417
24 0.698438 0.509896 0.068750 0.084375
30 0.614453 0.516146 0.769531 0.586458
10 0.402344 0.519792 0.070312 0.087500
52 0.298438 0.428125 0.087500 0.085417
29 0.907422 0.501042 0.064844 0.083333
57 0.518750 0.613542 0.071875 0.089583
14 0.957812 0.696875 0.075000 0.108333
42 0.602734 0.420312 0.067969 0.082292
28 0.838672 0.505208 0.066406 0.083333
23 0.626172 0.513021 0.069531 0.086458
41 0.382422 0.426563 0.071094 0.084375
0 0.967969 0.324479 0.057813 0.076042
16 0.594531 0.610417 0.071875 0.089583
31 0.970313 0.497396 0.051562 0.082292
27 0.880078 0.411458 0.063281 0.079167
8 0.837109 0.327083 0.063281 0.077083
51 0.673828 0.418229 0.066406 0.082292
4 0.563281 0.331250 0.065625 0.079167
32 0.363281 0.619792 0.075000 0.089583
25 0.768750 0.507292 0.067187 0.083333
58 0.442188 0.616667 0.071875 0.089583
1 0.346094 0.335417 0.065625 0.079167
44 0.288281 0.622396 0.075000 0.090625
36 0.947266 0.410417 0.064844 0.079167
47 0.755469 0.708333 0.337500 0.122917
13 0.534766 0.724479 0.099219 0.113542
19 0.552344 0.515104 0.070312 0.086458
6 0.703125 0.329688 0.065625 0.078125
45 0.308203 0.522917 0.110156 0.089583
