47 0.195622 0.163054 0.167676 0.043851
27 0.246696 0.046371 0.024229 0.035282
0 0.281388 0.014365 0.023128 0.027722
1 0.059196 0.018145 0.024780 0.035282
45 0.033040 0.088710 0.050661 0.039315
55 0.163409 0.122732 0.026156 0.038810
32 0.053827 0.127016 0.028910 0.041331
15 0.190666 0.122732 0.026156 0.038810
18 0.269824 0.120464 0.026982 0.039315
19 0.125275 0.086946 0.025330 0.038810
42 0.145650 0.049647 0.025330 0.035786
24 0.177726 0.086442 0.026156 0.037802
58 0.081498 0.126260 0.027533 0.039819
48 0.305204 0.014113 0.023954 0.027218
37 0.306580 0.080645 0.025055 0.036290
30 0.227698 0.102571 0.454846 0.204133
51 0.171256 0.049395 0.024229 0.036290
8 0.232792 0.014869 0.022852 0.028730
56 0.095127 0.051159 0.025606 0.037802
39 0.346228 0.042843 0.024504 0.035282
2 0.084664 0.017137 0.024504 0.033266
29 0.255231 0.082913 0.024229 0.037802
43 0.097742 0.086190 0.026982 0.039315
36 0.271476 0.046119 0.024229 0.034778
41 0.067731 0.052419 0.026982 0.037298
5 0.159416 0.016381 0.023128 0.031754
3 0.109719 0.016885 0.024504 0.032762
53 0.222054 0.047631 0.024504 0.034778
6 0.184196 0.016129 0.023128 0.031250
59 0.197825 0.048639 0.024504 0.034778
26 0.357104 0.078377 0.026432 0.036794
12 0.332186 0.080141 0.024504 0.038306
52 0.033728 0.051159 0.042126 0.036794
31 0.280975 0.081653 0.023954 0.036290
11 0.330121 0.014113 0.024229 0.027218
40 0.295980 0.118700 0.026982 0.037802
57 0.109444 0.125000 0.027258 0.040323
22 0.379681 0.057208 0.044053 0.077117
13 0.098155 0.166583 0.028910 0.043851
49 0.014042 0.170111 0.027533 0.045867
23 0.151432 0.085938 0.024780 0.037802
16 0.136564 0.123740 0.025881 0.037802
46 0.371145 0.115423 0.074339 0.041331
34 0.323376 0.118196 0.025606 0.037802
33 0.243254 0.120716 0.026156 0.039819
4 0.134912 0.016381 0.023678 0.031754
28 0.229075 0.083417 0.024229 0.037802
9 0.256883 0.014617 0.023128 0.028226
7 0.208700 0.015373 0.022577 0.029738
25 0.204020 0.084173 0.023678 0.036290
54 0.321311 0.044607 0.024780 0.034778
14 0.292126 0.157762 0.027533 0.043347
35 0.216960 0.122228 0.025330 0.038810
38 0.296806 0.045363 0.024229 0.034274
10 0.071311 0.087450 0.026432 0.038810
50 0.346090 0.156250 0.028634 0.043347
44 0.020787 0.128024 0.037720 0.041331
21 0.119906 0.050655 0.025606 0.037802
17 0.032489 0.018145 0.027533 0.035282
20 0.365501 0.013861 0.049284 0.026714
