47 0.223639 0.235587 0.174499 0.045597
27 0.276791 0.114256 0.025215 0.036688
0 0.312894 0.077044 0.024069 0.036688
1 0.081662 0.084644 0.025788 0.038260
45 0.054441 0.158281 0.052722 0.040881
55 0.190115 0.193658 0.027221 0.040356
32 0.076074 0.198113 0.030086 0.042977
15 0.218481 0.193658 0.027221 0.040356
18 0.300860 0.191300 0.028080 0.040881
19 0.150430 0.156447 0.026361 0.040356
42 0.171633 0.117662 0.026361 0.037212
24 0.205014 0.155922 0.027221 0.039308
58 0.104871 0.197327 0.028653 0.041405
48 0.337966 0.076520 0.024928 0.036688
37 0.339112 0.149895 0.026074 0.037736
30 0.250860 0.152778 0.486246 0.253145
51 0.198281 0.117400 0.025215 0.037736
8 0.262607 0.078092 0.023782 0.036688
56 0.119054 0.119235 0.026648 0.039308
39 0.380372 0.110587 0.025501 0.036688
2 0.108453 0.082285 0.025501 0.037736
29 0.285673 0.152254 0.025215 0.039308
43 0.121777 0.155660 0.028080 0.040881
36 0.302579 0.113994 0.025215 0.036164
41 0.090544 0.120545 0.028080 0.038784
5 0.185960 0.081237 0.024069 0.036688
3 0.134527 0.081761 0.025501 0.037736
53 0.251146 0.115566 0.025501 0.036164
6 0.211748 0.080975 0.024069 0.037212
59 0.225931 0.116614 0.025501 0.036164
26 0.391691 0.147537 0.027507 0.038260
12 0.365759 0.149371 0.025501 0.039832
52 0.055158 0.119235 0.043840 0.038260
31 0.312464 0.150943 0.024928 0.037736
11 0.363610 0.076520 0.025215 0.036688
40 0.328080 0.189465 0.028080 0.039308
57 0.133954 0.196017 0.028367 0.041929
22 0.415186 0.125524 0.045845 0.080189
13 0.122206 0.239256 0.030086 0.045597
49 0.031948 0.243449 0.034670 0.047694
23 0.177650 0.155398 0.025788 0.039308
16 0.162178 0.194706 0.026934 0.039308
46 0.406304 0.186059 0.077364 0.042977
34 0.356590 0.188941 0.026648 0.039308
33 0.273209 0.191562 0.027221 0.041405
4 0.160458 0.081499 0.024642 0.037212
28 0.258453 0.152778 0.025215 0.039308
9 0.287393 0.077830 0.024069 0.037212
7 0.237249 0.079140 0.023496 0.036688
25 0.232378 0.153564 0.024642 0.037736
54 0.354441 0.112421 0.025788 0.036164
14 0.324069 0.230084 0.028653 0.045073
35 0.245845 0.193134 0.026361 0.040356
38 0.328940 0.113208 0.025215 0.035639
10 0.094269 0.156971 0.027507 0.040356
50 0.380229 0.228512 0.029799 0.045073
44 0.041691 0.199161 0.039255 0.042977
21 0.144842 0.118711 0.026648 0.039308
17 0.053868 0.084644 0.028653 0.038260
20 0.400716 0.075996 0.051289 0.036688
