29 0.502593 0.541908 0.040456 0.124277
15 0.372407 0.682081 0.043568 0.132948
23 0.297718 0.543353 0.041494 0.121387
49 0.096992 0.833815 0.052905 0.141618
53 0.439315 0.406069 0.040456 0.124277
39 0.689315 0.406069 0.042531 0.124277
9 0.514004 0.278902 0.040456 0.124277
58 0.160788 0.686416 0.045643 0.135838
41 0.133299 0.407514 0.046680 0.127168
14 0.550311 0.825145 0.044606 0.135838
18 0.528527 0.682081 0.042531 0.127168
32 0.261929 0.833815 0.046680 0.141618
40 0.580394 0.682081 0.042531 0.127168
30 0.505705 0.521676 0.990664 0.846821
43 0.191390 0.541908 0.042531 0.124277
42 0.287863 0.408960 0.044606 0.124277
31 0.553942 0.541908 0.041494 0.124277
55 0.321058 0.683526 0.042531 0.130058
28 0.450726 0.540462 0.040456 0.121387
12 0.655602 0.543353 0.041494 0.121387
26 0.735996 0.408960 0.038382 0.124277
57 0.215249 0.684971 0.046680 0.132948
38 0.589212 0.407514 0.041494 0.121387
13 0.206950 0.830925 0.046680 0.135838
7 0.414419 0.276012 0.040456 0.118497
25 0.399896 0.541908 0.042531 0.124277
17 0.065353 0.280347 0.039419 0.121387
54 0.639523 0.406069 0.042531 0.124277
45 0.070539 0.544798 0.076763 0.130058
48 0.610477 0.277457 0.042531 0.121387
6 0.365145 0.278902 0.041494 0.118497
47 0.406639 0.828035 0.226141 0.135838
20 0.717842 0.277457 0.060166 0.115607
8 0.464730 0.277457 0.039419 0.121387
16 0.268154 0.684971 0.044606 0.132948
50 0.656120 0.823699 0.044606 0.132948
35 0.424274 0.683526 0.043568 0.130058
11 0.659751 0.276012 0.041494 0.118497
46 0.691390 0.680636 0.057054 0.130058
2 0.164938 0.277457 0.045643 0.127168
4 0.266598 0.278902 0.043568 0.118497
44 0.077801 0.686416 0.103734 0.135838
36 0.539419 0.406069 0.041494 0.118497
10 0.139004 0.544798 0.045643 0.124277
52 0.071058 0.407514 0.063278 0.127168
21 0.237552 0.406069 0.043568 0.124277
37 0.604772 0.543353 0.041494 0.121387
5 0.315871 0.277457 0.042531 0.121387
27 0.489627 0.407514 0.039419 0.121387
34 0.633299 0.680636 0.042531 0.130058
59 0.388485 0.406069 0.040456 0.124277
24 0.348548 0.543353 0.041494 0.121387
33 0.476141 0.679191 0.043568 0.132948
56 0.184129 0.404624 0.042531 0.121387
22 0.720436 0.539017 0.073651 0.124277
3 0.216286 0.277457 0.046680 0.121387
0 0.562759 0.280347 0.040456 0.121387
51 0.338693 0.407514 0.040456 0.121387
19 0.245332 0.541908 0.044606 0.124277
1 0.112033 0.276012 0.043568 0.124277
