22 0.916329 0.429730 0.104462 0.154054
41 0.159736 0.390541 0.063895 0.078378
13 0.253550 0.635135 0.064909 0.086486
31 0.675456 0.466892 0.058824 0.079730
0 0.683570 0.312838 0.058824 0.074324
1 0.133874 0.312838 0.060852 0.077027
38 0.718053 0.389865 0.058824 0.077027
59 0.470588 0.387162 0.058824 0.077027
48 0.742394 0.313514 0.058824 0.075676
2 0.195233 0.312838 0.059838 0.077027
27 0.594828 0.388514 0.057809 0.077027
20 0.889452 0.314189 0.117647 0.074324
16 0.323022 0.550000 0.065923 0.083784
47 0.445233 0.633784 0.310345 0.086486
26 0.860041 0.466892 0.062880 0.079730
8 0.561866 0.312838 0.056795 0.074324
29 0.614097 0.466892 0.061866 0.079730
5 0.378803 0.311486 0.059838 0.077027
58 0.194219 0.550676 0.063895 0.082432
49 0.054260 0.636486 0.072008 0.089189
34 0.776369 0.548649 0.063895 0.081081
21 0.283976 0.388514 0.060852 0.079730
36 0.656187 0.388514 0.060852 0.077027
32 0.129817 0.550676 0.066937 0.085135
14 0.635903 0.633784 0.064909 0.086486
25 0.486308 0.466892 0.061866 0.079730
24 0.421907 0.466216 0.058824 0.078378
6 0.438641 0.311486 0.059838 0.077027
12 0.799189 0.466216 0.060852 0.078378
33 0.584686 0.550000 0.063895 0.083784
23 0.359026 0.466892 0.060852 0.079730
3 0.255578 0.311486 0.060852 0.077027
30 0.506085 0.471622 0.973631 0.508108
7 0.501014 0.311486 0.058824 0.077027
15 0.453347 0.549324 0.064909 0.085135
35 0.519270 0.548649 0.060852 0.081081
11 0.800710 0.314189 0.055781 0.074324
19 0.295639 0.466892 0.061866 0.079730
56 0.221602 0.387838 0.059838 0.078378
50 0.767241 0.631757 0.065923 0.087838
9 0.623225 0.312162 0.059838 0.075676
39 0.837221 0.389865 0.059838 0.077027
17 0.078093 0.314189 0.046653 0.077027
45 0.087728 0.467568 0.096349 0.081081
43 0.231744 0.466892 0.063895 0.079730
51 0.407708 0.387162 0.058824 0.077027
42 0.345842 0.387838 0.060852 0.078378
18 0.647566 0.547973 0.061866 0.082432
57 0.258621 0.550000 0.064909 0.083784
10 0.168864 0.467568 0.061866 0.078378
28 0.549189 0.467568 0.057809 0.078378
4 0.316937 0.310811 0.059838 0.078378
46 0.891481 0.544595 0.174442 0.081081
53 0.532961 0.388514 0.059838 0.077027
55 0.388945 0.550000 0.063895 0.083784
54 0.778398 0.390541 0.059838 0.075676
52 0.089249 0.387838 0.077079 0.078378
40 0.711968 0.547973 0.062880 0.079730
44 0.062880 0.551351 0.068966 0.083784
37 0.738337 0.466892 0.058824 0.079730
