19 0.196129 0.463876 0.040000 0.072248
48 0.553871 0.269495 0.047097 0.082569
39 0.633548 0.348050 0.047742 0.081422
44 0.023226 0.560780 0.045161 0.073394
2 0.120968 0.306766 0.040645 0.076835
15 0.318387 0.543005 0.043226 0.074541
57 0.168387 0.551032 0.041290 0.072248
56 0.140323 0.384174 0.038065 0.068807
23 0.245484 0.461009 0.039355 0.071101
26 0.648710 0.436353 0.048387 0.086009
37 0.544839 0.439794 0.043226 0.072248
43 0.147742 0.466743 0.038710 0.071101
59 0.333226 0.370986 0.040645 0.069954
20 0.685161 0.254587 0.103226 0.082569
22 0.702903 0.385894 0.088387 0.170872
5 0.260968 0.293578 0.041935 0.075688
53 0.382581 0.366972 0.041290 0.071101
30 0.500645 0.442661 1.000000 0.653670
11 0.604194 0.263188 0.044516 0.076835
27 0.432581 0.362385 0.039355 0.068807
25 0.345484 0.454702 0.040645 0.069954
29 0.446129 0.447248 0.040645 0.071101
34 0.572258 0.527523 0.047742 0.077982
28 0.394839 0.451261 0.041290 0.072248
58 0.121290 0.554472 0.038710 0.072248
6 0.309032 0.288991 0.041290 0.073394
46 0.676452 0.520642 0.151613 0.084862
33 0.420968 0.538417 0.045806 0.081422
32 0.075161 0.560206 0.045806 0.081422
8 0.407097 0.284404 0.043871 0.077982
55 0.267742 0.545298 0.041290 0.074541
1 0.074516 0.309633 0.038065 0.071101
40 0.520968 0.529817 0.045806 0.075688
54 0.581290 0.350917 0.045161 0.075688
13 0.152581 0.643922 0.044516 0.086009
45 0.037742 0.475344 0.074194 0.069954
47 0.308710 0.634748 0.257419 0.092890
21 0.190000 0.384748 0.045806 0.079128
35 0.369032 0.538991 0.042581 0.073394
0 0.504839 0.275229 0.045806 0.082569
14 0.463548 0.626720 0.048387 0.086009
50 0.566774 0.618693 0.049677 0.083716
18 0.469677 0.533830 0.045161 0.079128
16 0.217742 0.548165 0.043226 0.073394
24 0.294839 0.457569 0.040000 0.071101
41 0.095161 0.391628 0.044516 0.076835
36 0.480968 0.358945 0.043226 0.071101
17 0.029355 0.314220 0.038065 0.068807
49 0.017742 0.649656 0.034194 0.081422
42 0.236129 0.377294 0.041290 0.068807
52 0.035806 0.393349 0.060000 0.071101
9 0.456129 0.280390 0.045161 0.083716
10 0.101613 0.470757 0.038065 0.069954
38 0.530968 0.354358 0.043871 0.071101
12 0.596774 0.435780 0.045161 0.073394
4 0.213226 0.295872 0.040645 0.073394
31 0.495484 0.443234 0.040000 0.072248
7 0.358710 0.286124 0.042581 0.074541
51 0.284839 0.373853 0.039355 0.071101
3 0.166774 0.302752 0.043226 0.082569
