29 0.536585 0.299591 0.046070 0.063395
19 0.287263 0.295501 0.046070 0.063395
23 0.336043 0.295501 0.046070 0.063395
32 0.159892 0.360941 0.048780 0.063395
16 0.308943 0.364008 0.048780 0.065440
25 0.436314 0.297546 0.046070 0.063395
37 0.636179 0.302658 0.047425 0.061350
0 0.602304 0.165644 0.047425 0.061350
5 0.355014 0.161554 0.046070 0.061350
11 0.701220 0.165644 0.044715 0.061350
28 0.486450 0.298569 0.046070 0.065440
33 0.509485 0.368098 0.048780 0.065440
56 0.228997 0.224949 0.046070 0.061350
55 0.359756 0.364008 0.047425 0.065440
7 0.452575 0.161554 0.046070 0.061350
12 0.686992 0.302658 0.046070 0.065440
13 0.263550 0.439673 0.063686 0.077710
26 0.775745 0.236196 0.044715 0.063395
17 0.117209 0.158487 0.033875 0.059305
39 0.725610 0.234151 0.047425 0.063395
3 0.256098 0.159509 0.046070 0.061350
51 0.376016 0.228016 0.044715 0.063395
50 0.618564 0.451943 0.047425 0.077710
42 0.326558 0.228016 0.046070 0.063395
9 0.552168 0.163599 0.047425 0.061350
48 0.651084 0.165644 0.047425 0.061350
8 0.502033 0.163599 0.047425 0.061350
38 0.625339 0.232106 0.047425 0.063395
52 0.125339 0.225971 0.058266 0.063395
18 0.559621 0.369121 0.046070 0.063395
27 0.525745 0.230061 0.046070 0.063395
47 0.411924 0.442740 0.224932 0.079755
36 0.575203 0.232106 0.047425 0.063395
35 0.459350 0.367076 0.048780 0.063395
6 0.404472 0.161554 0.047425 0.061350
43 0.237805 0.293456 0.047425 0.063395
54 0.675474 0.234151 0.047425 0.063395
2 0.207995 0.157464 0.047425 0.061350
24 0.386179 0.297546 0.046070 0.063395
41 0.179539 0.223926 0.047425 0.063395
53 0.475610 0.230061 0.046070 0.063395
4 0.306233 0.159509 0.046070 0.061350
45 0.127371 0.293456 0.070461 0.063395
22 0.754743 0.303681 0.081301 0.063395
59 0.426152 0.230061 0.047425 0.063395
21 0.277778 0.225971 0.046070 0.063395
49 0.108401 0.435583 0.048780 0.077710
57 0.260163 0.362986 0.046070 0.063395
15 0.409214 0.366053 0.048780 0.065440
20 0.762873 0.168712 0.070461 0.063395
34 0.659892 0.371166 0.048780 0.063395
31 0.585366 0.300613 0.046070 0.065440
46 0.741870 0.374233 0.107046 0.065440
10 0.189024 0.293456 0.047425 0.063395
44 0.111789 0.361963 0.047425 0.061350
40 0.610434 0.369121 0.047425 0.063395
30 0.516260 0.295501 0.878049 0.435583
58 0.210027 0.361963 0.046070 0.065440
1 0.159214 0.157464 0.044715 0.061350
14 0.558266 0.445808 0.062331 0.077710
