29 0.545455 0.301502 0.048295 0.066524
19 0.284091 0.297210 0.048295 0.066524
23 0.335227 0.297210 0.048295 0.066524
32 0.150568 0.365880 0.051136 0.066524
16 0.306818 0.369099 0.051136 0.068670
25 0.440341 0.299356 0.048295 0.066524
37 0.649858 0.304721 0.049716 0.064378
0 0.614347 0.160944 0.049716 0.064378
5 0.355114 0.156652 0.048295 0.064378
11 0.718040 0.160944 0.046875 0.064378
28 0.492898 0.300429 0.048295 0.068670
33 0.517045 0.373391 0.051136 0.068670
56 0.223011 0.223176 0.048295 0.064378
55 0.360085 0.369099 0.049716 0.068670
7 0.457386 0.156652 0.048295 0.064378
12 0.703125 0.304721 0.048295 0.068670
13 0.259233 0.448498 0.066761 0.081545
26 0.796165 0.234979 0.046875 0.066524
17 0.105824 0.153433 0.035511 0.062232
39 0.743608 0.232833 0.049716 0.066524
3 0.251420 0.154506 0.048295 0.064378
51 0.377131 0.226395 0.046875 0.066524
50 0.631392 0.461373 0.049716 0.081545
42 0.325284 0.226395 0.048295 0.066524
9 0.561790 0.158798 0.049716 0.064378
48 0.665483 0.160944 0.049716 0.064378
8 0.509233 0.158798 0.049716 0.064378
38 0.638494 0.230687 0.049716 0.066524
52 0.114347 0.224249 0.061080 0.066524
18 0.569602 0.374464 0.048295 0.066524
27 0.534091 0.228541 0.048295 0.066524
47 0.414773 0.451717 0.235795 0.083691
36 0.585938 0.230687 0.049716 0.066524
35 0.464489 0.372318 0.051136 0.066524
6 0.406960 0.156652 0.049716 0.064378
43 0.232244 0.295064 0.049716 0.066524
54 0.691051 0.232833 0.049716 0.066524
2 0.200994 0.152361 0.049716 0.064378
24 0.387784 0.299356 0.048295 0.066524
41 0.171165 0.222103 0.049716 0.066524
53 0.481534 0.228541 0.048295 0.066524
4 0.303977 0.154506 0.048295 0.064378
45 0.116477 0.295064 0.073864 0.066524
22 0.774148 0.305794 0.085227 0.066524
59 0.429688 0.228541 0.049716 0.066524
21 0.274148 0.224249 0.048295 0.066524
49 0.096591 0.444206 0.051136 0.081545
57 0.255682 0.368026 0.048295 0.066524
15 0.411932 0.371245 0.051136 0.068670
20 0.782670 0.164163 0.073864 0.066524
34 0.674716 0.376609 0.051136 0.066524
31 0.596591 0.302575 0.048295 0.068670
46 0.760653 0.379828 0.112216 0.068670
10 0.181108 0.295064 0.049716 0.066524
44 0.100142 0.366953 0.049716 0.064378
40 0.622869 0.374464 0.049716 0.066524
30 0.524148 0.297210 0.920455 0.457082
58 0.203125 0.366953 0.048295 0.068670
1 0.149858 0.152361 0.046875 0.064378
14 0.568182 0.454936 0.065341 0.081545
