19 0.584599 0.635611 0.075276 0.120083
52 0.255870 0.494306 0.126381 0.114907
10 0.392610 0.632505 0.073895 0.118012
57 0.537638 0.778468 0.078039 0.126294
16 0.634323 0.778986 0.078039 0.125259
35 0.928522 0.781573 0.078039 0.124224
28 0.965124 0.640787 0.071133 0.120083
21 0.561119 0.498965 0.072514 0.113872
2 0.421616 0.364389 0.073895 0.111801
58 0.437500 0.776915 0.076657 0.127329
23 0.681975 0.639234 0.076657 0.121118
8 0.968577 0.373706 0.064227 0.113872
53 0.936809 0.503623 0.072514 0.114907
13 0.498619 0.927536 0.107735 0.132505
45 0.248619 0.632505 0.129834 0.120083
51 0.750000 0.501035 0.070442 0.111801
32 0.339779 0.773810 0.078729 0.125259
7 0.883287 0.372153 0.073204 0.110766
49 0.235497 0.923395 0.136740 0.134576
41 0.371892 0.495859 0.075276 0.118012
59 0.842887 0.503106 0.071133 0.113872
15 0.831492 0.778986 0.077348 0.125259
1 0.329765 0.364907 0.073895 0.110766
47 0.784530 0.927536 0.432320 0.134576
24 0.776934 0.636646 0.074586 0.118012
55 0.733080 0.778986 0.078039 0.125259
5 0.700276 0.369565 0.077348 0.113872
3 0.513467 0.366460 0.075276 0.111801
4 0.607735 0.367495 0.074586 0.111801
6 0.791782 0.370600 0.075276 0.111801
56 0.466506 0.497412 0.072514 0.114907
17 0.239296 0.362836 0.072514 0.110766
25 0.873619 0.638716 0.074586 0.118012
44 0.228936 0.773810 0.108425 0.125259
43 0.487914 0.634576 0.075276 0.118012
42 0.655732 0.500000 0.072514 0.113872
30 0.501036 0.508799 0.999309 0.984472
