39 0.639466 0.559406 0.034125 0.047525
16 0.240727 0.677228 0.033383 0.043564
1 0.152448 0.511881 0.033383 0.043564
54 0.596810 0.560891 0.033383 0.046535
12 0.609050 0.615842 0.034125 0.045545
41 0.170252 0.566832 0.033383 0.044554
48 0.573813 0.505446 0.033383 0.046535
10 0.178412 0.622277 0.028932 0.044554
43 0.221439 0.621782 0.027448 0.041584
6 0.364243 0.508416 0.031157 0.044554
59 0.383902 0.562871 0.033383 0.044554
25 0.393917 0.619307 0.034125 0.046535
19 0.265950 0.621287 0.030415 0.044554
27 0.469214 0.561386 0.031899 0.043564
22 0.694733 0.587129 0.057122 0.104950
57 0.196217 0.677723 0.033383 0.044554
9 0.489614 0.506436 0.034125 0.046535
37 0.565653 0.616832 0.033383 0.045545
3 0.236647 0.510891 0.032641 0.045545
52 0.117211 0.568317 0.056380 0.043564
20 0.680638 0.502970 0.076409 0.045545
51 0.341988 0.563861 0.032641 0.044554
15 0.327893 0.674752 0.034125 0.044554
31 0.523368 0.616337 0.031899 0.044554
35 0.413947 0.674752 0.034125 0.046535
11 0.616469 0.503960 0.031157 0.045545
7 0.405045 0.507426 0.034125 0.046535
24 0.351261 0.619802 0.033383 0.045545
30 0.501484 0.582178 0.998516 0.455446
56 0.213650 0.566832 0.029674 0.042574
21 0.257047 0.565842 0.033383 0.048515
14 0.530045 0.731188 0.045252 0.048515
5 0.321217 0.509901 0.032641 0.045545
44 0.103487 0.681188 0.045252 0.043564
47 0.374629 0.738119 0.249258 0.056436
50 0.701409 0.731683 0.060089 0.053465
42 0.298961 0.565347 0.032641 0.047525
40 0.545252 0.672277 0.032641 0.043564
23 0.308605 0.620297 0.032641 0.044554
28 0.436573 0.618812 0.033383 0.047525
8 0.446958 0.508911 0.033383 0.047525
26 0.651335 0.615347 0.034125 0.048515
0 0.531899 0.506436 0.032641 0.046535
2 0.192878 0.511881 0.032641 0.045545
53 0.425816 0.562376 0.032641 0.045545
49 0.104599 0.737129 0.060831 0.048515
17 0.109421 0.512871 0.031899 0.041584
46 0.671736 0.670792 0.110534 0.044554
36 0.511128 0.561881 0.034125 0.046535
45 0.113872 0.623762 0.057122 0.043564
34 0.589392 0.671287 0.031899 0.043564
4 0.279303 0.509901 0.031899 0.043564
32 0.150964 0.678713 0.034866 0.044554
13 0.219214 0.735644 0.045252 0.045545
18 0.500742 0.672277 0.032641 0.043564
29 0.479599 0.617822 0.033383 0.045545
58 0.370920 0.675248 0.034125 0.045545
38 0.554525 0.561386 0.033383 0.045545
55 0.284496 0.675743 0.033383 0.042574
33 0.456973 0.675743 0.035608 0.048515
