39 0.970588 0.432056 0.060372 0.153310
4 0.342105 0.265679 0.065015 0.148084
28 0.620356 0.600174 0.065789 0.151568
33 0.657508 0.767422 0.068885 0.151568
25 0.546053 0.597561 0.067337 0.149826
34 0.880031 0.765679 0.066563 0.148084
49 0.049149 0.929443 0.078173 0.144599
9 0.714396 0.266551 0.068111 0.149826
48 0.862616 0.266551 0.067337 0.149826
43 0.249226 0.599303 0.066563 0.146341
24 0.472136 0.599303 0.066563 0.149826
38 0.825077 0.429443 0.066563 0.148084
12 0.917570 0.597561 0.067337 0.149826
3 0.268963 0.266551 0.067337 0.149826
11 0.935759 0.261324 0.065015 0.146341
58 0.212461 0.764808 0.065789 0.146341
35 0.583978 0.766551 0.067337 0.149826
53 0.602554 0.432056 0.067337 0.153310
41 0.156734 0.432927 0.068885 0.155052
44 0.052632 0.766551 0.086687 0.146341
56 0.230650 0.428571 0.066563 0.149826
42 0.379644 0.432056 0.067337 0.149826
15 0.509675 0.766551 0.068885 0.149826
55 0.434985 0.764808 0.068111 0.149826
37 0.843653 0.599303 0.066563 0.149826
0 0.788313 0.266551 0.067337 0.149826
14 0.774768 0.930314 0.082043 0.142857
27 0.675697 0.429443 0.066563 0.148084
1 0.117647 0.262195 0.065015 0.148084
50 0.854102 0.930314 0.071981 0.142857
30 0.500774 0.501742 1.000000 1.000000
5 0.416796 0.264808 0.067337 0.149826
19 0.324303 0.599303 0.068111 0.149826
40 0.806889 0.765679 0.067337 0.148084
6 0.491099 0.265679 0.067337 0.148084
54 0.898607 0.430314 0.066563 0.149826
17 0.043731 0.263066 0.064241 0.146341
52 0.062693 0.432056 0.103715 0.149826
57 0.286765 0.764808 0.065789 0.146341
45 0.071207 0.601045 0.120743 0.146341
7 0.566176 0.266551 0.067337 0.149826
26 0.979876 0.597561 0.041796 0.153310
8 0.640867 0.266551 0.068111 0.149826
23 0.398220 0.599303 0.065789 0.149826
46 0.960139 0.765679 0.081269 0.151568
13 0.202399 0.931185 0.071981 0.141115
21 0.304954 0.434669 0.069659 0.155052
2 0.193885 0.264808 0.067337 0.149826
36 0.750000 0.431185 0.066563 0.151568
18 0.731811 0.766551 0.067337 0.149826
29 0.694659 0.598432 0.065789 0.151568
51 0.453173 0.429443 0.065789 0.148084
47 0.529025 0.929443 0.409443 0.144599
32 0.137771 0.765679 0.068111 0.151568
10 0.174536 0.597561 0.065789 0.149826
59 0.527864 0.431185 0.068111 0.151568
31 0.768576 0.599303 0.066563 0.149826
16 0.360681 0.767422 0.068111 0.151568
