18 0.531343 0.713221 0.038806 0.058648
40 0.584701 0.712724 0.038060 0.055666
54 0.650746 0.574056 0.038806 0.056660
52 0.057090 0.573559 0.064925 0.055666
53 0.440299 0.574056 0.038806 0.056660
23 0.295149 0.643638 0.038060 0.056660
50 0.769776 0.783300 0.067910 0.057654
19 0.242537 0.643141 0.038806 0.055666
42 0.282463 0.574056 0.039552 0.056660
45 0.056716 0.644632 0.065672 0.056660
29 0.506343 0.643141 0.038060 0.057654
48 0.624254 0.504473 0.041045 0.056660
41 0.122388 0.574056 0.040299 0.058648
21 0.229104 0.574553 0.038806 0.057654
14 0.565672 0.783797 0.053731 0.056660
31 0.558582 0.643638 0.038060 0.056660
57 0.216045 0.713221 0.038060 0.056660
8 0.466045 0.504473 0.041045 0.058648
16 0.268284 0.713221 0.038060 0.056660
5 0.308209 0.504473 0.040299 0.058648
51 0.334701 0.573062 0.038060 0.056660
22 0.769776 0.608847 0.067910 0.130219
10 0.135821 0.643638 0.038806 0.056660
3 0.201866 0.504970 0.041045 0.059642
58 0.162687 0.713718 0.038806 0.055666
2 0.148507 0.504473 0.040299 0.058648
17 0.043284 0.503976 0.038806 0.055666
26 0.716045 0.644135 0.038060 0.055666
25 0.400373 0.643638 0.038060 0.056660
15 0.373507 0.712724 0.039552 0.057654
32 0.108955 0.714712 0.040299 0.057654
13 0.195149 0.783797 0.051493 0.056660
7 0.413060 0.504970 0.041045 0.057654
12 0.663806 0.643638 0.038060 0.056660
34 0.636940 0.713221 0.038060 0.056660
30 0.500746 0.583002 1.000000 0.539761
27 0.492910 0.572565 0.038060 0.055666
38 0.598134 0.573559 0.038060 0.055666
6 0.360821 0.503976 0.041045 0.057654
37 0.610821 0.643638 0.038060 0.056660
39 0.703358 0.573062 0.039552 0.058648
36 0.545522 0.574056 0.038806 0.056660
11 0.676866 0.503479 0.038806 0.054672
24 0.347761 0.642644 0.038806 0.056660
28 0.453358 0.643638 0.038060 0.056660
20 0.756343 0.503479 0.091791 0.054672
44 0.049627 0.715706 0.051493 0.055666
1 0.096269 0.503976 0.038806 0.055666
33 0.479851 0.713718 0.040299 0.057654
4 0.255224 0.504970 0.040299 0.057654
56 0.176493 0.574056 0.039552 0.056660
46 0.736940 0.713718 0.130597 0.057654
35 0.426493 0.713221 0.038060 0.056660
47 0.380970 0.784294 0.294776 0.059642
43 0.189179 0.643638 0.038060 0.056660
59 0.388060 0.573559 0.038806 0.057654
0 0.571269 0.503976 0.041045 0.057654
49 0.055970 0.783797 0.067164 0.056660
55 0.321269 0.713221 0.038060 0.056660
9 0.519030 0.503976 0.041045 0.057654
