5 0.279161 0.377262 0.030144 0.057692
0 0.479030 0.376697 0.031455 0.056561
27 0.419725 0.445701 0.030799 0.054299
30 0.500655 0.479072 1.000000 0.616516
58 0.157274 0.589367 0.032765 0.058824
50 0.636959 0.661199 0.057667 0.062217
24 0.306356 0.516968 0.032110 0.056561
7 0.359109 0.376697 0.030144 0.056561
17 0.074705 0.377828 0.030144 0.054299
52 0.082569 0.449095 0.052425 0.056561
15 0.324377 0.585973 0.032765 0.056561
19 0.225098 0.518665 0.030799 0.055430
2 0.155963 0.376697 0.031455 0.056561
38 0.499017 0.445136 0.030799 0.053167
26 0.591415 0.514706 0.030799 0.056561
31 0.468873 0.514706 0.030799 0.056561
49 0.068807 0.665724 0.056356 0.062217
55 0.283421 0.587670 0.032110 0.057692
45 0.078637 0.520928 0.053735 0.055430
6 0.319790 0.377262 0.031455 0.055430
21 0.215924 0.448529 0.030799 0.055430
32 0.115662 0.589932 0.034731 0.059955
37 0.510157 0.515271 0.030799 0.055430
36 0.459371 0.445701 0.031455 0.054299
56 0.175295 0.447398 0.029489 0.055430
42 0.256553 0.446833 0.030799 0.054299
41 0.133683 0.447964 0.032765 0.056561
44 0.068480 0.592760 0.045216 0.058824
40 0.489187 0.585407 0.030799 0.055430
46 0.608781 0.587104 0.104849 0.058824
13 0.178899 0.663462 0.044561 0.059955
25 0.346986 0.515837 0.032110 0.056561
9 0.439056 0.376697 0.031455 0.058824
54 0.539646 0.445136 0.030799 0.055430
51 0.298165 0.446833 0.030144 0.054299
39 0.578965 0.444570 0.030799 0.056561
8 0.399410 0.377828 0.032110 0.058824
57 0.199214 0.588801 0.032765 0.057692
12 0.550459 0.514706 0.031455 0.056561
11 0.558650 0.375566 0.029489 0.054299
23 0.265072 0.516968 0.030799 0.056561
1 0.115334 0.377828 0.030144 0.054299
3 0.196920 0.378394 0.032110 0.057692
43 0.183486 0.518100 0.031455 0.056561
14 0.475426 0.659502 0.043906 0.061086
29 0.428244 0.514706 0.032110 0.056561
16 0.241153 0.588801 0.032765 0.057692
28 0.387942 0.516403 0.031455 0.057692
35 0.365662 0.586538 0.032765 0.057692
20 0.619594 0.374434 0.071429 0.061086
53 0.378768 0.445701 0.031455 0.054299
4 0.238860 0.377262 0.030799 0.057692
18 0.447903 0.585407 0.032110 0.057692
48 0.518021 0.376697 0.030799 0.056561
34 0.530144 0.585407 0.031455 0.055430
47 0.326671 0.662330 0.236566 0.062217
33 0.405963 0.586538 0.033421 0.059955
10 0.141547 0.519231 0.030144 0.058824
22 0.631062 0.480204 0.055046 0.127828
59 0.338467 0.446267 0.030799 0.055430
