19 0.215250 0.554734 0.033738 0.079882
10 0.127530 0.556953 0.033738 0.078402
0 0.483131 0.368343 0.032389 0.076923
9 0.441970 0.368343 0.032389 0.076923
34 0.538799 0.633876 0.033063 0.078402
39 0.587045 0.451183 0.032389 0.076923
45 0.061404 0.556213 0.058030 0.071006
59 0.336032 0.458580 0.032389 0.073964
55 0.279015 0.644231 0.033063 0.078402
12 0.558367 0.541420 0.031714 0.073964
3 0.187922 0.375000 0.034413 0.078402
17 0.056680 0.379438 0.036437 0.078402
46 0.618084 0.629438 0.107962 0.078402
57 0.190958 0.649408 0.033738 0.079882
44 0.049595 0.655325 0.047908 0.082840
41 0.120108 0.466716 0.035088 0.078402
27 0.421390 0.456361 0.031714 0.072485
47 0.332321 0.752959 0.258435 0.118343
33 0.410594 0.639053 0.034413 0.079882
30 0.501012 0.516272 0.999325 0.751479
36 0.462888 0.454882 0.032389 0.072485
25 0.346154 0.548817 0.032389 0.073964
51 0.293185 0.460059 0.031714 0.073964
21 0.207152 0.463018 0.033738 0.076923
42 0.250000 0.462278 0.033063 0.075444
35 0.366734 0.641272 0.033063 0.078402
26 0.599865 0.539941 0.033738 0.076923
5 0.272942 0.372041 0.034413 0.078402
8 0.400135 0.369083 0.033738 0.078402
49 0.050270 0.756657 0.062753 0.093195
40 0.495614 0.635355 0.033063 0.078402
54 0.545547 0.452663 0.033063 0.073964
2 0.144737 0.376479 0.034413 0.078402
53 0.379217 0.457840 0.032389 0.075444
48 0.523617 0.366124 0.032389 0.075444
16 0.235155 0.646450 0.034413 0.079882
52 0.064103 0.467456 0.056680 0.076923
7 0.357962 0.369083 0.033063 0.075444
23 0.258772 0.552515 0.033063 0.078402
37 0.516194 0.543639 0.032389 0.075444
32 0.100877 0.654586 0.035762 0.084320
1 0.100877 0.377219 0.034413 0.076923
22 0.639001 0.494083 0.059379 0.165680
56 0.163630 0.464497 0.033063 0.076923
6 0.315452 0.371302 0.034413 0.076923
14 0.492578 0.741864 0.047233 0.105030
13 0.171053 0.756657 0.047908 0.105030
50 0.652497 0.723373 0.047233 0.079882
4 0.230769 0.373521 0.032389 0.075444
31 0.474022 0.543639 0.031714 0.075444
11 0.564440 0.363905 0.031714 0.073964
24 0.302294 0.551775 0.033738 0.076923
58 0.146424 0.650888 0.035088 0.079882
43 0.171053 0.555473 0.034413 0.078402
18 0.452767 0.637574 0.033738 0.079882
38 0.504049 0.453402 0.032389 0.072485
15 0.322874 0.642012 0.034413 0.079882
20 0.625169 0.362426 0.073549 0.073964
28 0.389339 0.547337 0.032389 0.073964
29 0.432186 0.545858 0.031714 0.073964
