5 0.211756 0.375917 0.032578 0.062347
0 0.427762 0.375306 0.033994 0.061125
27 0.363669 0.449878 0.033286 0.058680
30 0.500708 0.485941 1.000000 0.666259
58 0.080028 0.605134 0.035411 0.063570
50 0.598442 0.682763 0.062323 0.067237
24 0.241147 0.526895 0.034703 0.061125
7 0.298159 0.375306 0.032578 0.061125
17 0.008853 0.376528 0.016289 0.058680
52 0.014873 0.453545 0.028329 0.061125
15 0.260623 0.601467 0.035411 0.061125
19 0.153329 0.528729 0.033286 0.059902
2 0.078612 0.375306 0.033994 0.061125
38 0.449363 0.449267 0.033286 0.057457
26 0.549221 0.524450 0.033286 0.061125
31 0.416785 0.524450 0.033286 0.061125
49 0.015935 0.687653 0.030453 0.067237
55 0.216360 0.603301 0.034703 0.062347
45 0.015227 0.531174 0.029037 0.059902
6 0.255666 0.375917 0.033994 0.059902
21 0.143414 0.452934 0.033286 0.059902
32 0.035057 0.605746 0.037535 0.064792
37 0.461402 0.525061 0.033286 0.059902
36 0.406516 0.449878 0.033994 0.058680
56 0.099504 0.451711 0.031870 0.059902
42 0.187323 0.451100 0.033286 0.058680
41 0.054533 0.452323 0.035411 0.061125
44 0.012748 0.608802 0.024079 0.063570
40 0.438739 0.600856 0.033286 0.059902
46 0.567989 0.602689 0.113314 0.063570
13 0.103399 0.685208 0.048159 0.064792
25 0.285057 0.525672 0.034703 0.061125
9 0.384561 0.375306 0.033994 0.063570
54 0.493272 0.449267 0.033286 0.059902
51 0.232295 0.451100 0.032578 0.058680
39 0.535765 0.448655 0.033286 0.061125
8 0.341714 0.376528 0.034703 0.063570
57 0.125354 0.604523 0.035411 0.062347
12 0.504958 0.524450 0.033994 0.061125
11 0.513810 0.374083 0.031870 0.058680
23 0.196530 0.526895 0.033286 0.061125
1 0.034703 0.376528 0.032578 0.058680
3 0.122875 0.377139 0.034703 0.062347
43 0.108357 0.528117 0.033994 0.061125
14 0.423867 0.680929 0.047450 0.066015
29 0.372875 0.524450 0.034703 0.061125
16 0.170680 0.604523 0.035411 0.062347
28 0.329320 0.526284 0.033994 0.062347
35 0.305241 0.602078 0.035411 0.062347
20 0.579674 0.372861 0.077195 0.066015
53 0.319405 0.449878 0.033994 0.058680
4 0.168201 0.375917 0.033286 0.062347
18 0.394122 0.600856 0.034703 0.062347
48 0.469901 0.375306 0.033286 0.061125
34 0.483003 0.600856 0.033994 0.059902
47 0.263102 0.683985 0.255666 0.067237
33 0.348796 0.602078 0.036119 0.064792
10 0.063031 0.529340 0.032578 0.063570
22 0.592068 0.487164 0.059490 0.138142
59 0.275850 0.450489 0.033286 0.059902
