18 0.444630 0.763410 0.039360 0.113027
28 0.378586 0.637931 0.039360 0.114943
56 0.148099 0.510536 0.040027 0.113027
11 0.565043 0.383142 0.038692 0.111111
51 0.280187 0.510536 0.038692 0.113027
26 0.598065 0.636015 0.039360 0.114943
57 0.181121 0.763410 0.039360 0.113027
37 0.510340 0.637931 0.040027 0.114943
2 0.126751 0.386015 0.040027 0.113027
29 0.422282 0.636973 0.040027 0.116858
13 0.110073 0.894636 0.058706 0.118774
8 0.390260 0.387931 0.040027 0.113027
48 0.521681 0.386015 0.040027 0.113027
12 0.554370 0.636015 0.040027 0.114943
9 0.433956 0.386973 0.040694 0.114943
41 0.104403 0.512452 0.040694 0.116858
42 0.235824 0.512452 0.039360 0.113027
21 0.192462 0.512452 0.040694 0.116858
23 0.246831 0.636973 0.038692 0.113027
22 0.635757 0.573755 0.049366 0.239464
4 0.214143 0.385057 0.038692 0.111111
19 0.202802 0.637931 0.040027 0.114943
49 0.046698 0.892720 0.061374 0.118774
7 0.346231 0.386973 0.040027 0.111111
30 0.501001 0.586207 0.996664 0.808429
54 0.542695 0.511494 0.039360 0.114943
1 0.082388 0.385057 0.039360 0.111111
59 0.323883 0.510536 0.039360 0.113027
55 0.268846 0.762452 0.040027 0.114943
46 0.608739 0.761494 0.104736 0.113027
27 0.411608 0.510536 0.038692 0.113027
3 0.170447 0.386973 0.040694 0.114943
39 0.587058 0.511494 0.040027 0.114943
44 0.042695 0.763410 0.052035 0.113027
58 0.137091 0.763410 0.039360 0.113027
40 0.488326 0.762452 0.040027 0.111111
31 0.465977 0.637931 0.039360 0.114943
0 0.477985 0.386973 0.040694 0.114943
16 0.224817 0.764368 0.040027 0.114943
35 0.356905 0.762452 0.040027 0.114943
36 0.455304 0.511494 0.039360 0.114943
52 0.048699 0.512452 0.061374 0.113027
47 0.338225 0.893678 0.270847 0.120690
45 0.053702 0.637931 0.074049 0.114943
6 0.302201 0.386015 0.040027 0.113027
43 0.159106 0.636973 0.039360 0.113027
33 0.400600 0.764368 0.040694 0.114943
20 0.625083 0.386973 0.072048 0.111111
25 0.334556 0.636015 0.039360 0.114943
15 0.312875 0.763410 0.040027 0.113027
5 0.258172 0.386015 0.040027 0.113027
32 0.093729 0.763410 0.040694 0.116858
53 0.367912 0.511494 0.039360 0.114943
34 0.532021 0.763410 0.039360 0.113027
17 0.038025 0.385057 0.040027 0.111111
14 0.505670 0.899425 0.060040 0.116858
50 0.633756 0.895594 0.061374 0.124521
10 0.115077 0.636973 0.039360 0.113027
24 0.290861 0.637931 0.040027 0.114943
38 0.499333 0.510536 0.039360 0.113027
