0 0.526563 0.462778 0.026875 0.052222
27 0.474687 0.523333 0.025625 0.048889
20 0.648438 0.465000 0.061875 0.052222
28 0.447500 0.585000 0.026250 0.052222
15 0.393750 0.646667 0.026250 0.051111
42 0.333125 0.522222 0.026250 0.051111
40 0.534375 0.648333 0.026250 0.050000
45 0.180312 0.583333 0.045625 0.053333
25 0.412187 0.585000 0.025625 0.052222
12 0.586562 0.586667 0.025625 0.051111
6 0.386562 0.461111 0.026875 0.051111
26 0.620625 0.586667 0.025000 0.051111
24 0.376875 0.584444 0.026250 0.051111
18 0.499063 0.647778 0.025625 0.051111
8 0.456562 0.461667 0.026875 0.052222
3 0.279375 0.458333 0.027500 0.052222
7 0.421875 0.461111 0.026250 0.051111
4 0.315937 0.458889 0.026875 0.051111
14 0.520625 0.712222 0.037500 0.053333
19 0.305625 0.583889 0.027500 0.052222
39 0.613125 0.525000 0.025000 0.050000
50 0.656875 0.713889 0.047500 0.054444
51 0.368437 0.521667 0.025625 0.050000
44 0.175313 0.646111 0.035625 0.052222
56 0.261250 0.520556 0.026250 0.052222
33 0.464062 0.648333 0.026875 0.052222
55 0.358438 0.646667 0.026875 0.051111
43 0.269062 0.583889 0.026875 0.052222
32 0.214062 0.646111 0.026875 0.052222
1 0.208750 0.456111 0.026250 0.052222
35 0.429375 0.647222 0.026250 0.052222
54 0.577812 0.525556 0.025625 0.051111
36 0.509062 0.525000 0.026875 0.050000
38 0.543750 0.523889 0.025000 0.050000
53 0.439063 0.523333 0.025625 0.051111
11 0.595313 0.463889 0.025625 0.050000
10 0.233437 0.582778 0.026875 0.052222
5 0.351250 0.460556 0.026250 0.052222
9 0.491250 0.462778 0.026250 0.052222
37 0.552188 0.586667 0.025625 0.051111
46 0.634687 0.650000 0.086875 0.051111
47 0.396562 0.712222 0.198125 0.060000
30 0.494688 0.547778 0.951875 0.495556
17 0.172187 0.455000 0.026875 0.052222
59 0.404062 0.521667 0.025625 0.050000
57 0.286875 0.646667 0.026250 0.051111
48 0.560312 0.463333 0.025625 0.051111
49 0.178750 0.708333 0.047500 0.050000
34 0.568750 0.649444 0.026250 0.050000
13 0.271875 0.710556 0.037500 0.052222
52 0.180625 0.519444 0.045000 0.052222
31 0.517188 0.585556 0.025625 0.051111
29 0.482500 0.585556 0.026250 0.051111
41 0.225312 0.520556 0.026875 0.052222
21 0.296875 0.521667 0.027500 0.052222
58 0.250625 0.645556 0.026250 0.051111
23 0.341250 0.583889 0.026250 0.052222
22 0.655625 0.556667 0.043750 0.113333
16 0.322813 0.646111 0.026875 0.052222
2 0.243438 0.457222 0.026875 0.052222
