46 0.510646 0.624084 0.096841 0.044872
20 0.524038 0.478480 0.070055 0.046703
43 0.133242 0.583333 0.031593 0.043956
21 0.162088 0.534341 0.031593 0.044872
24 0.241758 0.580586 0.031593 0.043956
10 0.098214 0.583791 0.031593 0.043040
49 0.037775 0.683608 0.056319 0.050366
36 0.379808 0.530220 0.031593 0.042125
34 0.442308 0.625458 0.032967 0.043956
38 0.415522 0.528846 0.031593 0.043040
23 0.205701 0.581044 0.030907 0.043040
0 0.397665 0.482143 0.032967 0.044872
5 0.216003 0.485348 0.032280 0.043956
30 0.433379 0.541667 0.865385 0.381868
12 0.460852 0.576465 0.031593 0.043040
16 0.185440 0.630952 0.032967 0.043956
18 0.369505 0.626832 0.031593 0.044872
57 0.149382 0.631410 0.030907 0.043040
51 0.234203 0.532051 0.031593 0.042125
58 0.113324 0.631410 0.031593 0.043040
35 0.295330 0.629121 0.032967 0.043956
47 0.260646 0.681319 0.208104 0.049451
19 0.169299 0.582875 0.030907 0.043040
44 0.035714 0.634615 0.042582 0.043956
41 0.091690 0.534799 0.033654 0.043956
11 0.469093 0.479853 0.031593 0.042125
45 0.048077 0.584707 0.060440 0.044872
4 0.180975 0.486264 0.032280 0.043956
7 0.289492 0.483516 0.033654 0.043956
17 0.039492 0.489011 0.033654 0.043956
28 0.315247 0.578755 0.031593 0.043956
52 0.046016 0.536172 0.050824 0.043040
22 0.533997 0.551740 0.051511 0.092491
53 0.307349 0.531136 0.032280 0.043956
27 0.343407 0.530220 0.031593 0.042125
31 0.387706 0.577381 0.030907 0.043040
37 0.424794 0.576465 0.030907 0.043040
29 0.351648 0.578297 0.031593 0.044872
40 0.406250 0.626374 0.030907 0.043956
25 0.278503 0.579212 0.030907 0.044872
15 0.258242 0.629121 0.032967 0.043956
8 0.325893 0.483974 0.032280 0.044872
26 0.497596 0.575092 0.030907 0.043956
14 0.391484 0.677198 0.043956 0.048535
1 0.075549 0.489011 0.032967 0.043956
54 0.452266 0.527473 0.030907 0.043956
2 0.110577 0.488095 0.032967 0.043956
55 0.221841 0.630037 0.031593 0.043956
33 0.332074 0.628205 0.032280 0.043956
13 0.133929 0.681777 0.043956 0.048535
9 0.361607 0.483059 0.032280 0.044872
3 0.145948 0.487637 0.033654 0.043040
50 0.521291 0.675366 0.085165 0.050366
59 0.270948 0.531593 0.032280 0.043040
32 0.077266 0.633242 0.033654 0.044872
39 0.488324 0.527930 0.032967 0.044872
56 0.126374 0.534799 0.031593 0.043956
6 0.252747 0.484432 0.032967 0.043956
48 0.433379 0.481227 0.031593 0.044872
42 0.198146 0.533425 0.032280 0.043040
