41 0.137097 0.586538 0.034946 0.079670
54 0.598118 0.575549 0.034946 0.079670
29 0.471774 0.674451 0.034946 0.079670
52 0.079973 0.590659 0.057796 0.082418
2 0.159274 0.493132 0.036290 0.079670
16 0.266129 0.770604 0.034946 0.079670
10 0.149866 0.679945 0.033602 0.079670
51 0.323253 0.582418 0.033602 0.076923
5 0.298387 0.490385 0.037634 0.079670
56 0.184812 0.585165 0.036290 0.082418
33 0.450269 0.765110 0.037634 0.079670
17 0.065188 0.494505 0.033602 0.076923
36 0.506720 0.579670 0.034946 0.076923
24 0.334677 0.675824 0.034946 0.076923
18 0.495968 0.763736 0.034946 0.076923
40 0.541667 0.763736 0.034946 0.076923
9 0.482527 0.486264 0.037634 0.082418
59 0.368280 0.579670 0.034946 0.076923
32 0.126344 0.774725 0.034946 0.082418
6 0.345430 0.489011 0.037634 0.082418
3 0.205645 0.491758 0.037634 0.082418
14 0.536290 0.858516 0.048387 0.079670
42 0.275538 0.582418 0.034946 0.076923
48 0.573925 0.483516 0.037634 0.082418
4 0.252688 0.489011 0.034946 0.076923
15 0.358871 0.769231 0.037634 0.082418
26 0.655914 0.666209 0.034946 0.079670
11 0.620296 0.478022 0.033602 0.076923
58 0.173387 0.773352 0.034946 0.079670
0 0.527554 0.486264 0.036290 0.082418
43 0.196237 0.679945 0.034946 0.079670
34 0.586694 0.760989 0.033602 0.076923
31 0.518145 0.671703 0.033602 0.079670
12 0.609543 0.667582 0.033602 0.076923
57 0.219758 0.771978 0.033602 0.076923
20 0.690860 0.478022 0.080645 0.076923
23 0.288306 0.677198 0.033602 0.079670
44 0.073925 0.777473 0.045699 0.076923
27 0.460349 0.578297 0.033602 0.074176
25 0.380376 0.674451 0.034946 0.079670
53 0.414651 0.581044 0.036290 0.079670
21 0.229839 0.585165 0.034946 0.076923
1 0.112903 0.493132 0.034946 0.079670
50 0.709677 0.854396 0.048387 0.082418
37 0.563844 0.671703 0.036290 0.079670
7 0.391129 0.489011 0.037634 0.082418
13 0.190860 0.866758 0.048387 0.079670
28 0.427419 0.674451 0.034946 0.079670
46 0.674731 0.759615 0.115591 0.079670
38 0.552419 0.576923 0.034946 0.076923
47 0.363575 0.862637 0.283602 0.087912
55 0.312500 0.769231 0.036290 0.082418
45 0.086694 0.685440 0.071237 0.085165
39 0.643817 0.575549 0.034946 0.079670
49 0.074597 0.870879 0.047043 0.082418
30 0.470430 0.631868 0.865591 0.648352
8 0.435484 0.487637 0.037634 0.085165
19 0.241935 0.679945 0.034946 0.079670
22 0.701613 0.619505 0.059140 0.173077
35 0.404570 0.767857 0.037634 0.079670
