53 0.367500 0.446250 0.037500 0.049167
47 0.314063 0.617500 0.248125 0.056667
43 0.160000 0.501667 0.038750 0.051667
50 0.615938 0.619167 0.096875 0.056667
9 0.431250 0.392500 0.037500 0.053333
17 0.042500 0.385417 0.041250 0.054167
15 0.311563 0.558750 0.038125 0.050833
7 0.346250 0.390417 0.038750 0.052500
12 0.546250 0.504583 0.036250 0.049167
28 0.377500 0.501667 0.036250 0.051667
31 0.461875 0.502917 0.036250 0.049167
6 0.302812 0.389167 0.039375 0.051667
3 0.173125 0.387917 0.040000 0.052500
55 0.268125 0.559167 0.038750 0.051667
57 0.180938 0.557917 0.038125 0.050833
48 0.515000 0.393333 0.037500 0.051667
32 0.093750 0.557917 0.040000 0.052500
24 0.290938 0.501667 0.038125 0.050000
30 0.500000 0.456667 0.997500 0.436667
49 0.047188 0.616667 0.066875 0.058333
41 0.107500 0.442917 0.041250 0.052500
26 0.588437 0.504167 0.036875 0.050000
25 0.334375 0.501667 0.037500 0.051667
0 0.473125 0.392917 0.037500 0.052500
29 0.419687 0.502500 0.036875 0.050000
39 0.577812 0.448750 0.038125 0.050833
58 0.137500 0.557500 0.038750 0.051667
18 0.440312 0.560000 0.036875 0.051667
21 0.194062 0.443750 0.039375 0.052500
38 0.494063 0.448333 0.036875 0.048333
40 0.483125 0.560000 0.036250 0.050000
10 0.116875 0.500417 0.038750 0.052500
11 0.556875 0.392500 0.036250 0.050000
56 0.150625 0.443750 0.038750 0.052500
51 0.280625 0.443750 0.037500 0.049167
23 0.247188 0.500833 0.036875 0.050000
20 0.620938 0.392917 0.083125 0.054167
52 0.052187 0.442500 0.061875 0.051667
22 0.631563 0.477083 0.060625 0.107500
42 0.236875 0.444583 0.038750 0.050833
54 0.535937 0.447917 0.036875 0.049167
45 0.057188 0.500417 0.078125 0.054167
2 0.130000 0.387500 0.040000 0.051667
5 0.259062 0.388333 0.039375 0.051667
46 0.604375 0.560417 0.113750 0.050833
16 0.224688 0.558750 0.039375 0.052500
33 0.397813 0.559583 0.038125 0.050833
14 0.467187 0.617083 0.050625 0.055833
19 0.203750 0.501250 0.037500 0.050833
27 0.410000 0.446667 0.037500 0.048333
13 0.163438 0.616667 0.053125 0.056667
8 0.388750 0.391667 0.038750 0.053333
35 0.355000 0.559583 0.038750 0.050833
1 0.086563 0.386667 0.039375 0.051667
36 0.451875 0.447917 0.037500 0.049167
59 0.324062 0.445833 0.038125 0.050000
4 0.216250 0.387500 0.038750 0.051667
37 0.504375 0.504583 0.036250 0.047500
34 0.524375 0.560417 0.036250 0.049167
44 0.043437 0.559167 0.051875 0.051667
