4 0.198645 0.453125 0.036377 0.050189
37 0.506419 0.580966 0.034237 0.052083
41 0.077746 0.509470 0.037090 0.051136
22 0.648716 0.556345 0.060628 0.116477
13 0.122682 0.705492 0.051355 0.068182
47 0.298502 0.713542 0.281740 0.076705
54 0.541726 0.520360 0.034950 0.052083
20 0.635877 0.464015 0.080599 0.051136
16 0.194365 0.634943 0.036377 0.052083
59 0.309914 0.514678 0.034950 0.050189
14 0.473966 0.714489 0.050642 0.071023
58 0.100214 0.633049 0.037803 0.052083
15 0.289230 0.637784 0.036377 0.053977
3 0.152639 0.452652 0.037090 0.049242
19 0.176534 0.572443 0.034950 0.050189
39 0.589872 0.525095 0.035663 0.055871
10 0.083096 0.570076 0.036377 0.051136
55 0.242154 0.636364 0.036377 0.053030
48 0.519258 0.461648 0.035663 0.052083
23 0.223252 0.572917 0.034237 0.051136
53 0.356633 0.516098 0.034237 0.049242
12 0.553495 0.581913 0.034237 0.052083
34 0.529601 0.644886 0.036377 0.056818
57 0.148003 0.633996 0.036377 0.052083
49 0.016762 0.698390 0.032097 0.061553
44 0.012839 0.631155 0.024251 0.053977
50 0.656205 0.714015 0.054208 0.058712
38 0.496077 0.519413 0.034950 0.050189
21 0.171184 0.511364 0.035663 0.051136
31 0.459344 0.579072 0.034237 0.052083
43 0.128745 0.571023 0.036377 0.051136
28 0.365193 0.577178 0.035663 0.050189
24 0.270328 0.574337 0.034237 0.050189
29 0.412625 0.578125 0.034950 0.050189
6 0.289943 0.455492 0.037803 0.051136
42 0.216833 0.512784 0.035663 0.050189
26 0.600571 0.586174 0.035663 0.056818
0 0.474679 0.460701 0.036377 0.053977
30 0.500713 0.560606 1.000000 0.503788
56 0.124822 0.509470 0.035663 0.051136
2 0.107347 0.451705 0.036377 0.049242
36 0.448645 0.517519 0.035663 0.050189
17 0.018188 0.449337 0.034950 0.048295
45 0.022825 0.565814 0.044223 0.046402
35 0.337019 0.639205 0.036377 0.053030
32 0.052425 0.632102 0.037803 0.053977
7 0.337019 0.456439 0.036377 0.051136
11 0.565977 0.462595 0.034950 0.052083
27 0.403352 0.517519 0.033524 0.048295
25 0.317047 0.575758 0.034950 0.051136
52 0.025321 0.508049 0.049215 0.048295
46 0.620542 0.646307 0.118402 0.052083
9 0.428673 0.460227 0.037090 0.054924
18 0.432596 0.642045 0.037803 0.054924
40 0.481812 0.643939 0.036377 0.053030
8 0.381954 0.459280 0.036377 0.053030
1 0.061698 0.450284 0.036377 0.048295
33 0.385877 0.641572 0.037090 0.053977
51 0.263195 0.513731 0.034237 0.050189
5 0.243581 0.454545 0.036377 0.051136
