34 0.809133 0.490925 0.048009 0.046253
42 0.462822 0.391686 0.047424 0.046838
59 0.566159 0.391393 0.048009 0.046253
57 0.399005 0.491218 0.047424 0.046838
22 0.926230 0.417155 0.050351 0.097775
9 0.694965 0.341628 0.049180 0.046253
8 0.643443 0.341920 0.049180 0.046838
38 0.771663 0.391101 0.046838 0.046838
5 0.488876 0.341335 0.049180 0.046838
49 0.285422 0.543033 0.048595 0.047424
18 0.706967 0.490925 0.047424 0.047424
19 0.424766 0.441745 0.047424 0.046253
15 0.553571 0.491218 0.048595 0.046838
29 0.681499 0.441452 0.048009 0.046838
11 0.848946 0.340749 0.046838 0.046838
43 0.373244 0.441745 0.047424 0.046253
0 0.746780 0.341920 0.048595 0.046838
4 0.437354 0.341335 0.048009 0.046838
10 0.322307 0.441745 0.047424 0.046253
39 0.874415 0.390808 0.047424 0.047424
26 0.889637 0.441745 0.050937 0.045082
31 0.733021 0.441452 0.048009 0.046838
54 0.822892 0.391393 0.047424 0.047424
51 0.514344 0.390808 0.046253 0.046253
2 0.334895 0.341335 0.048009 0.046838
7 0.591335 0.341628 0.048009 0.046253
24 0.527225 0.441452 0.047424 0.046838
17 0.232143 0.342213 0.047424 0.045082
40 0.758489 0.490632 0.047424 0.045667
46 0.893443 0.491218 0.111241 0.048009
41 0.309133 0.391686 0.049180 0.046838
30 0.580211 0.429450 0.770492 0.298009
56 0.360363 0.391101 0.047424 0.046838
16 0.450527 0.491511 0.048595 0.047424
55 0.502342 0.491218 0.048009 0.046838
28 0.630269 0.441159 0.046253 0.046253
36 0.720141 0.391393 0.048009 0.047424
1 0.283665 0.341335 0.048595 0.046838
47 0.552693 0.541569 0.254098 0.046838
44 0.265222 0.491803 0.113583 0.048009
53 0.617389 0.391686 0.047424 0.046838
6 0.540105 0.341335 0.048595 0.046838
3 0.385539 0.341920 0.048595 0.048009
58 0.348361 0.491218 0.046838 0.046838
35 0.604801 0.491511 0.049180 0.047424
25 0.578454 0.441452 0.048009 0.046838
20 0.913349 0.341920 0.073770 0.046838
14 0.771370 0.540984 0.048595 0.046838
13 0.336944 0.541569 0.048595 0.046838
37 0.784251 0.441745 0.047424 0.046253
48 0.798009 0.341335 0.048009 0.046838
12 0.835480 0.440867 0.048009 0.046838
21 0.411885 0.391686 0.047424 0.046838
52 0.245316 0.392272 0.072600 0.046838
23 0.475703 0.441452 0.046253 0.045667
27 0.668618 0.391101 0.046838 0.045667
45 0.252927 0.443208 0.085480 0.046838
33 0.655738 0.491218 0.049180 0.048009
