57 0.326875 0.618125 0.043750 0.041250
43 0.301875 0.570625 0.043750 0.041250
8 0.563125 0.475000 0.043750 0.042500
56 0.289375 0.521875 0.043750 0.043750
58 0.278125 0.618125 0.043750 0.041250
37 0.697500 0.570625 0.042500 0.041250
2 0.265625 0.475000 0.043750 0.042500
12 0.746250 0.570000 0.042500 0.042500
54 0.733750 0.522500 0.042500 0.042500
27 0.586250 0.521875 0.042500 0.041250
49 0.218125 0.666250 0.043750 0.042500
28 0.550000 0.570000 0.042500 0.042500
20 0.819375 0.476250 0.066250 0.042500
24 0.450000 0.570000 0.042500 0.042500
40 0.673125 0.617500 0.043750 0.040000
6 0.463750 0.475000 0.045000 0.042500
46 0.799375 0.618125 0.101250 0.041250
10 0.252500 0.569375 0.042500 0.041250
29 0.600000 0.570000 0.042500 0.042500
44 0.174375 0.618750 0.053750 0.042500
7 0.513125 0.475000 0.043750 0.042500
11 0.758750 0.475000 0.042500 0.042500
59 0.488125 0.522500 0.043750 0.042500
13 0.266250 0.666875 0.045000 0.043750
26 0.793125 0.569375 0.041250 0.041250
4 0.363750 0.475000 0.042500 0.042500
36 0.636250 0.522500 0.042500 0.042500
3 0.314375 0.475000 0.043750 0.042500
45 0.187500 0.570625 0.077500 0.041250
51 0.437500 0.521250 0.042500 0.042500
17 0.168750 0.474375 0.042500 0.041250
19 0.350625 0.570000 0.043750 0.042500
39 0.781875 0.522500 0.041250 0.042500
22 0.830625 0.546875 0.043750 0.088750
47 0.475000 0.666250 0.242500 0.042500
53 0.537500 0.522500 0.042500 0.042500
31 0.648750 0.570625 0.042500 0.041250
41 0.240625 0.521875 0.043750 0.043750
9 0.612500 0.475000 0.042500 0.042500
52 0.181250 0.521875 0.065000 0.041250
48 0.710625 0.475000 0.043750 0.042500
15 0.475000 0.618125 0.045000 0.041250
55 0.425625 0.617500 0.043750 0.042500
32 0.228750 0.617500 0.042500 0.042500
23 0.400625 0.570625 0.043750 0.041250
25 0.499375 0.570000 0.043750 0.042500
18 0.623750 0.616875 0.042500 0.041250
0 0.661875 0.475000 0.043750 0.042500
5 0.413750 0.475000 0.045000 0.042500
14 0.685625 0.666250 0.043750 0.042500
33 0.574375 0.618125 0.043750 0.041250
1 0.216875 0.473750 0.043750 0.042500
42 0.388125 0.522500 0.043750 0.042500
16 0.375625 0.618750 0.043750 0.042500
35 0.524375 0.618125 0.043750 0.041250
30 0.500625 0.550625 0.731250 0.303750
38 0.685000 0.522500 0.042500 0.042500
34 0.721250 0.617500 0.042500 0.040000
21 0.338125 0.522500 0.043750 0.042500
