5 0.364068 0.361692 0.039924 0.038973
22 0.730513 0.425380 0.040875 0.082700
16 0.331749 0.487643 0.039924 0.039924
55 0.375000 0.487167 0.038973 0.038973
54 0.643061 0.403517 0.038973 0.038973
56 0.256179 0.403517 0.038973 0.038973
28 0.481939 0.445342 0.038023 0.038973
29 0.524715 0.445342 0.039924 0.038973
51 0.385456 0.403517 0.038973 0.038973
7 0.450095 0.361692 0.038973 0.038973
41 0.212928 0.403992 0.039924 0.039924
47 0.417776 0.530894 0.211977 0.040875
38 0.600285 0.403517 0.038973 0.038973
43 0.266635 0.445817 0.038973 0.038023
3 0.278042 0.362167 0.038973 0.039924
33 0.503802 0.487643 0.039924 0.039924
48 0.622148 0.361692 0.038973 0.038973
14 0.600285 0.529943 0.040875 0.040875
44 0.153992 0.488593 0.051331 0.039924
31 0.567966 0.445342 0.038973 0.038973
17 0.148764 0.361692 0.038973 0.038973
8 0.493346 0.362643 0.039924 0.038973
25 0.438688 0.445342 0.038973 0.038973
21 0.299430 0.403517 0.039924 0.038973
15 0.417300 0.487167 0.039924 0.038973
9 0.536122 0.362643 0.039924 0.038973
46 0.702947 0.487643 0.094106 0.039924
57 0.288498 0.487167 0.038973 0.038973
34 0.632129 0.487643 0.039924 0.038023
2 0.234791 0.361692 0.039924 0.038973
35 0.460551 0.487167 0.038973 0.038973
30 0.440589 0.429183 0.645437 0.265209
59 0.428232 0.403517 0.038973 0.038973
40 0.589829 0.487167 0.038973 0.038973
26 0.696768 0.445342 0.039924 0.038973
4 0.321768 0.361692 0.038973 0.038973
10 0.223859 0.445342 0.038973 0.038973
20 0.719106 0.362167 0.061787 0.039924
39 0.686312 0.403517 0.038023 0.038973
19 0.310361 0.445342 0.038973 0.038973
18 0.546103 0.487167 0.038973 0.038973
27 0.514259 0.403517 0.038023 0.038973
13 0.236217 0.530418 0.040875 0.041825
32 0.202947 0.487643 0.038973 0.038023
37 0.610741 0.445342 0.038973 0.038973
23 0.353137 0.445342 0.038973 0.038973
24 0.395913 0.445342 0.038973 0.038973
12 0.653992 0.445342 0.039924 0.038973
6 0.407795 0.361692 0.039924 0.038973
36 0.557034 0.403992 0.038023 0.038023
42 0.342681 0.403992 0.038973 0.039924
49 0.193441 0.530894 0.040875 0.040875
11 0.664449 0.361217 0.038023 0.038023
58 0.245722 0.487643 0.038973 0.038023
53 0.471483 0.403517 0.038023 0.038973
52 0.159696 0.403992 0.060837 0.039924
45 0.164449 0.445817 0.072243 0.039924
0 0.579373 0.362167 0.038973 0.039924
1 0.192015 0.361692 0.038023 0.038973
