56 0.264789 0.446809 0.053521 0.057751
26 0.842254 0.505319 0.053521 0.056231
43 0.278873 0.506839 0.053521 0.056231
19 0.335211 0.506079 0.053521 0.057751
34 0.757746 0.564590 0.053521 0.056231
1 0.180282 0.386778 0.053521 0.056231
3 0.293662 0.387538 0.054930 0.057751
45 0.145775 0.506839 0.097183 0.056231
30 0.507042 0.491641 0.847887 0.351064
9 0.633099 0.387538 0.054930 0.057751
47 0.477465 0.625380 0.278873 0.056231
28 0.561268 0.506079 0.052113 0.057751
7 0.519718 0.386778 0.053521 0.056231
37 0.730282 0.506079 0.054930 0.057751
53 0.547183 0.446809 0.054930 0.057751
16 0.364085 0.565350 0.054930 0.057751
11 0.800000 0.385258 0.053521 0.056231
17 0.123944 0.386778 0.053521 0.056231
20 0.871831 0.386778 0.081690 0.056231
24 0.447887 0.506079 0.053521 0.057751
39 0.828873 0.446049 0.052113 0.056231
36 0.659859 0.446049 0.054930 0.056231
59 0.490845 0.446049 0.054930 0.056231
49 0.182394 0.625380 0.054930 0.059271
57 0.308451 0.565350 0.053521 0.057751
13 0.238732 0.625380 0.054930 0.059271
18 0.645775 0.564590 0.054930 0.056231
55 0.420423 0.565350 0.054930 0.057751
27 0.604225 0.446049 0.053521 0.056231
48 0.744366 0.386778 0.054930 0.056231
5 0.406338 0.387538 0.054930 0.057751
33 0.589437 0.565350 0.054930 0.057751
54 0.772535 0.446809 0.054930 0.057751
22 0.886620 0.476444 0.054930 0.117021
32 0.195070 0.565350 0.054930 0.057751
52 0.138028 0.446809 0.081690 0.057751
51 0.434507 0.446049 0.052113 0.056231
40 0.702113 0.564590 0.054930 0.056231
38 0.716197 0.446049 0.054930 0.056231
14 0.716197 0.624620 0.054930 0.057751
8 0.576056 0.387538 0.056338 0.057751
42 0.378169 0.446809 0.054930 0.057751
41 0.209155 0.446809 0.054930 0.057751
12 0.786620 0.506079 0.054930 0.057751
2 0.237324 0.386778 0.054930 0.056231
31 0.674648 0.506079 0.053521 0.057751
6 0.462676 0.387538 0.054930 0.057751
58 0.251408 0.565350 0.054930 0.057751
23 0.391549 0.506079 0.053521 0.057751
10 0.223239 0.506079 0.052113 0.057751
4 0.350704 0.386018 0.053521 0.057751
44 0.131690 0.566869 0.069014 0.057751
15 0.477465 0.565350 0.056338 0.057751
0 0.689437 0.387538 0.054930 0.057751
25 0.504225 0.506079 0.053521 0.057751
46 0.850000 0.565350 0.125352 0.057751
35 0.533099 0.565350 0.054930 0.057751
21 0.321127 0.446809 0.053521 0.057751
29 0.617606 0.505319 0.054930 0.056231
