51 0.416107 0.373900 0.060403 0.143695
54 0.818233 0.372434 0.061521 0.146628
45 0.069351 0.541056 0.109620 0.149560
59 0.483221 0.373900 0.060403 0.143695
5 0.382550 0.214076 0.060403 0.146628
6 0.449664 0.217009 0.060403 0.146628
47 0.464765 0.868035 0.332215 0.170088
57 0.264541 0.696481 0.061521 0.143695
28 0.565996 0.535191 0.058166 0.143695
40 0.734899 0.692082 0.060403 0.140762
10 0.162192 0.538123 0.060403 0.143695
39 0.885906 0.370968 0.060403 0.143695
8 0.583333 0.217009 0.061521 0.146628
46 0.909955 0.690616 0.142058 0.149560
30 0.498322 0.502933 0.989933 0.964809
9 0.651007 0.215543 0.060403 0.143695
26 0.928412 0.529326 0.111857 0.149560
2 0.180089 0.219941 0.060403 0.146628
14 0.751119 0.868035 0.061521 0.170088
23 0.365213 0.536657 0.059284 0.140762
3 0.248322 0.218475 0.060403 0.143695
32 0.128635 0.700880 0.060403 0.140762
19 0.296980 0.535191 0.061521 0.143695
25 0.498881 0.532258 0.060403 0.143695
35 0.532438 0.693548 0.060403 0.143695
56 0.214206 0.373900 0.061521 0.149560
11 0.851790 0.212610 0.059284 0.143695
58 0.195749 0.697947 0.060403 0.140762
37 0.767897 0.535191 0.061521 0.143695
24 0.431767 0.535191 0.060403 0.143695
13 0.178971 0.873900 0.062640 0.170088
43 0.230425 0.536657 0.060403 0.140762
1 0.112975 0.219941 0.060403 0.146628
21 0.281320 0.376833 0.059284 0.143695
41 0.146532 0.378299 0.062640 0.146628
29 0.634228 0.533724 0.060403 0.140762
7 0.516219 0.215543 0.061521 0.143695
49 0.110738 0.876833 0.062640 0.170088
36 0.684004 0.372434 0.061521 0.146628
22 0.954139 0.370968 0.060403 0.143695
0 0.718121 0.217009 0.060403 0.146628
44 0.087808 0.697947 0.148770 0.152493
48 0.784116 0.214076 0.060403 0.146628
34 0.800895 0.692082 0.060403 0.140762
17 0.045302 0.222874 0.061521 0.146628
4 0.315436 0.215543 0.060403 0.143695
12 0.835570 0.530792 0.060403 0.146628
20 0.935123 0.212610 0.093960 0.149560
38 0.750559 0.372434 0.060403 0.146628
18 0.666107 0.693548 0.061521 0.143695
42 0.348434 0.375367 0.061521 0.146628
31 0.700783 0.535191 0.059284 0.143695
52 0.061521 0.381232 0.093960 0.146628
53 0.549776 0.373900 0.061521 0.149560
16 0.330537 0.696481 0.061521 0.149560
27 0.616331 0.372434 0.060403 0.140762
33 0.598993 0.693548 0.061521 0.149560
55 0.398770 0.693548 0.061521 0.143695
15 0.465324 0.692082 0.060403 0.140762
