59 0.492076 0.390385 0.074485 0.176923
57 0.229794 0.771154 0.074485 0.173077
30 0.500792 0.501923 1.000000 1.000000
45 0.034469 0.580769 0.067353 0.176923
14 0.814976 0.939423 0.076862 0.125000
16 0.309826 0.773077 0.074485 0.176923
13 0.129160 0.940385 0.076070 0.123077
19 0.270206 0.582692 0.074485 0.176923
10 0.108162 0.580769 0.073693 0.173077
37 0.835182 0.582692 0.074485 0.176923
2 0.127971 0.201923 0.075277 0.176923
35 0.552298 0.772115 0.074485 0.175000
48 0.855784 0.201923 0.074485 0.176923
9 0.694532 0.201923 0.075277 0.176923
21 0.249208 0.390385 0.075277 0.176923
49 0.047940 0.939423 0.078447 0.125000
26 0.980190 0.580769 0.041204 0.173077
6 0.452060 0.201923 0.075277 0.176923
23 0.350634 0.581731 0.073693 0.175000
54 0.895404 0.390385 0.074485 0.176923
52 0.029319 0.388462 0.057052 0.173077
12 0.916006 0.580769 0.074485 0.176923
24 0.431062 0.581731 0.072900 0.175000
1 0.047147 0.200000 0.073693 0.173077
38 0.814976 0.389423 0.073693 0.175000
39 0.970285 0.388462 0.061014 0.173077
0 0.775753 0.201923 0.074485 0.176923
32 0.067353 0.772115 0.074485 0.175000
51 0.410856 0.389423 0.072108 0.175000
33 0.632726 0.771154 0.075277 0.176923
43 0.188590 0.581731 0.074485 0.175000
7 0.532488 0.201923 0.074485 0.176923
28 0.592314 0.581731 0.073693 0.175000
47 0.471474 0.938462 0.400951 0.126923
58 0.148970 0.772115 0.074485 0.175000
34 0.875198 0.771154 0.073693 0.173077
46 0.958796 0.770192 0.083994 0.178846
44 0.024564 0.771154 0.047544 0.176923
8 0.612916 0.201923 0.075277 0.176923
18 0.713550 0.771154 0.075277 0.173077
15 0.472266 0.771154 0.076070 0.176923
40 0.795166 0.771154 0.075277 0.173077
4 0.291204 0.200000 0.073693 0.176923
42 0.330428 0.390385 0.072900 0.176923
11 0.936609 0.198077 0.072900 0.173077
27 0.652932 0.389423 0.074485 0.175000
36 0.733756 0.391346 0.074485 0.175000
55 0.391046 0.771154 0.075277 0.176923
29 0.673930 0.581731 0.073693 0.178846
3 0.209192 0.201923 0.074485 0.176923
5 0.370840 0.200962 0.074485 0.178846
25 0.512282 0.581731 0.073693 0.175000
31 0.755547 0.582692 0.073693 0.176923
17 0.019017 0.199038 0.036450 0.175000
41 0.087559 0.390385 0.075277 0.176923
53 0.572504 0.391346 0.073693 0.178846
56 0.167987 0.389423 0.074485 0.175000
