35 0.527246 0.625972 0.057437 0.059098
29 0.617084 0.563764 0.055965 0.059098
30 0.499264 0.548212 0.901325 0.368585
19 0.317378 0.564152 0.057437 0.058320
27 0.601620 0.501555 0.055965 0.057543
51 0.422312 0.501944 0.055228 0.058320
40 0.706922 0.624806 0.055965 0.056765
8 0.572165 0.441291 0.057437 0.058320
32 0.167894 0.625583 0.057437 0.058320
16 0.347570 0.625972 0.057437 0.059098
24 0.436672 0.564152 0.055965 0.058320
39 0.840943 0.501944 0.055965 0.058320
26 0.856406 0.564152 0.055965 0.058320
45 0.115243 0.564152 0.100884 0.058320
56 0.242268 0.502333 0.055965 0.059098
6 0.452872 0.440902 0.057437 0.059098
3 0.272828 0.440902 0.056701 0.059098
7 0.512150 0.441291 0.056701 0.058320
13 0.213918 0.689347 0.056701 0.059876
2 0.212813 0.440513 0.055965 0.058320
23 0.377025 0.563764 0.055965 0.057543
42 0.362297 0.502333 0.055965 0.059098
34 0.766200 0.625194 0.056701 0.057543
0 0.692563 0.440902 0.056701 0.059098
43 0.257364 0.564541 0.056701 0.057543
36 0.661635 0.502333 0.056701 0.059098
21 0.302283 0.502333 0.056701 0.059098
33 0.586892 0.625583 0.057437 0.059876
49 0.153535 0.688958 0.058174 0.060653
1 0.152798 0.440513 0.055228 0.058320
20 0.886966 0.440513 0.086156 0.058320
37 0.736745 0.564930 0.056701 0.058320
58 0.227909 0.625583 0.056701 0.058320
38 0.721649 0.502333 0.055965 0.059098
15 0.466863 0.625194 0.057437 0.059098
31 0.676730 0.564152 0.055965 0.058320
48 0.751473 0.440902 0.056701 0.059098
52 0.107511 0.501944 0.085420 0.058320
5 0.393225 0.440902 0.057437 0.059098
44 0.099779 0.625583 0.072901 0.058320
12 0.796760 0.564152 0.055965 0.058320
10 0.198085 0.564152 0.055965 0.058320
47 0.467231 0.688180 0.296760 0.059098
59 0.482327 0.501944 0.055965 0.058320
28 0.557069 0.563375 0.055228 0.058320
57 0.287923 0.625583 0.055965 0.058320
53 0.541973 0.502333 0.055965 0.059098
25 0.497054 0.564152 0.055965 0.058320
14 0.722386 0.688958 0.057437 0.059098
54 0.781296 0.501944 0.055965 0.058320
22 0.902430 0.533437 0.058174 0.121306
46 0.864138 0.625583 0.133284 0.059876
4 0.332474 0.440513 0.055228 0.058320
18 0.646907 0.625194 0.056701 0.059098
41 0.182253 0.502333 0.058174 0.059098
17 0.092047 0.440124 0.055965 0.057543
11 0.811119 0.439736 0.055228 0.058320
9 0.632180 0.441291 0.056701 0.058320
55 0.407216 0.625194 0.057437 0.059098
