55 0.395508 0.707229 0.056641 0.127711
17 0.039551 0.219277 0.053711 0.130120
39 0.887695 0.383133 0.054688 0.130120
46 0.913574 0.716867 0.145508 0.132530
43 0.225586 0.545783 0.054688 0.127711
8 0.582520 0.222892 0.055664 0.132530
38 0.751953 0.381928 0.054688 0.127711
27 0.616211 0.381928 0.054688 0.127711
26 0.904297 0.546988 0.056641 0.130120
44 0.049805 0.714458 0.074219 0.127711
18 0.666992 0.707229 0.054688 0.127711
59 0.480957 0.381928 0.055664 0.127711
11 0.854492 0.219277 0.054688 0.130120
36 0.684082 0.383133 0.055664 0.130120
1 0.107422 0.221687 0.054688 0.130120
19 0.293945 0.545783 0.054688 0.132530
21 0.276855 0.383133 0.055664 0.130120
5 0.379395 0.220482 0.055664 0.132530
52 0.058594 0.386747 0.091797 0.127711
34 0.802734 0.708434 0.054688 0.125301
56 0.208496 0.381928 0.055664 0.132530
6 0.446777 0.221687 0.057617 0.134940
14 0.754883 0.890361 0.058594 0.156627
9 0.650879 0.222892 0.055664 0.132530
40 0.735352 0.708434 0.054688 0.125301
41 0.140625 0.383133 0.056641 0.130120
23 0.361816 0.545783 0.053711 0.127711
37 0.769043 0.545783 0.055664 0.127711
13 0.176758 0.885542 0.058594 0.156627
45 0.064941 0.545783 0.104492 0.127711
10 0.158203 0.546988 0.054688 0.125301
57 0.259766 0.708434 0.054688 0.125301
47 0.464844 0.887952 0.326172 0.156627
15 0.463867 0.708434 0.054688 0.130120
42 0.344727 0.384337 0.054688 0.127711
35 0.531738 0.709639 0.055664 0.127711
7 0.514160 0.221687 0.055664 0.130120
2 0.175293 0.222892 0.055664 0.132530
22 0.953613 0.467470 0.057617 0.293976
33 0.599121 0.708434 0.055664 0.130120
53 0.548340 0.383133 0.053711 0.130120
16 0.327637 0.709639 0.055664 0.127711
54 0.819824 0.383133 0.055664 0.130120
29 0.633789 0.545783 0.054688 0.127711
31 0.701660 0.548193 0.053711 0.127711
48 0.786621 0.222892 0.055664 0.132530
20 0.937988 0.220482 0.090820 0.127711
58 0.191895 0.709639 0.053711 0.127711
51 0.413086 0.383133 0.052734 0.125301
0 0.718262 0.221687 0.055664 0.134940
24 0.429688 0.545783 0.054688 0.127711
32 0.124023 0.709639 0.056641 0.127711
12 0.836914 0.545783 0.054688 0.127711
30 0.498535 0.538554 0.981445 0.879518
3 0.243652 0.221687 0.055664 0.134940
25 0.497070 0.545783 0.054688 0.127711
49 0.108398 0.887952 0.058594 0.156627
4 0.311035 0.221687 0.055664 0.130120
28 0.564941 0.545783 0.053711 0.127711
