55 0.381764 0.724010 0.058116 0.131188
17 0.022545 0.222772 0.043086 0.133663
39 0.886774 0.391089 0.056112 0.133663
46 0.913327 0.733911 0.149299 0.136139
43 0.207415 0.558168 0.056112 0.131188
8 0.573647 0.226485 0.057114 0.136139
38 0.747495 0.389851 0.056112 0.131188
27 0.608216 0.389851 0.056112 0.131188
26 0.903808 0.559406 0.058116 0.133663
44 0.033066 0.731436 0.064128 0.131188
18 0.660321 0.724010 0.056112 0.131188
59 0.469439 0.389851 0.057114 0.131188
11 0.852705 0.222772 0.056112 0.133663
36 0.677856 0.391089 0.057114 0.133663
1 0.086172 0.225248 0.056112 0.133663
19 0.277555 0.558168 0.056112 0.136139
21 0.260020 0.391089 0.057114 0.133663
5 0.365230 0.224010 0.057114 0.136139
52 0.042084 0.394802 0.082164 0.131188
34 0.799599 0.725248 0.056112 0.128713
56 0.189880 0.389851 0.057114 0.136139
6 0.434369 0.225248 0.059118 0.138614
14 0.750501 0.912129 0.060120 0.160891
9 0.643788 0.226485 0.057114 0.136139
40 0.730461 0.725248 0.056112 0.128713
41 0.120240 0.391089 0.058116 0.133663
23 0.347194 0.558168 0.055110 0.131188
37 0.765030 0.558168 0.057114 0.131188
13 0.157315 0.907178 0.060120 0.160891
45 0.048597 0.558168 0.095190 0.131188
10 0.138277 0.559406 0.056112 0.128713
57 0.242485 0.725248 0.056112 0.128713
47 0.452906 0.909653 0.334669 0.160891
15 0.451904 0.725248 0.056112 0.133663
42 0.329659 0.392327 0.056112 0.131188
35 0.521543 0.726485 0.057114 0.131188
7 0.503507 0.225248 0.057114 0.133663
2 0.155812 0.226485 0.057114 0.136139
22 0.954409 0.477723 0.059118 0.301980
33 0.590681 0.725248 0.057114 0.133663
53 0.538577 0.391089 0.055110 0.133663
16 0.312124 0.726485 0.057114 0.131188
54 0.817134 0.391089 0.057114 0.133663
29 0.626253 0.558168 0.056112 0.131188
31 0.695892 0.560644 0.055110 0.131188
48 0.783066 0.226485 0.057114 0.136139
20 0.938377 0.224010 0.093186 0.131188
58 0.172846 0.726485 0.055110 0.131188
51 0.399800 0.391089 0.054108 0.128713
0 0.712926 0.225248 0.057114 0.138614
24 0.416834 0.558168 0.056112 0.131188
32 0.103206 0.726485 0.058116 0.131188
12 0.834669 0.558168 0.056112 0.131188
30 0.495992 0.550743 0.989980 0.903465
3 0.225952 0.225248 0.057114 0.138614
25 0.485972 0.558168 0.056112 0.131188
49 0.087174 0.909653 0.060120 0.160891
4 0.295090 0.225248 0.057114 0.133663
28 0.555611 0.558168 0.055110 0.131188
