23 0.349195 0.312088 0.046852 0.063736
5 0.365300 0.171978 0.046852 0.060440
10 0.189239 0.309341 0.049048 0.064835
40 0.644583 0.385714 0.049048 0.063736
45 0.116032 0.307692 0.088580 0.065934
34 0.697657 0.385714 0.049780 0.063736
0 0.622255 0.174725 0.046852 0.059341
13 0.195461 0.467033 0.055637 0.083516
3 0.262079 0.170879 0.046852 0.060440
22 0.807467 0.276374 0.054173 0.132967
33 0.537701 0.386813 0.050512 0.068132
49 0.139824 0.467582 0.052709 0.084615
54 0.702782 0.242308 0.046852 0.060440
39 0.753660 0.241209 0.046120 0.060440
35 0.483895 0.387363 0.049780 0.067033
26 0.771962 0.312088 0.049048 0.061538
41 0.180088 0.237363 0.048316 0.063736
53 0.495242 0.242857 0.047584 0.061538
8 0.519766 0.174725 0.046852 0.059341
21 0.285139 0.240110 0.047584 0.062637
37 0.667643 0.312637 0.048316 0.062637
48 0.673133 0.173626 0.046120 0.059341
25 0.456442 0.312637 0.047584 0.064835
43 0.242313 0.310989 0.048316 0.063736
19 0.295754 0.311538 0.048316 0.064835
9 0.571010 0.174176 0.046852 0.060440
36 0.598829 0.242857 0.046852 0.061538
11 0.723280 0.173077 0.045388 0.058242
55 0.375549 0.385714 0.049780 0.068132
56 0.232430 0.238462 0.047584 0.063736
44 0.096999 0.382418 0.065154 0.070330
12 0.719985 0.312088 0.049048 0.063736
4 0.314056 0.171429 0.045388 0.059341
2 0.210469 0.169231 0.047584 0.061538
20 0.785871 0.174725 0.071010 0.059341
16 0.321010 0.385714 0.050512 0.068132
14 0.663250 0.469231 0.052709 0.081319
52 0.114202 0.236264 0.074671 0.063736
17 0.106515 0.165385 0.047584 0.060440
31 0.615300 0.313736 0.047584 0.064835
51 0.390190 0.240659 0.046852 0.061538
46 0.784041 0.384615 0.114202 0.068132
38 0.650805 0.242308 0.046852 0.060440
15 0.429722 0.386813 0.049780 0.065934
32 0.158492 0.382967 0.050512 0.067033
47 0.429356 0.469231 0.270132 0.081319
7 0.468887 0.173626 0.046120 0.059341
18 0.591142 0.385714 0.049048 0.065934
57 0.266837 0.385165 0.049048 0.067033
42 0.337848 0.241209 0.047584 0.062637
30 0.453880 0.306044 0.822840 0.445055
1 0.158126 0.167582 0.046852 0.060440
27 0.547218 0.242308 0.046120 0.060440
24 0.402635 0.312637 0.046852 0.064835
29 0.562225 0.312637 0.048316 0.064835
59 0.442899 0.241758 0.046852 0.061538
28 0.509151 0.313187 0.047584 0.063736
58 0.212665 0.384066 0.049048 0.067033
6 0.416911 0.173077 0.046120 0.060440
