2 0.146455 0.439356 0.061567 0.081683
9 0.615672 0.320545 0.063433 0.081683
19 0.288246 0.582921 0.061567 0.081683
20 0.902985 0.251238 0.100746 0.086634
54 0.797575 0.365099 0.065299 0.081683
40 0.736940 0.559406 0.063433 0.079208
14 0.775187 0.653465 0.072761 0.099010
10 0.153918 0.615099 0.061567 0.076733
51 0.393657 0.465347 0.059701 0.079208
28 0.554104 0.514851 0.059701 0.079208
48 0.750933 0.287129 0.065299 0.079208
36 0.661381 0.398515 0.061567 0.079208
25 0.487873 0.532178 0.061567 0.079208
3 0.213619 0.423267 0.061567 0.079208
31 0.691231 0.481436 0.065299 0.081683
44 0.057836 0.735149 0.078358 0.099010
11 0.816231 0.271040 0.061567 0.081683
8 0.549440 0.339109 0.061567 0.079208
5 0.346082 0.388614 0.061567 0.079208
39 0.862873 0.347772 0.061567 0.081683
22 0.935634 0.372525 0.076493 0.165842
35 0.533582 0.608911 0.059701 0.079208
43 0.221082 0.600248 0.061567 0.076733
0 0.683769 0.305693 0.061567 0.081683
55 0.400187 0.643564 0.061567 0.079208
52 0.044776 0.554455 0.085821 0.089109
29 0.623134 0.497525 0.059701 0.079208
45 0.060634 0.637376 0.113806 0.091584
13 0.194963 0.793317 0.065299 0.101485
32 0.132463 0.710396 0.059701 0.079208
24 0.422575 0.548267 0.061567 0.081683
49 0.127799 0.815594 0.065299 0.101485
23 0.355410 0.565594 0.061567 0.076733
6 0.413246 0.372525 0.061567 0.076733
42 0.326493 0.483911 0.059701 0.081683
27 0.593284 0.414604 0.059701 0.076733
26 0.890858 0.430693 0.061567 0.079208
57 0.266791 0.676980 0.059701 0.076733
30 0.501866 0.517327 1.000000 0.777228
58 0.200560 0.693069 0.061567 0.079208
41 0.126866 0.532178 0.063433 0.079208
38 0.729478 0.382426 0.059701 0.081683
16 0.333955 0.662129 0.063433 0.081683
56 0.191231 0.514851 0.061567 0.079208
17 0.023321 0.471535 0.042910 0.081683
34 0.803172 0.542079 0.061567 0.079208
18 0.667910 0.575495 0.059701 0.081683
4 0.280784 0.405941 0.061567 0.079208
12 0.825560 0.448020 0.065299 0.079208
21 0.259328 0.500000 0.063433 0.079208
33 0.600746 0.591584 0.059701 0.079208
46 0.914179 0.513614 0.156716 0.101485
59 0.459888 0.449257 0.057836 0.076733
15 0.466418 0.625000 0.063433 0.081683
53 0.526119 0.433168 0.059701 0.079208
7 0.481343 0.355198 0.059701 0.081683
37 0.758396 0.466584 0.061567 0.081683
1 0.080224 0.455446 0.059701 0.079208
47 0.478545 0.714109 0.345149 0.170792
