15 0.524942 0.465170 0.059165 0.072755
19 0.366009 0.384675 0.056845 0.072755
40 0.780162 0.465170 0.056845 0.072755
14 0.798144 0.557276 0.060325 0.086687
10 0.239559 0.383901 0.056845 0.071207
31 0.747680 0.384675 0.056845 0.072755
35 0.588747 0.465944 0.059165 0.074303
42 0.415313 0.303406 0.058005 0.071207
32 0.207077 0.465170 0.056845 0.072755
51 0.477958 0.303406 0.055684 0.071207
29 0.684455 0.383901 0.058005 0.071207
45 0.153132 0.384675 0.104408 0.072755
34 0.842807 0.465170 0.056845 0.072755
30 0.540023 0.365325 0.922274 0.517028
37 0.810325 0.385449 0.056845 0.071207
12 0.873550 0.384675 0.055684 0.072755
49 0.189095 0.556502 0.060325 0.088235
9 0.698956 0.224458 0.056845 0.071207
25 0.556845 0.384675 0.058005 0.072755
7 0.573086 0.224458 0.055684 0.068111
56 0.288863 0.302632 0.055684 0.072755
38 0.793503 0.304180 0.055684 0.072755
46 0.939675 0.466718 0.122970 0.075851
58 0.270302 0.465170 0.058005 0.072755
3 0.321926 0.224458 0.056845 0.071207
33 0.652552 0.465944 0.059165 0.074303
1 0.196636 0.223684 0.056845 0.072755
59 0.541763 0.303406 0.058005 0.071207
28 0.620070 0.383901 0.056845 0.071207
23 0.430394 0.383901 0.055684 0.071207
8 0.635731 0.225232 0.058005 0.069659
5 0.447216 0.222910 0.056845 0.071207
0 0.761601 0.224458 0.056845 0.071207
26 0.936775 0.384675 0.056845 0.072755
13 0.253480 0.557276 0.059165 0.086687
47 0.524942 0.555728 0.314385 0.086687
4 0.384571 0.223684 0.056845 0.069659
20 0.961137 0.226006 0.080046 0.071207
36 0.730278 0.303406 0.056845 0.071207
43 0.302784 0.384675 0.058005 0.072755
48 0.823086 0.225232 0.056845 0.069659
21 0.352088 0.303406 0.056845 0.071207
55 0.461717 0.465170 0.058005 0.072755
6 0.509861 0.223684 0.056845 0.069659
39 0.918794 0.304180 0.055684 0.072755
27 0.667053 0.302632 0.055684 0.069659
57 0.334687 0.465170 0.056845 0.072755
18 0.716357 0.465944 0.056845 0.074303
22 0.977378 0.349071 0.047564 0.162539
54 0.856148 0.304180 0.055684 0.072755
11 0.885731 0.225232 0.054524 0.069659
2 0.259281 0.224458 0.056845 0.071207
53 0.604988 0.303406 0.056845 0.071207
44 0.135151 0.466718 0.075406 0.075851
24 0.493619 0.384675 0.056845 0.072755
52 0.147332 0.303406 0.088167 0.074303
16 0.397912 0.465944 0.058005 0.074303
17 0.133411 0.223684 0.055684 0.072755
41 0.225638 0.302632 0.059165 0.072755
