0 0.651004 0.243548 0.053802 0.072043
45 0.120158 0.410753 0.095409 0.077419
33 0.562769 0.480645 0.056671 0.079570
27 0.571377 0.322043 0.052367 0.074194
25 0.475968 0.403763 0.053802 0.076344
12 0.756098 0.390860 0.055954 0.076344
21 0.294835 0.329570 0.053085 0.074194
11 0.759326 0.237097 0.052367 0.072043
34 0.732783 0.471505 0.056671 0.076344
6 0.432209 0.252151 0.052367 0.072043
26 0.811693 0.387634 0.056671 0.074194
51 0.404950 0.327419 0.052367 0.074194
48 0.705524 0.240860 0.053802 0.073118
55 0.392037 0.486022 0.055237 0.079570
17 0.105811 0.256452 0.052367 0.072043
24 0.419656 0.405914 0.053085 0.076344
44 0.101865 0.490860 0.070301 0.080645
23 0.363343 0.406452 0.052367 0.075269
1 0.160330 0.255914 0.052367 0.073118
57 0.279053 0.488710 0.054519 0.078495
7 0.487088 0.250000 0.051650 0.072043
43 0.251435 0.409677 0.053802 0.077419
59 0.460545 0.326344 0.053085 0.074194
16 0.335007 0.488172 0.055954 0.079570
13 0.206600 0.572043 0.055954 0.081720
47 0.449426 0.567742 0.286227 0.081720
58 0.222023 0.489247 0.053802 0.077419
56 0.239598 0.330645 0.053085 0.074194
53 0.515782 0.324731 0.053085 0.075269
54 0.737088 0.315054 0.053802 0.073118
22 0.850072 0.347312 0.063128 0.152688
15 0.449067 0.484409 0.055954 0.078495
41 0.184720 0.332258 0.053802 0.075269
37 0.700502 0.394624 0.055237 0.075269
39 0.791607 0.310753 0.053802 0.073118
3 0.268651 0.255914 0.052367 0.073118
32 0.165352 0.489247 0.055237 0.077419
2 0.214849 0.256452 0.052367 0.072043
29 0.588235 0.399462 0.054519 0.076344
9 0.596485 0.245699 0.053802 0.072043
35 0.506456 0.482258 0.055954 0.078495
14 0.695839 0.556452 0.058824 0.082796
42 0.349713 0.329570 0.053802 0.074194
20 0.826399 0.234946 0.078910 0.072043
31 0.644548 0.397312 0.055237 0.076344
52 0.115854 0.333333 0.081062 0.075269
30 0.484577 0.393548 0.857245 0.468817
18 0.619799 0.476882 0.055954 0.078495
38 0.681492 0.317204 0.053085 0.073118
28 0.532281 0.401075 0.053085 0.077419
8 0.541607 0.247849 0.053085 0.072043
46 0.824605 0.466667 0.125538 0.081720
10 0.195839 0.410215 0.053085 0.076344
19 0.307389 0.408602 0.053802 0.077419
49 0.149211 0.572581 0.055954 0.082796
5 0.377690 0.252688 0.052367 0.073118
36 0.626614 0.319892 0.053802 0.074194
4 0.323529 0.253763 0.051650 0.073118
40 0.676112 0.474731 0.056671 0.076344
