37 0.756667 0.565294 0.060000 0.123529
21 0.287500 0.431176 0.059444 0.123529
29 0.627222 0.564706 0.060000 0.124706
3 0.255000 0.297647 0.060000 0.124706
14 0.740000 0.831176 0.062222 0.123529
36 0.675833 0.431176 0.060556 0.123529
7 0.514722 0.297647 0.059444 0.124706
22 0.935278 0.498235 0.061667 0.255294
53 0.546944 0.431176 0.059444 0.123529
46 0.893056 0.698235 0.142778 0.121176
49 0.127222 0.831765 0.062222 0.124706
54 0.805556 0.431176 0.060000 0.123529
51 0.416667 0.430588 0.058889 0.122353
34 0.788333 0.698235 0.060000 0.121176
27 0.611389 0.430588 0.059444 0.122353
11 0.838333 0.297059 0.058889 0.123529
41 0.158056 0.430588 0.060556 0.124706
13 0.192500 0.831176 0.060556 0.123529
56 0.222500 0.430000 0.059444 0.123529
1 0.125556 0.295882 0.058889 0.121176
38 0.740556 0.431765 0.058889 0.124706
47 0.466111 0.831765 0.320000 0.124706
48 0.773611 0.298235 0.059444 0.123529
52 0.077500 0.428235 0.090556 0.122353
33 0.594167 0.697647 0.060556 0.122353
2 0.190278 0.297059 0.059444 0.123529
8 0.579444 0.298235 0.060000 0.123529
10 0.174167 0.563529 0.059444 0.122353
25 0.497500 0.564706 0.059444 0.124706
58 0.207222 0.697059 0.060000 0.121176
30 0.502778 0.505294 0.961111 0.848235
0 0.709167 0.298824 0.060556 0.124706
28 0.562500 0.564706 0.058333 0.124706
12 0.821667 0.565294 0.058889 0.123529
5 0.384722 0.297647 0.060556 0.124706
39 0.870278 0.430588 0.059444 0.122353
26 0.887222 0.564706 0.058889 0.122353
55 0.400833 0.696471 0.060556 0.122353
9 0.643889 0.298235 0.060000 0.123529
44 0.068889 0.695294 0.076667 0.124706
43 0.239444 0.564706 0.060000 0.122353
59 0.481944 0.431176 0.059444 0.123529
40 0.724444 0.697647 0.061111 0.120000
42 0.352222 0.430588 0.060000 0.124706
32 0.141944 0.696471 0.060556 0.120000
19 0.303611 0.564706 0.060556 0.124706
31 0.692500 0.565294 0.059444 0.123529
23 0.368611 0.564706 0.059444 0.122353
57 0.272500 0.697059 0.059444 0.121176
16 0.336111 0.697647 0.060000 0.122353
4 0.320556 0.297059 0.058889 0.123529
17 0.060556 0.296471 0.058889 0.122353
6 0.449722 0.297647 0.060556 0.124706
20 0.919722 0.298235 0.092778 0.123529
15 0.465278 0.697059 0.060556 0.121176
24 0.433056 0.564118 0.059444 0.123529
18 0.659444 0.697059 0.060000 0.121176
35 0.530000 0.697647 0.060000 0.122353
45 0.085833 0.562941 0.108333 0.123529
