2 0.162371 0.426136 0.056701 0.075000
9 0.594502 0.317045 0.058419 0.075000
19 0.292955 0.557955 0.056701 0.075000
20 0.859107 0.253409 0.092784 0.079545
54 0.762027 0.357955 0.060137 0.075000
40 0.706186 0.536364 0.058419 0.072727
14 0.741409 0.622727 0.067010 0.090909
10 0.169244 0.587500 0.056701 0.070455
51 0.390034 0.450000 0.054983 0.072727
28 0.537801 0.495455 0.054983 0.072727
48 0.719072 0.286364 0.060137 0.072727
36 0.636598 0.388636 0.056701 0.072727
25 0.476804 0.511364 0.056701 0.072727
3 0.224227 0.411364 0.056701 0.072727
31 0.664089 0.464773 0.060137 0.075000
44 0.080756 0.697727 0.072165 0.090909
11 0.779210 0.271591 0.056701 0.075000
8 0.533505 0.334091 0.056701 0.072727
5 0.346220 0.379545 0.056701 0.072727
39 0.822165 0.342045 0.056701 0.075000
22 0.889175 0.364773 0.070447 0.152273
35 0.518900 0.581818 0.054983 0.072727
43 0.231100 0.573864 0.056701 0.070455
0 0.657216 0.303409 0.056701 0.075000
55 0.396048 0.613636 0.056701 0.072727
52 0.064433 0.531818 0.087629 0.081818
29 0.601375 0.479545 0.054983 0.072727
45 0.083333 0.607955 0.104811 0.084091
13 0.207045 0.751136 0.060137 0.093182
32 0.149485 0.675000 0.054983 0.072727
24 0.416667 0.526136 0.056701 0.075000
49 0.145189 0.771591 0.060137 0.093182
23 0.354811 0.542045 0.056701 0.070455
6 0.408076 0.364773 0.056701 0.070455
42 0.328179 0.467045 0.054983 0.075000
27 0.573883 0.403409 0.054983 0.070455
26 0.847938 0.418182 0.056701 0.072727
57 0.273196 0.644318 0.054983 0.070455
30 0.487113 0.497727 0.970790 0.713636
58 0.212199 0.659091 0.056701 0.072727
41 0.144330 0.511364 0.058419 0.072727
38 0.699313 0.373864 0.054983 0.075000
16 0.335052 0.630682 0.058419 0.075000
56 0.203608 0.495455 0.056701 0.072727
17 0.040378 0.455682 0.056701 0.075000
34 0.767182 0.520455 0.056701 0.072727
18 0.642612 0.551136 0.054983 0.075000
4 0.286082 0.395455 0.056701 0.072727
12 0.787801 0.434091 0.060137 0.072727
21 0.266323 0.481818 0.058419 0.072727
33 0.580756 0.565909 0.054983 0.072727
46 0.869416 0.494318 0.144330 0.093182
59 0.451031 0.435227 0.053265 0.070455
15 0.457045 0.596591 0.058419 0.075000
53 0.512027 0.420455 0.054983 0.072727
7 0.470790 0.348864 0.054983 0.075000
37 0.725945 0.451136 0.056701 0.075000
1 0.101375 0.440909 0.054983 0.072727
47 0.468213 0.678409 0.317869 0.156818
