16 0.207275 0.369130 0.068129 0.091304
56 0.180139 0.151304 0.060046 0.080000
54 0.720843 0.435217 0.084873 0.113913
32 0.066109 0.279565 0.059469 0.082609
2 0.185335 0.064348 0.060046 0.076522
40 0.571594 0.588261 0.084296 0.115652
34 0.644342 0.634783 0.086605 0.121739
22 0.872113 0.574783 0.095266 0.245217
59 0.390589 0.261739 0.072171 0.092174
24 0.317552 0.327826 0.069284 0.093913
37 0.636547 0.509565 0.084873 0.116522
28 0.435624 0.394783 0.075635 0.102609
23 0.263279 0.295217 0.065820 0.089565
13 0.068995 0.393913 0.064088 0.102609
55 0.260681 0.399565 0.069861 0.096522
3 0.232390 0.086087 0.062933 0.078261
33 0.436490 0.508261 0.078522 0.108696
5 0.334584 0.134348 0.067552 0.082609
4 0.282333 0.109565 0.064665 0.081739
6 0.389723 0.161304 0.070439 0.086087
38 0.647806 0.396087 0.081986 0.105217
14 0.557448 0.722609 0.087182 0.144348
42 0.279734 0.203478 0.066397 0.086957
44 0.026848 0.250000 0.052540 0.089565
11 0.784931 0.351739 0.083718 0.110435
18 0.502887 0.547826 0.081986 0.111304
41 0.134238 0.129565 0.059469 0.078261
10 0.116917 0.212174 0.058314 0.081739
7 0.447748 0.189130 0.073326 0.089565
39 0.796767 0.474348 0.085450 0.117391
19 0.211605 0.267826 0.064088 0.088696
8 0.508949 0.217826 0.076790 0.094783
57 0.157621 0.336522 0.063510 0.088696
12 0.710450 0.550435 0.084873 0.121739
49 0.029157 0.360435 0.057159 0.096522
43 0.162818 0.239130 0.060046 0.083478
17 0.098441 0.030435 0.053695 0.059130
9 0.573614 0.249565 0.079099 0.097391
25 0.374711 0.359565 0.072748 0.096522
29 0.499134 0.430000 0.077945 0.106957
52 0.081697 0.102609 0.076790 0.090435
58 0.110277 0.306957 0.061201 0.083478
21 0.228349 0.177391 0.064088 0.083478
36 0.578233 0.360870 0.080254 0.107826
31 0.566686 0.469565 0.081409 0.114783
27 0.512991 0.323913 0.077945 0.098261
48 0.711605 0.316522 0.083718 0.106087
45 0.058025 0.179565 0.084873 0.100000
26 0.787818 0.595652 0.090647 0.130435
1 0.140878 0.043913 0.057737 0.073913
35 0.374711 0.470435 0.075058 0.104348
47 0.293591 0.546522 0.307737 0.280870
20 0.881351 0.405652 0.127598 0.141739
15 0.316397 0.434783 0.071594 0.100870
53 0.450058 0.292174 0.074480 0.095652
46 0.770497 0.715217 0.189954 0.192174
0 0.641455 0.281739 0.081986 0.104348
51 0.333718 0.230000 0.069284 0.087826
30 0.493072 0.494783 0.984988 0.987826
