2 0.165268 0.421111 0.055369 0.073333
9 0.587248 0.314444 0.057047 0.073333
19 0.292785 0.550000 0.055369 0.073333
20 0.845638 0.252222 0.090604 0.077778
54 0.750839 0.354444 0.058725 0.073333
40 0.696309 0.528889 0.057047 0.071111
14 0.730705 0.613333 0.065436 0.088889
10 0.171980 0.578889 0.055369 0.068889
51 0.387584 0.444444 0.053691 0.071111
28 0.531879 0.488889 0.053691 0.071111
48 0.708893 0.284444 0.058725 0.071111
36 0.628356 0.384444 0.055369 0.071111
25 0.472315 0.504444 0.055369 0.071111
3 0.225671 0.406667 0.055369 0.071111
31 0.655201 0.458889 0.058725 0.073333
44 0.085570 0.686667 0.070470 0.088889
11 0.767617 0.270000 0.055369 0.073333
8 0.527685 0.331111 0.055369 0.071111
5 0.344799 0.375556 0.055369 0.071111
39 0.809564 0.338889 0.055369 0.073333
22 0.875000 0.361111 0.068792 0.148889
35 0.513423 0.573333 0.053691 0.071111
43 0.232383 0.565556 0.055369 0.068889
0 0.648490 0.301111 0.055369 0.073333
55 0.393456 0.604444 0.055369 0.071111
52 0.069631 0.524444 0.085570 0.080000
29 0.593960 0.473333 0.053691 0.071111
45 0.088087 0.598889 0.102349 0.082222
13 0.208893 0.738889 0.058725 0.091111
32 0.152685 0.664444 0.053691 0.071111
24 0.413591 0.518889 0.055369 0.073333
49 0.148490 0.758889 0.058725 0.091111
23 0.353188 0.534444 0.055369 0.068889
6 0.405201 0.361111 0.055369 0.068889
42 0.327181 0.461111 0.053691 0.073333
27 0.567114 0.398889 0.053691 0.068889
26 0.834732 0.413333 0.055369 0.071111
57 0.273490 0.634444 0.053691 0.068889
30 0.481544 0.491111 0.949664 0.697778
58 0.213926 0.648889 0.055369 0.071111
41 0.147651 0.504444 0.057047 0.071111
38 0.689597 0.370000 0.053691 0.073333
16 0.333893 0.621111 0.057047 0.073333
56 0.205537 0.488889 0.055369 0.071111
17 0.046141 0.450000 0.055369 0.073333
34 0.755872 0.513333 0.055369 0.071111
18 0.634228 0.543333 0.053691 0.073333
4 0.286074 0.391111 0.055369 0.071111
12 0.776007 0.428889 0.058725 0.071111
21 0.266779 0.475556 0.057047 0.071111
33 0.573826 0.557778 0.053691 0.071111
46 0.855705 0.487778 0.140940 0.091111
59 0.447148 0.430000 0.052013 0.068889
15 0.453020 0.587778 0.057047 0.073333
53 0.506711 0.415556 0.053691 0.071111
7 0.466443 0.345556 0.053691 0.073333
37 0.715604 0.445556 0.055369 0.073333
1 0.105705 0.435556 0.053691 0.071111
47 0.463926 0.667778 0.310403 0.153333
