8 0.486563 0.317500 0.041875 0.053333
43 0.236875 0.427083 0.043750 0.054167
39 0.690312 0.382083 0.040625 0.052500
4 0.300000 0.308333 0.042500 0.053333
58 0.210938 0.486667 0.043125 0.055000
9 0.532188 0.318750 0.041875 0.052500
30 0.421563 0.414167 0.714375 0.411667
48 0.622500 0.321667 0.041250 0.053333
37 0.610000 0.439167 0.041250 0.053333
27 0.508125 0.376667 0.041250 0.053333
54 0.644375 0.380833 0.041250 0.053333
49 0.149062 0.553750 0.045625 0.065833
52 0.119375 0.362917 0.068750 0.055833
6 0.394375 0.312500 0.042500 0.053333
11 0.667500 0.322500 0.040000 0.051667
28 0.472813 0.433750 0.040625 0.054167
24 0.379688 0.431250 0.041875 0.054167
7 0.440937 0.315000 0.041875 0.053333
23 0.332813 0.429583 0.043125 0.054167
14 0.597812 0.563750 0.043125 0.064167
15 0.402500 0.492500 0.042500 0.055000
29 0.519062 0.436250 0.041875 0.054167
21 0.274687 0.367500 0.043125 0.055000
1 0.157500 0.302917 0.042500 0.054167
12 0.655625 0.440417 0.041250 0.054167
55 0.355312 0.491250 0.043125 0.055833
13 0.197500 0.554583 0.045000 0.065833
41 0.179063 0.364167 0.044375 0.055000
0 0.577500 0.320417 0.041250 0.054167
20 0.724375 0.325833 0.063750 0.053333
36 0.553438 0.378333 0.041875 0.053333
32 0.163125 0.485833 0.043750 0.055000
40 0.586562 0.497083 0.041875 0.052500
26 0.700937 0.441667 0.040625 0.053333
5 0.347500 0.310000 0.042500 0.053333
46 0.706875 0.501667 0.098750 0.055000
31 0.564375 0.437500 0.041250 0.053333
56 0.226562 0.365417 0.043125 0.055833
42 0.321875 0.369167 0.042500 0.055000
2 0.205000 0.305417 0.042500 0.054167
33 0.495312 0.495000 0.043125 0.055000
51 0.369688 0.370833 0.041875 0.053333
16 0.306875 0.489583 0.043750 0.055833
22 0.735938 0.413750 0.041875 0.112500
57 0.259062 0.488333 0.043125 0.055000
10 0.189062 0.425417 0.043125 0.055833
35 0.448750 0.493750 0.042500 0.054167
53 0.462500 0.375000 0.041250 0.053333
18 0.540937 0.495833 0.041875 0.055000
44 0.109063 0.485000 0.056875 0.056667
34 0.631563 0.498750 0.041875 0.052500
45 0.123750 0.423333 0.080000 0.055000
59 0.416250 0.373333 0.042500 0.053333
47 0.399062 0.557500 0.230625 0.065000
17 0.110000 0.301667 0.043750 0.053333
3 0.252500 0.306250 0.042500 0.054167
19 0.285000 0.428333 0.043750 0.055000
38 0.599063 0.379583 0.040625 0.052500
25 0.426875 0.433333 0.042500 0.055000
