5 0.327508 0.479583 0.066869 0.072500
57 0.188070 0.709583 0.066109 0.072500
3 0.187310 0.480000 0.066109 0.073333
15 0.397416 0.709167 0.066869 0.071667
27 0.553951 0.555417 0.063830 0.072500
43 0.152736 0.632917 0.065350 0.072500
0 0.677052 0.480000 0.065350 0.073333
24 0.362462 0.632917 0.065350 0.072500
52 0.014438 0.556667 0.027356 0.073333
33 0.537234 0.709167 0.065350 0.073333
25 0.431991 0.632917 0.064590 0.072500
54 0.753040 0.556250 0.042553 0.072500
16 0.257219 0.710417 0.066109 0.072500
9 0.607143 0.479583 0.066869 0.072500
36 0.623860 0.556667 0.065350 0.073333
11 0.783815 0.478750 0.041793 0.070833
18 0.606763 0.709167 0.066109 0.071667
51 0.344985 0.555417 0.063830 0.072500
56 0.134498 0.555417 0.065350 0.074167
59 0.414894 0.555833 0.065350 0.073333
34 0.746581 0.709583 0.064590 0.070833
32 0.061170 0.709583 0.037234 0.072500
41 0.064590 0.555833 0.065350 0.073333
35 0.466945 0.709583 0.066109 0.072500
30 0.455167 0.629167 0.908815 0.436667
55 0.327508 0.709167 0.065350 0.073333
22 0.864362 0.596667 0.069149 0.155000
37 0.712006 0.632917 0.065350 0.072500
6 0.397796 0.479583 0.066109 0.072500
38 0.694149 0.556250 0.064590 0.072500
10 0.082447 0.632500 0.064590 0.073333
20 0.852204 0.478750 0.084347 0.074167
19 0.222264 0.633333 0.064590 0.073333
14 0.657295 0.789583 0.059271 0.074167
40 0.677812 0.708750 0.065350 0.070833
26 0.818389 0.632917 0.041033 0.072500
42 0.274316 0.556250 0.065350 0.072500
39 0.801292 0.556250 0.041793 0.072500
12 0.770897 0.632500 0.041793 0.071667
17 0.010258 0.478750 0.018997 0.072500
45 0.022796 0.632917 0.044073 0.072500
53 0.484422 0.556250 0.064590 0.074167
58 0.117781 0.709583 0.065350 0.072500
48 0.735942 0.479167 0.043313 0.071667
28 0.502280 0.632500 0.063830 0.073333
4 0.257219 0.479583 0.064590 0.072500
49 0.061930 0.790833 0.066109 0.075000
47 0.397416 0.787083 0.317629 0.075833
8 0.537234 0.479583 0.065350 0.072500
31 0.642097 0.632917 0.063830 0.072500
21 0.204787 0.556250 0.064590 0.072500
23 0.292553 0.632917 0.063830 0.072500
13 0.133359 0.790000 0.066109 0.073333
29 0.572568 0.632500 0.064590 0.073333
7 0.467325 0.479583 0.063830 0.072500
2 0.117401 0.479583 0.066109 0.072500
1 0.047492 0.479167 0.064590 0.071667
46 0.840046 0.709583 0.107143 0.074167
44 0.018997 0.709583 0.036474 0.074167
