19 0.307416 0.579480 0.066986 0.164740
2 0.175239 0.215318 0.068182 0.158960
7 0.561005 0.213873 0.066986 0.167630
21 0.288278 0.394509 0.066986 0.164740
29 0.697368 0.578035 0.066986 0.161850
35 0.578947 0.763006 0.069378 0.161850
39 0.976077 0.395954 0.050239 0.161850
49 0.099880 0.934971 0.065789 0.135838
36 0.754785 0.395954 0.066986 0.167630
13 0.175239 0.936416 0.068182 0.132948
42 0.365431 0.393064 0.068182 0.161850
31 0.774522 0.579480 0.065789 0.158960
51 0.443780 0.393064 0.066986 0.161850
26 0.985048 0.579480 0.032297 0.158960
57 0.269737 0.760116 0.065789 0.161850
3 0.251794 0.213873 0.068182 0.161850
23 0.385167 0.578035 0.066986 0.161850
44 0.038278 0.761561 0.074163 0.164740
34 0.888158 0.761561 0.065789 0.158960
41 0.136364 0.394509 0.066986 0.164740
5 0.405502 0.213873 0.069378 0.161850
6 0.482656 0.212428 0.070574 0.164740
43 0.231459 0.579480 0.068182 0.158960
18 0.735048 0.760116 0.068182 0.161850
12 0.926435 0.578035 0.065789 0.161850
45 0.057416 0.579480 0.112440 0.158960
27 0.677632 0.393064 0.065789 0.161850
40 0.813397 0.758671 0.066986 0.158960
48 0.869617 0.213873 0.066986 0.161850
33 0.657895 0.761561 0.066986 0.164740
38 0.831938 0.395954 0.065789 0.161850
25 0.540670 0.578035 0.066986 0.161850
56 0.211722 0.393064 0.066986 0.161850
14 0.831938 0.936416 0.068182 0.132948
46 0.966507 0.761561 0.069378 0.164740
1 0.099282 0.215318 0.064593 0.158960
59 0.522727 0.394509 0.069378 0.164740
10 0.154904 0.576590 0.065789 0.158960
17 0.029306 0.215318 0.056220 0.158960
4 0.328349 0.213873 0.068182 0.161850
30 0.501196 0.502890 1.000000 1.000000
8 0.638756 0.213873 0.069378 0.161850
0 0.793062 0.213873 0.066986 0.161850
24 0.462919 0.578035 0.066986 0.161850
58 0.193182 0.760116 0.065789 0.161850
32 0.117225 0.760116 0.066986 0.167630
15 0.502392 0.761561 0.069378 0.158960
47 0.502392 0.934971 0.380383 0.135838
16 0.346292 0.763006 0.068182 0.161850
55 0.424043 0.761561 0.068182 0.158960
37 0.850478 0.580925 0.066986 0.161850
52 0.047847 0.394509 0.093301 0.158960
28 0.619617 0.578035 0.066986 0.161850
11 0.944976 0.213873 0.064593 0.161850
9 0.715909 0.213873 0.068182 0.161850
54 0.907297 0.397399 0.065789 0.164740
53 0.599880 0.394509 0.068182 0.164740
