17 0.010018 0.358911 0.018215 0.094059
55 0.219035 0.715347 0.040984 0.108911
24 0.241803 0.594059 0.039162 0.099010
7 0.303734 0.352723 0.037341 0.111386
26 0.616576 0.476485 0.063752 0.111386
8 0.348816 0.349010 0.038251 0.118812
4 0.167577 0.356436 0.038251 0.099010
3 0.121129 0.357673 0.038251 0.101485
50 0.624772 0.839109 0.058288 0.113861
14 0.443534 0.840347 0.054645 0.116337
33 0.358834 0.715347 0.041894 0.113861
40 0.454918 0.712871 0.037341 0.103960
46 0.587887 0.714109 0.122951 0.121287
30 0.500000 0.551980 0.998179 0.836634
37 0.475410 0.592822 0.040073 0.106436
2 0.076958 0.358911 0.039162 0.099010
0 0.441712 0.357673 0.040073 0.106436
36 0.418033 0.475248 0.040073 0.103960
44 0.013661 0.717822 0.025501 0.108911
28 0.334699 0.592822 0.039162 0.106436
11 0.534608 0.356436 0.038251 0.099010
1 0.031876 0.357673 0.038251 0.101485
45 0.018670 0.597772 0.035519 0.106436
38 0.464481 0.472772 0.040073 0.103960
15 0.265027 0.711634 0.041894 0.111386
47 0.270036 0.841584 0.283242 0.118812
43 0.104281 0.596535 0.039162 0.108911
12 0.523224 0.592822 0.040984 0.106436
41 0.050546 0.477723 0.040984 0.103960
19 0.149362 0.595297 0.041894 0.106436
20 0.603370 0.357673 0.084699 0.106436
25 0.287796 0.592822 0.040073 0.106436
53 0.326047 0.474010 0.038251 0.106436
39 0.558288 0.476485 0.040073 0.111386
9 0.394809 0.353960 0.040984 0.108911
31 0.428051 0.592822 0.038251 0.106436
57 0.126594 0.717822 0.040073 0.108911
10 0.057832 0.595297 0.039162 0.106436
34 0.501366 0.714109 0.039162 0.106436
49 0.013661 0.844059 0.025501 0.108911
59 0.279599 0.472772 0.040073 0.103960
35 0.313297 0.715347 0.038251 0.103960
5 0.213115 0.357673 0.040073 0.101485
56 0.096539 0.474010 0.038251 0.106436
52 0.015938 0.476485 0.030055 0.106436
13 0.098361 0.842822 0.054645 0.111386
29 0.381603 0.594059 0.038251 0.103960
51 0.233151 0.475248 0.038251 0.099010
16 0.173042 0.716584 0.041894 0.111386
23 0.196721 0.595297 0.036430 0.101485
27 0.372040 0.474010 0.037341 0.101485
21 0.141166 0.474010 0.038251 0.106436
18 0.407559 0.715347 0.039162 0.108911
54 0.510929 0.475248 0.038251 0.103960
48 0.487250 0.357673 0.038251 0.101485
58 0.080146 0.716584 0.041894 0.106436
42 0.186248 0.475248 0.040984 0.103960
32 0.033698 0.717822 0.041894 0.108911
6 0.258652 0.356436 0.038251 0.099010
22 0.597905 0.591584 0.099271 0.113861
