17 0.074219 0.464205 0.041016 0.042045
22 0.626953 0.564205 0.052734 0.089773
27 0.405762 0.525568 0.030273 0.035227
48 0.512695 0.489773 0.031250 0.038636
47 0.298340 0.661932 0.254883 0.057955
3 0.190430 0.469886 0.037109 0.042045
34 0.511719 0.626136 0.031250 0.038636
12 0.536621 0.581250 0.030273 0.039773
7 0.349121 0.478409 0.034180 0.040909
8 0.388672 0.481250 0.031250 0.039773
13 0.141602 0.647727 0.048828 0.045455
31 0.451660 0.574432 0.028320 0.037500
15 0.297852 0.609091 0.033203 0.038636
21 0.201660 0.513636 0.040039 0.038636
46 0.594727 0.634659 0.107422 0.042045
59 0.323242 0.519886 0.033203 0.035227
9 0.430664 0.483523 0.033203 0.039773
33 0.382812 0.617045 0.031250 0.040909
25 0.326172 0.564773 0.029297 0.036364
54 0.529297 0.535227 0.029297 0.036364
57 0.176270 0.601705 0.038086 0.037500
58 0.134766 0.598864 0.041016 0.038636
2 0.151855 0.467045 0.040039 0.040909
16 0.216797 0.604545 0.037109 0.036364
19 0.203125 0.557955 0.035156 0.040909
43 0.163086 0.555114 0.039062 0.039773
32 0.091309 0.596591 0.032227 0.043182
49 0.036133 0.642045 0.052734 0.047727
6 0.309082 0.476136 0.034180 0.036364
28 0.367188 0.568750 0.029297 0.037500
5 0.268066 0.473295 0.032227 0.039773
24 0.285156 0.561932 0.031250 0.035227
10 0.123047 0.551705 0.037109 0.039773
18 0.425293 0.620455 0.030273 0.038636
51 0.283203 0.518750 0.033203 0.035227
4 0.229980 0.471591 0.040039 0.040909
35 0.340820 0.613068 0.031250 0.037500
14 0.457031 0.671023 0.044922 0.042045
29 0.410156 0.571023 0.029297 0.037500
37 0.494629 0.578409 0.030273 0.036364
26 0.579590 0.584659 0.030273 0.039773
1 0.112305 0.464205 0.035156 0.039773
39 0.572266 0.537500 0.029297 0.038636
11 0.555176 0.492045 0.030273 0.038636
0 0.471191 0.487500 0.030273 0.036364
40 0.468262 0.623295 0.030273 0.037500
55 0.256836 0.606250 0.031250 0.037500
50 0.623047 0.685795 0.046875 0.042045
36 0.446777 0.528409 0.030273 0.036364
30 0.500977 0.575000 1.000000 0.379545
53 0.363770 0.522727 0.030273 0.036364
52 0.066406 0.502841 0.046875 0.039773
44 0.046387 0.593750 0.041992 0.042045
42 0.242676 0.515341 0.038086 0.037500
38 0.488281 0.532386 0.029297 0.035227
20 0.619141 0.494886 0.072266 0.039773
41 0.119141 0.507955 0.031250 0.034091
56 0.159180 0.510227 0.031250 0.034091
23 0.245605 0.560795 0.036133 0.037500
45 0.061035 0.547727 0.063477 0.040909
