13 0.083333 0.865031 0.044025 0.147239
33 0.322720 0.691718 0.032233 0.138037
49 0.012972 0.871166 0.024371 0.159509
26 0.522799 0.193252 0.033019 0.147239
2 0.056604 0.202454 0.034591 0.147239
39 0.501965 0.361963 0.033805 0.147239
12 0.470519 0.524540 0.032233 0.141104
54 0.459119 0.365031 0.033019 0.141104
11 0.481132 0.194785 0.033019 0.144172
53 0.290881 0.365031 0.031447 0.141104
29 0.343947 0.526074 0.032233 0.138037
23 0.175314 0.527607 0.031447 0.141104
57 0.110849 0.694785 0.031447 0.138037
18 0.365173 0.690184 0.032233 0.141104
27 0.333333 0.363497 0.031447 0.138037
7 0.269654 0.200920 0.031447 0.144172
5 0.183962 0.200920 0.033019 0.144172
1 0.015723 0.202454 0.029874 0.147239
22 0.542453 0.443252 0.083333 0.315951
10 0.046777 0.530675 0.032233 0.141104
59 0.248821 0.365031 0.032233 0.141104
30 0.460299 0.503067 0.919025 1.000000
9 0.353774 0.199387 0.033019 0.147239
52 0.014544 0.366564 0.027516 0.144172
56 0.077830 0.366564 0.033019 0.144172
43 0.089230 0.530675 0.032233 0.141104
4 0.141903 0.196319 0.032233 0.147239
20 0.568396 0.205521 0.033019 0.147239
17 0.010220 0.199387 0.018868 0.153374
40 0.407626 0.690184 0.032233 0.134969
28 0.301887 0.529141 0.031447 0.144172
0 0.396226 0.196319 0.034591 0.153374
58 0.068789 0.697853 0.032233 0.138037
42 0.163522 0.365031 0.033019 0.141104
14 0.403302 0.855828 0.044025 0.153374
50 0.561321 0.860429 0.047170 0.150307
47 0.244890 0.866564 0.257075 0.156442
41 0.034591 0.368098 0.034591 0.141104
35 0.281053 0.694785 0.032233 0.138037
24 0.217374 0.526074 0.032233 0.138037
8 0.311321 0.197853 0.033019 0.150307
36 0.375000 0.361963 0.033019 0.141104
32 0.025157 0.699387 0.033019 0.147239
34 0.448899 0.687117 0.031447 0.134969
51 0.206368 0.361963 0.030660 0.141104
25 0.259827 0.530675 0.032233 0.141104
37 0.428459 0.524540 0.033019 0.141104
21 0.120283 0.366564 0.031447 0.144172
38 0.417453 0.363497 0.031447 0.138037
16 0.154088 0.691718 0.033019 0.138037
44 0.012186 0.699387 0.022799 0.147239
45 0.014937 0.530675 0.028302 0.134969
3 0.099057 0.200920 0.033019 0.150307
46 0.529874 0.694785 0.106918 0.138037
55 0.196541 0.691718 0.033019 0.138037
6 0.227201 0.199387 0.033019 0.147239
48 0.437893 0.196319 0.034591 0.147239
19 0.132469 0.530675 0.032233 0.141104
15 0.238601 0.694785 0.033805 0.138037
31 0.386006 0.526074 0.031447 0.138037
