6 0.296703 0.195385 0.038462 0.064615
9 0.399267 0.253077 0.042125 0.066154
45 0.081960 0.227692 0.059524 0.076923
47 0.231685 0.477692 0.208791 0.189231
33 0.312271 0.445385 0.042125 0.069231
37 0.422161 0.430000 0.042125 0.072308
22 0.522894 0.491538 0.097070 0.112308
43 0.152015 0.267692 0.036630 0.064615
14 0.356227 0.556923 0.054945 0.080000
41 0.133700 0.183077 0.038462 0.064615
51 0.260531 0.252308 0.039377 0.067692
29 0.348901 0.388462 0.040293 0.066154
48 0.471612 0.292308 0.043956 0.070769
54 0.470238 0.375385 0.043040 0.073846
16 0.179945 0.362308 0.039377 0.063077
38 0.433608 0.353077 0.043040 0.072308
34 0.420330 0.512308 0.043956 0.073846
27 0.362179 0.312308 0.041209 0.070769
31 0.385073 0.409231 0.041209 0.070769
23 0.216117 0.303846 0.036630 0.069231
11 0.510073 0.313846 0.043956 0.070769
32 0.087912 0.305385 0.036630 0.066154
19 0.183608 0.286154 0.037546 0.067692
0 0.434524 0.273846 0.043040 0.064615
59 0.293498 0.271538 0.039377 0.069231
30 0.503205 0.494615 0.995421 0.986154
44 0.055403 0.283077 0.046703 0.073846
50 0.500000 0.654615 0.060440 0.084615
53 0.326923 0.291538 0.040293 0.069231
21 0.195513 0.216154 0.035714 0.066154
39 0.509158 0.396154 0.045788 0.075385
49 0.035714 0.351538 0.047619 0.069231
20 0.570513 0.343077 0.086081 0.107692
56 0.164835 0.198462 0.036630 0.067692
46 0.493132 0.557692 0.114469 0.124615
35 0.278846 0.424615 0.041209 0.064615
26 0.557692 0.422308 0.065934 0.093846
4 0.231227 0.161538 0.037546 0.064615
7 0.329212 0.213077 0.041209 0.066154
1 0.139194 0.112308 0.034799 0.061538
28 0.314560 0.366154 0.039377 0.067692
18 0.347985 0.466923 0.042125 0.072308
42 0.228022 0.234615 0.036630 0.069231
40 0.384615 0.489231 0.043956 0.070769
55 0.212454 0.381538 0.038462 0.064615
5 0.264194 0.179231 0.037546 0.066154
57 0.149725 0.342308 0.037546 0.066154
25 0.281593 0.343077 0.039377 0.070769
36 0.396978 0.333077 0.043040 0.072308
13 0.112179 0.397692 0.048535 0.066154
17 0.109890 0.096923 0.036630 0.064615
58 0.119048 0.324615 0.036630 0.064615
52 0.098443 0.163846 0.048535 0.069231
10 0.121795 0.249231 0.034799 0.064615
15 0.244963 0.400769 0.041209 0.069231
12 0.458791 0.453077 0.043956 0.072308
2 0.167582 0.127692 0.036630 0.061538
8 0.364011 0.234615 0.039377 0.066154
3 0.199634 0.142308 0.038462 0.063077
24 0.248168 0.324615 0.038462 0.064615
