6 0.191406 0.152459 0.041016 0.068852
9 0.300781 0.213934 0.044922 0.070492
45 0.016602 0.186885 0.031250 0.081967
47 0.122070 0.453279 0.222656 0.201639
33 0.208008 0.418852 0.044922 0.073770
37 0.325195 0.402459 0.044922 0.077049
22 0.432617 0.468033 0.103516 0.119672
43 0.037109 0.229508 0.039062 0.068852
14 0.254883 0.537705 0.058594 0.085246
41 0.019531 0.139344 0.037109 0.068852
51 0.152832 0.213115 0.041992 0.072131
29 0.247070 0.358197 0.042969 0.070492
48 0.377930 0.255738 0.046875 0.075410
54 0.376465 0.344262 0.045898 0.078689
16 0.066895 0.330328 0.041992 0.067213
38 0.337402 0.320492 0.045898 0.077049
34 0.323242 0.490164 0.046875 0.078689
27 0.261230 0.277049 0.043945 0.075410
31 0.285645 0.380328 0.043945 0.075410
23 0.105469 0.268033 0.039062 0.073770
11 0.418945 0.278689 0.046875 0.075410
32 0.010742 0.269672 0.019531 0.070492
19 0.070801 0.249180 0.040039 0.072131
0 0.338379 0.236066 0.045898 0.068852
59 0.187988 0.233607 0.041992 0.073770
30 0.486816 0.499180 0.971680 0.995082
44 0.013184 0.245902 0.024414 0.078689
50 0.408203 0.641803 0.064453 0.090164
53 0.223633 0.254918 0.042969 0.073770
21 0.083496 0.174590 0.038086 0.070492
39 0.417969 0.366393 0.048828 0.080328
49 0.013672 0.318852 0.025391 0.073770
20 0.483398 0.309836 0.091797 0.114754
56 0.050781 0.155738 0.039062 0.072131
46 0.400879 0.538525 0.122070 0.132787
35 0.172363 0.396721 0.043945 0.068852
26 0.469727 0.394262 0.070312 0.100000
4 0.121582 0.116393 0.040039 0.068852
7 0.226074 0.171311 0.043945 0.070492
1 0.023438 0.063934 0.037109 0.065574
28 0.210449 0.334426 0.041992 0.072131
18 0.246094 0.441803 0.044922 0.077049
42 0.118164 0.194262 0.039062 0.073770
40 0.285156 0.465574 0.046875 0.075410
55 0.101562 0.350820 0.041016 0.068852
5 0.156738 0.135246 0.040039 0.070492
57 0.034668 0.309016 0.040039 0.070492
25 0.175293 0.309836 0.041992 0.075410
36 0.298340 0.299180 0.045898 0.077049
13 0.013672 0.368033 0.025391 0.070492
17 0.010742 0.047541 0.019531 0.068852
58 0.011230 0.290164 0.020508 0.068852
52 0.013672 0.118852 0.025391 0.073770
10 0.012207 0.209836 0.022461 0.068852
15 0.136230 0.371311 0.043945 0.073770
12 0.364258 0.427049 0.046875 0.077049
2 0.053711 0.080328 0.039062 0.065574
8 0.263184 0.194262 0.041992 0.070492
3 0.087891 0.095902 0.041016 0.067213
24 0.139648 0.290164 0.041016 0.068852
