42 0.109612 0.475845 0.035413 0.111111
48 0.432125 0.342995 0.037943 0.111111
28 0.269815 0.613527 0.035413 0.111111
32 0.010118 0.741546 0.018550 0.106280
57 0.041315 0.743961 0.037099 0.106280
17 0.009696 0.339372 0.017707 0.113527
46 0.541737 0.746377 0.123946 0.106280
53 0.259275 0.477053 0.036256 0.108696
27 0.309022 0.477053 0.036256 0.108696
22 0.553963 0.544686 0.097808 0.258454
45 0.019393 0.613527 0.037099 0.106280
14 0.386594 0.917874 0.054806 0.169082
31 0.370995 0.613527 0.035413 0.106280
33 0.293423 0.746377 0.037099 0.106280
29 0.320405 0.612319 0.035413 0.108696
1 0.010540 0.339372 0.019393 0.113527
35 0.243255 0.746377 0.036256 0.106280
24 0.169477 0.613527 0.035413 0.106280
4 0.087268 0.336957 0.037943 0.118357
12 0.470067 0.614734 0.036256 0.108696
15 0.192243 0.747585 0.037099 0.103865
58 0.010118 0.746377 0.018550 0.106280
43 0.018971 0.612319 0.036256 0.108696
10 0.009696 0.612319 0.017707 0.108696
55 0.142074 0.747585 0.036256 0.103865
5 0.136594 0.339372 0.038786 0.113527
11 0.483558 0.342995 0.036256 0.115942
23 0.120152 0.613527 0.036256 0.106280
18 0.345278 0.747585 0.036256 0.103865
25 0.220067 0.613527 0.035413 0.106280
13 0.016863 0.914251 0.032040 0.176329
39 0.507589 0.478261 0.035413 0.111111
19 0.069562 0.612319 0.036256 0.108696
2 0.010118 0.339372 0.018550 0.113527
52 0.015599 0.478261 0.029511 0.115942
47 0.196037 0.911836 0.307757 0.181159
44 0.013491 0.750000 0.025295 0.103865
21 0.060708 0.477053 0.037099 0.113527
37 0.420320 0.614734 0.036256 0.108696
7 0.234823 0.339372 0.036256 0.113527
6 0.185497 0.339372 0.038786 0.113527
38 0.407673 0.479469 0.036256 0.113527
0 0.382799 0.341787 0.037099 0.113527
9 0.333474 0.340580 0.036256 0.115942
56 0.014755 0.474638 0.027825 0.113527
30 0.500843 0.547101 1.000000 0.910628
51 0.159781 0.477053 0.036256 0.108696
54 0.457841 0.479469 0.035413 0.113527
26 0.532884 0.340580 0.035413 0.115942
8 0.284570 0.341787 0.036256 0.118357
59 0.208685 0.475845 0.036256 0.111111
40 0.395868 0.747585 0.036256 0.103865
50 0.582631 0.917874 0.057336 0.169082
34 0.446459 0.747585 0.036256 0.103865
41 0.010540 0.475845 0.019393 0.111111
3 0.037099 0.338164 0.038786 0.115942
49 0.014755 0.915459 0.027825 0.173913
36 0.358347 0.479469 0.037099 0.113527
20 0.586003 0.345411 0.035413 0.115942
16 0.091484 0.746377 0.036256 0.106280
