10 0.108509 0.546875 0.031549 0.093750
35 0.342734 0.661932 0.031549 0.090909
0 0.464149 0.311080 0.033461 0.099432
26 0.593212 0.308239 0.031549 0.099432
58 0.124761 0.663352 0.031549 0.093750
29 0.409178 0.544034 0.030593 0.093750
8 0.380019 0.309659 0.031549 0.096591
22 0.611855 0.484375 0.082218 0.224432
15 0.297801 0.661932 0.033461 0.096591
33 0.385277 0.661932 0.034417 0.090909
38 0.486138 0.427557 0.031549 0.093750
9 0.422084 0.309659 0.031549 0.096591
42 0.229924 0.427557 0.029637 0.093750
32 0.081262 0.661932 0.034417 0.096591
20 0.638145 0.311080 0.031549 0.099432
41 0.101338 0.427557 0.028681 0.093750
1 0.084608 0.308239 0.029637 0.093750
19 0.194073 0.546875 0.030593 0.093750
34 0.517208 0.663352 0.034417 0.093750
7 0.336998 0.309659 0.031549 0.096591
21 0.188337 0.428977 0.028681 0.096591
47 0.301147 0.819602 0.263862 0.190341
46 0.600382 0.663352 0.108987 0.099432
25 0.323136 0.544034 0.030593 0.093750
6 0.294933 0.306818 0.031549 0.096591
4 0.212237 0.311080 0.028681 0.093750
51 0.273423 0.427557 0.030593 0.093750
43 0.151052 0.544034 0.028681 0.093750
30 0.500478 0.541193 0.993308 0.883523
5 0.255258 0.308239 0.028681 0.099432
2 0.126673 0.312500 0.029637 0.090909
57 0.169216 0.661932 0.030593 0.090909
14 0.466539 0.822443 0.047801 0.167614
37 0.495698 0.546875 0.033461 0.093750
54 0.529159 0.427557 0.031549 0.099432
39 0.571702 0.428977 0.032505 0.096591
28 0.366157 0.544034 0.030593 0.093750
23 0.237572 0.545455 0.029637 0.090909
53 0.358031 0.426136 0.031549 0.096591
16 0.211759 0.663352 0.033461 0.093750
27 0.400574 0.426136 0.030593 0.096591
55 0.255258 0.663352 0.032505 0.093750
11 0.551147 0.309659 0.031549 0.096591
56 0.145315 0.428977 0.030593 0.096591
36 0.442639 0.428977 0.032505 0.096591
50 0.636233 0.821023 0.048757 0.176136
48 0.506692 0.309659 0.034417 0.096591
3 0.168738 0.309659 0.031549 0.096591
49 0.028681 0.830966 0.047801 0.178977
44 0.032983 0.670455 0.043021 0.090909
12 0.538241 0.545455 0.032505 0.096591
59 0.315010 0.427557 0.029637 0.093750
45 0.050191 0.548295 0.062141 0.090909
40 0.473709 0.660511 0.033461 0.093750
52 0.049713 0.431818 0.049713 0.096591
17 0.044933 0.312500 0.028681 0.090909
13 0.139101 0.829545 0.046845 0.181818
31 0.452199 0.544034 0.032505 0.093750
24 0.279159 0.545455 0.030593 0.090909
18 0.428298 0.661932 0.036329 0.096591
