42 0.235000 0.436475 0.030000 0.094262
48 0.508214 0.323770 0.032143 0.094262
28 0.370714 0.553279 0.030000 0.094262
32 0.090357 0.661885 0.032143 0.090164
57 0.177143 0.663934 0.031429 0.090164
17 0.050714 0.320697 0.030000 0.096311
46 0.601071 0.665984 0.105000 0.090164
53 0.361786 0.437500 0.030714 0.092213
27 0.403929 0.437500 0.030714 0.092213
22 0.611429 0.494877 0.082857 0.219262
45 0.057143 0.553279 0.062857 0.090164
14 0.469643 0.825820 0.046429 0.172131
31 0.456429 0.553279 0.030000 0.090164
33 0.390714 0.665984 0.031429 0.090164
29 0.413571 0.552254 0.030000 0.092213
1 0.090714 0.320697 0.032857 0.096311
35 0.348214 0.665984 0.030714 0.090164
24 0.285714 0.553279 0.030000 0.090164
4 0.216071 0.318648 0.032143 0.100410
12 0.540357 0.554303 0.030714 0.092213
15 0.305000 0.667008 0.031429 0.088115
58 0.133571 0.665984 0.031429 0.090164
43 0.158214 0.552254 0.030714 0.092213
10 0.115357 0.552254 0.030714 0.092213
55 0.262500 0.667008 0.030714 0.088115
5 0.257857 0.320697 0.032857 0.096311
11 0.551786 0.323770 0.030714 0.098361
23 0.243929 0.553279 0.030714 0.090164
18 0.434643 0.667008 0.030714 0.088115
25 0.328571 0.553279 0.030000 0.090164
13 0.146429 0.818648 0.047143 0.170082
39 0.572143 0.438525 0.030000 0.094262
19 0.201071 0.552254 0.030714 0.092213
2 0.132500 0.320697 0.032143 0.096311
52 0.056786 0.438525 0.050714 0.098361
47 0.308214 0.823770 0.260714 0.188525
44 0.041429 0.669057 0.042857 0.088115
21 0.193571 0.437500 0.031429 0.096311
37 0.498214 0.554303 0.030714 0.092213
7 0.341071 0.320697 0.030714 0.096311
6 0.299286 0.320697 0.032857 0.096311
38 0.487500 0.439549 0.030714 0.096311
0 0.466429 0.322746 0.031429 0.096311
9 0.424643 0.321721 0.030714 0.098361
56 0.150357 0.435451 0.032143 0.096311
30 0.499286 0.546107 0.995714 0.870902
51 0.277500 0.437500 0.030714 0.092213
54 0.530000 0.439549 0.030000 0.096311
26 0.593571 0.321721 0.030000 0.098361
8 0.383214 0.322746 0.030714 0.100410
59 0.318929 0.436475 0.030714 0.094262
40 0.477500 0.667008 0.030714 0.088115
50 0.635714 0.827869 0.048571 0.176230
34 0.520357 0.667008 0.030714 0.088115
41 0.108571 0.436475 0.032857 0.094262
3 0.173571 0.319672 0.032857 0.098361
49 0.037500 0.819672 0.047857 0.168033
36 0.445714 0.439549 0.031429 0.096311
20 0.638571 0.325820 0.030000 0.098361
16 0.219643 0.665984 0.030714 0.090164
