12 0.542143 0.513929 0.032857 0.036429
53 0.362143 0.471786 0.034286 0.036429
21 0.191786 0.471786 0.032143 0.036429
20 0.640714 0.431071 0.034286 0.036429
5 0.255714 0.429643 0.034286 0.036429
46 0.602143 0.556429 0.108571 0.035714
22 0.615357 0.493214 0.085000 0.079286
33 0.393571 0.556071 0.034286 0.036429
44 0.047500 0.557143 0.045000 0.037143
28 0.371429 0.513929 0.032857 0.036429
6 0.298929 0.429643 0.033571 0.036429
8 0.382857 0.429286 0.032857 0.037143
23 0.245000 0.514286 0.031429 0.035714
16 0.222857 0.556429 0.032857 0.035714
13 0.152857 0.598571 0.044286 0.037143
14 0.474286 0.599286 0.044286 0.037143
19 0.202500 0.514286 0.033571 0.035714
43 0.158929 0.513571 0.033571 0.035714
55 0.266071 0.555357 0.033571 0.036429
31 0.457500 0.514286 0.033571 0.035714
58 0.138214 0.556429 0.032143 0.034286
57 0.180714 0.556071 0.032857 0.036429
42 0.233929 0.471429 0.033571 0.035714
36 0.447143 0.472500 0.034286 0.036429
40 0.477857 0.556429 0.032857 0.035714
10 0.117143 0.513929 0.031429 0.036429
54 0.531786 0.471786 0.033571 0.036429
15 0.308571 0.555714 0.034286 0.035714
0 0.468571 0.430000 0.034286 0.035714
50 0.632857 0.598929 0.047143 0.037857
34 0.520714 0.556429 0.032857 0.035714
32 0.095000 0.556429 0.034286 0.037143
47 0.314286 0.600714 0.261429 0.040000
27 0.404643 0.471786 0.033571 0.035000
26 0.596429 0.428929 0.034286 0.036429
9 0.426071 0.429286 0.035000 0.037143
49 0.046429 0.600000 0.045714 0.038571
45 0.058571 0.514643 0.070000 0.036429
41 0.106429 0.471786 0.034286 0.036429
30 0.499643 0.491071 0.975000 0.292143
11 0.555357 0.430000 0.033571 0.035714
1 0.086429 0.430000 0.034286 0.035714
59 0.319286 0.471429 0.034286 0.035714
4 0.213571 0.428571 0.032857 0.035714
18 0.435714 0.556786 0.032857 0.036429
39 0.574286 0.471786 0.034286 0.036429
3 0.170357 0.429643 0.033571 0.036429
29 0.415357 0.513929 0.032143 0.035000
24 0.287500 0.513571 0.033571 0.035714
38 0.489286 0.471429 0.032857 0.035714
51 0.276786 0.471429 0.032143 0.035714
7 0.340357 0.429643 0.035000 0.036429
25 0.329643 0.513929 0.032143 0.035000
2 0.129286 0.428929 0.035714 0.036429
35 0.350714 0.556429 0.032857 0.035714
48 0.510714 0.429643 0.034286 0.036429
52 0.052857 0.472500 0.054286 0.036429
37 0.500000 0.514286 0.034286 0.035714
17 0.042857 0.429286 0.032857 0.038571
56 0.149286 0.471071 0.032857 0.036429
