16 0.221562 0.612917 0.035625 0.052500
44 0.035000 0.619167 0.046250 0.050000
34 0.525312 0.605000 0.034375 0.050000
13 0.150312 0.687500 0.053125 0.080000
47 0.314688 0.682083 0.266875 0.089167
10 0.115312 0.557917 0.043125 0.052500
54 0.534375 0.495833 0.037500 0.053333
52 0.048750 0.501667 0.060000 0.055000
53 0.368437 0.498333 0.039375 0.053333
28 0.378750 0.553333 0.037500 0.051667
20 0.642500 0.436667 0.033750 0.050000
18 0.442812 0.607917 0.035625 0.052500
27 0.410313 0.496250 0.035625 0.050833
33 0.398750 0.608333 0.037500 0.053333
36 0.451250 0.495833 0.037500 0.051667
31 0.462500 0.550000 0.033750 0.050000
23 0.249375 0.556250 0.040000 0.052500
4 0.215312 0.442083 0.041875 0.055833
37 0.504062 0.550000 0.034375 0.050000
29 0.420625 0.551667 0.035000 0.050000
22 0.616875 0.525000 0.095000 0.116667
41 0.104063 0.501667 0.046875 0.055000
7 0.345625 0.441667 0.040000 0.056667
50 0.637813 0.675417 0.053125 0.075833
49 0.037500 0.691250 0.056250 0.075833
42 0.238437 0.499583 0.043125 0.054167
59 0.326250 0.499583 0.041250 0.054167
1 0.081875 0.445000 0.043750 0.055000
17 0.036875 0.445417 0.043750 0.052500
35 0.356875 0.610833 0.038750 0.055000
5 0.257812 0.441667 0.036875 0.056667
6 0.303438 0.442500 0.043125 0.058333
15 0.314063 0.611250 0.043125 0.054167
51 0.282500 0.498750 0.041250 0.052500
55 0.269062 0.612500 0.040625 0.053333
38 0.492500 0.495000 0.035000 0.051667
48 0.512813 0.440000 0.038125 0.053333
11 0.555312 0.439167 0.036875 0.053333
56 0.149375 0.500833 0.042500 0.055000
9 0.429375 0.440833 0.036250 0.056667
30 0.498437 0.532083 0.985625 0.422500
24 0.292812 0.554167 0.038125 0.050000
2 0.122500 0.443333 0.038750 0.053333
3 0.170000 0.442500 0.045000 0.055000
43 0.160312 0.558333 0.041875 0.051667
21 0.193750 0.499583 0.041250 0.054167
40 0.485000 0.606250 0.035000 0.050833
45 0.052812 0.560000 0.071875 0.055000
12 0.545625 0.550000 0.033750 0.050000
25 0.335938 0.554583 0.039375 0.052500
0 0.470313 0.440417 0.035625 0.054167
57 0.176875 0.613333 0.033750 0.048333
39 0.576562 0.495000 0.036875 0.055000
8 0.388437 0.441250 0.038125 0.057500
14 0.476562 0.676667 0.049375 0.078333
19 0.204687 0.556667 0.041875 0.053333
32 0.085625 0.615833 0.035000 0.050000
46 0.607500 0.606667 0.106250 0.051667
58 0.130625 0.614167 0.035000 0.048333
26 0.596875 0.439167 0.037500 0.053333
