26 0.954424 0.580501 0.092493 0.127013
15 0.257038 0.724955 0.099866 0.127907
28 0.418901 0.582290 0.097855 0.127013
18 0.582105 0.724955 0.098525 0.126118
46 0.928619 0.720483 0.144102 0.127907
47 0.344169 0.880143 0.669571 0.155635
27 0.500000 0.438283 0.097855 0.130590
0 0.661193 0.296064 0.099866 0.128801
39 0.932641 0.436941 0.098525 0.126118
34 0.800268 0.722272 0.099196 0.124329
53 0.391086 0.440519 0.099866 0.131485
23 0.098525 0.584079 0.096515 0.125224
9 0.553284 0.296959 0.099866 0.128801
30 0.501005 0.543828 0.999330 0.914132
16 0.047587 0.723614 0.093834 0.127013
55 0.150134 0.724508 0.099196 0.127013
38 0.717158 0.437835 0.099196 0.131485
59 0.284182 0.441413 0.099196 0.129696
40 0.691019 0.723166 0.099196 0.126118
35 0.363941 0.724955 0.099196 0.129696
6 0.229893 0.300089 0.099196 0.127907
31 0.635389 0.582290 0.099196 0.130590
25 0.309987 0.582737 0.098525 0.127907
14 0.913874 0.876565 0.126676 0.148479
20 0.967493 0.297406 0.066354 0.126118
37 0.744303 0.582290 0.098525 0.128801
24 0.203083 0.584079 0.097855 0.125224
4 0.034517 0.302773 0.067694 0.126118
51 0.176944 0.441413 0.097855 0.129696
29 0.526475 0.582290 0.099866 0.128801
11 0.877011 0.296512 0.098525 0.126118
54 0.827413 0.442308 0.098525 0.126118
33 0.473525 0.724955 0.099866 0.131485
48 0.769102 0.301878 0.098525 0.126118
8 0.445710 0.297853 0.099196 0.128801
12 0.851542 0.581395 0.097185 0.128801
7 0.337802 0.298748 0.099196 0.128801
36 0.607909 0.439177 0.099196 0.130590
5 0.124330 0.303220 0.098525 0.127013
42 0.072386 0.443649 0.096515 0.128801
