11 0.563673 0.385442 0.036193 0.064439
39 0.584786 0.456444 0.036863 0.065632
27 0.421917 0.457041 0.036863 0.064439
22 0.636394 0.492243 0.058311 0.139618
9 0.442694 0.387828 0.036863 0.064439
3 0.197051 0.388425 0.037534 0.065632
46 0.611930 0.599642 0.111260 0.068019
13 0.138740 0.682578 0.048257 0.081146
0 0.482909 0.386635 0.036863 0.064439
52 0.083445 0.460621 0.056971 0.066826
7 0.361260 0.387828 0.036193 0.064439
33 0.411193 0.600239 0.038204 0.066826
56 0.174933 0.459427 0.037534 0.066826
49 0.080094 0.681981 0.063673 0.079952
24 0.308981 0.529833 0.037534 0.066826
26 0.595174 0.527446 0.037534 0.066826
53 0.381702 0.458831 0.036863 0.065632
50 0.638070 0.678401 0.065684 0.079952
28 0.391421 0.528640 0.036193 0.066826
31 0.472855 0.528640 0.036863 0.066826
14 0.578753 0.680191 0.050268 0.078759
19 0.225201 0.531026 0.037534 0.066826
4 0.237936 0.387232 0.037534 0.065632
8 0.402480 0.387828 0.036863 0.064439
55 0.287534 0.601432 0.038874 0.066826
40 0.493298 0.599642 0.037534 0.065632
35 0.370643 0.600835 0.038874 0.065632
45 0.087466 0.532220 0.067694 0.066826
43 0.184651 0.531026 0.036863 0.066826
37 0.513405 0.528043 0.037534 0.065632
10 0.143432 0.531623 0.037534 0.065632
54 0.543901 0.457041 0.036863 0.064439
29 0.431971 0.528640 0.036863 0.066826
48 0.523458 0.386635 0.037534 0.064439
47 0.358579 0.678998 0.257373 0.081146
57 0.204088 0.603222 0.038204 0.068019
23 0.267426 0.530430 0.037534 0.065632
15 0.329088 0.601432 0.038874 0.066826
36 0.462802 0.457637 0.036863 0.065632
16 0.245643 0.602625 0.038204 0.066826
58 0.162534 0.603222 0.038204 0.065632
30 0.516756 0.512530 0.967828 0.471360
41 0.134383 0.459427 0.036863 0.066826
25 0.350536 0.529833 0.037534 0.066826
34 0.533512 0.599642 0.037534 0.065632
38 0.503351 0.457041 0.036193 0.064439
6 0.321046 0.387828 0.037534 0.064439
21 0.216153 0.458831 0.038204 0.065632
18 0.452413 0.600239 0.037534 0.066826
12 0.554290 0.528043 0.037534 0.068019
2 0.156501 0.389021 0.036863 0.064439
44 0.075067 0.604415 0.048257 0.068019
5 0.279155 0.387828 0.038204 0.064439
17 0.075737 0.390215 0.036193 0.064439
32 0.121649 0.602625 0.038204 0.066826
51 0.299263 0.457637 0.036863 0.065632
59 0.340483 0.458234 0.037534 0.066826
42 0.257373 0.458831 0.037534 0.065632
1 0.116287 0.389618 0.036863 0.063246
20 0.624665 0.385442 0.077748 0.066826
