11 0.539375 0.362222 0.033750 0.060000
39 0.559063 0.428333 0.034375 0.061111
27 0.407187 0.428889 0.034375 0.060000
22 0.607187 0.461667 0.054375 0.130000
9 0.426563 0.364444 0.034375 0.060000
3 0.197500 0.365000 0.035000 0.061111
46 0.584375 0.561667 0.103750 0.063333
13 0.143125 0.638889 0.045000 0.075556
0 0.464062 0.363333 0.034375 0.060000
52 0.091563 0.432222 0.053125 0.062222
7 0.350625 0.364444 0.033750 0.060000
33 0.397188 0.562222 0.035625 0.062222
56 0.176875 0.431111 0.035000 0.062222
49 0.088438 0.638333 0.059375 0.074444
24 0.301875 0.496667 0.035000 0.062222
26 0.568750 0.494444 0.035000 0.062222
53 0.369688 0.430556 0.034375 0.061111
50 0.608750 0.635000 0.061250 0.074444
28 0.378750 0.495556 0.033750 0.062222
31 0.454688 0.495556 0.034375 0.062222
14 0.553438 0.636667 0.046875 0.073333
19 0.223750 0.497778 0.035000 0.062222
4 0.235625 0.363889 0.035000 0.061111
8 0.389062 0.364444 0.034375 0.060000
55 0.281875 0.563333 0.036250 0.062222
40 0.473750 0.561667 0.035000 0.061111
35 0.359375 0.562778 0.036250 0.061111
45 0.095312 0.498889 0.063125 0.062222
43 0.185938 0.497778 0.034375 0.062222
37 0.492500 0.495000 0.035000 0.061111
10 0.147500 0.498333 0.035000 0.061111
54 0.520938 0.428889 0.034375 0.060000
29 0.416563 0.495556 0.034375 0.062222
48 0.501875 0.363333 0.035000 0.060000
47 0.348125 0.635556 0.240000 0.075556
57 0.204063 0.565000 0.035625 0.063333
23 0.263125 0.497222 0.035000 0.061111
15 0.320625 0.563333 0.036250 0.062222
36 0.445312 0.429444 0.034375 0.061111
16 0.242812 0.564444 0.035625 0.062222
58 0.165313 0.565000 0.035625 0.061111
30 0.500938 0.480556 0.913125 0.438889
41 0.139063 0.431111 0.034375 0.062222
25 0.340625 0.496667 0.035000 0.062222
34 0.511250 0.561667 0.035000 0.061111
38 0.483125 0.428889 0.033750 0.060000
6 0.313125 0.364444 0.035000 0.060000
21 0.215312 0.430556 0.035625 0.061111
18 0.435625 0.562222 0.035000 0.062222
12 0.530625 0.495000 0.035000 0.063333
2 0.159688 0.365556 0.034375 0.060000
44 0.083750 0.566111 0.045000 0.063333
5 0.274062 0.364444 0.035625 0.060000
17 0.084375 0.366667 0.033750 0.060000
32 0.127188 0.564444 0.035625 0.062222
51 0.292812 0.429444 0.034375 0.061111
59 0.331250 0.430000 0.035000 0.062222
42 0.253750 0.430556 0.035000 0.061111
1 0.122188 0.366111 0.034375 0.058889
20 0.596250 0.362222 0.072500 0.062222
