7 0.363750 0.526316 0.033750 0.045840
6 0.325313 0.527165 0.034375 0.045840
42 0.268750 0.579796 0.033750 0.045840
44 0.103125 0.685059 0.043750 0.045840
43 0.202813 0.632428 0.033125 0.045840
2 0.173437 0.530985 0.034375 0.044992
5 0.287187 0.528014 0.034375 0.045840
35 0.375625 0.679117 0.035000 0.045840
25 0.355625 0.628608 0.033750 0.046689
55 0.299375 0.680815 0.035000 0.045840
59 0.345625 0.578098 0.033750 0.045840
38 0.498125 0.574278 0.033750 0.044992
21 0.230313 0.580645 0.034375 0.045840
53 0.384062 0.576825 0.034375 0.046689
51 0.307188 0.578098 0.034375 0.045840
28 0.394062 0.627334 0.033125 0.047538
52 0.106563 0.582767 0.051875 0.044992
50 0.623750 0.728353 0.058750 0.054329
34 0.528438 0.675297 0.034375 0.044992
19 0.240937 0.631579 0.034375 0.045840
8 0.402500 0.525891 0.033750 0.044992
57 0.222812 0.682937 0.034375 0.044992
15 0.337500 0.679966 0.035000 0.045840
41 0.154062 0.581919 0.034375 0.046689
1 0.135000 0.531834 0.033750 0.044992
26 0.584375 0.623939 0.033750 0.045840
39 0.574375 0.572156 0.033750 0.045840
58 0.185000 0.683362 0.033750 0.044143
48 0.516563 0.522920 0.034375 0.045840
46 0.599688 0.674024 0.100625 0.045840
27 0.421875 0.575552 0.033750 0.045840
3 0.210625 0.530560 0.033750 0.045840
40 0.490312 0.676146 0.034375 0.044992
11 0.554375 0.521647 0.033750 0.044992
45 0.112500 0.633701 0.062500 0.044992
10 0.164687 0.632852 0.033125 0.044992
22 0.622812 0.596774 0.054375 0.098472
36 0.460000 0.575552 0.033750 0.045840
49 0.110000 0.739813 0.058750 0.055178
33 0.414062 0.678268 0.034375 0.045840
56 0.192188 0.581070 0.034375 0.046689
14 0.570937 0.731749 0.045625 0.054329
9 0.440625 0.525042 0.035000 0.044992
37 0.508437 0.624788 0.034375 0.045840
32 0.146875 0.684211 0.035000 0.045840
16 0.260937 0.682088 0.034375 0.044992
18 0.451875 0.677419 0.033750 0.045840
24 0.317500 0.629457 0.033750 0.046689
47 0.366563 0.733871 0.235625 0.056876
23 0.279375 0.630730 0.033750 0.045840
30 0.514687 0.613328 0.893125 0.343803
31 0.470625 0.625637 0.033750 0.045840
20 0.611875 0.520798 0.072500 0.046689
0 0.478750 0.523769 0.035000 0.045840
13 0.165313 0.738115 0.044375 0.053480
4 0.248750 0.528862 0.033750 0.045840
12 0.546250 0.623939 0.033750 0.047538
17 0.096250 0.532258 0.033750 0.044143
29 0.432188 0.626910 0.033125 0.046689
54 0.536250 0.573430 0.033750 0.044992
