54 0.517500 0.529352 0.035000 0.087045
22 0.606667 0.576923 0.058333 0.186235
41 0.116250 0.531377 0.029167 0.082996
17 0.052500 0.433198 0.030000 0.076923
59 0.320833 0.530364 0.033333 0.085020
6 0.297917 0.431174 0.030833 0.080972
46 0.582917 0.722672 0.105833 0.089069
7 0.337917 0.432186 0.030833 0.078947
4 0.215417 0.432186 0.030833 0.078947
24 0.290000 0.628543 0.033333 0.091093
2 0.133750 0.433198 0.030833 0.080972
12 0.527500 0.626518 0.036667 0.091093
23 0.248750 0.628543 0.030833 0.091093
29 0.409583 0.627530 0.034167 0.089069
48 0.497917 0.432186 0.034167 0.078947
55 0.270417 0.724696 0.034167 0.089069
53 0.360833 0.534413 0.033333 0.085020
51 0.279583 0.529352 0.030833 0.082996
50 0.607917 0.821862 0.062500 0.093117
44 0.055833 0.731781 0.040000 0.082996
28 0.370833 0.627530 0.033333 0.089069
32 0.103750 0.725709 0.030833 0.087045
31 0.449583 0.627530 0.034167 0.089069
40 0.468333 0.722672 0.035000 0.089069
21 0.197917 0.531377 0.030833 0.087045
8 0.379583 0.432186 0.032500 0.078947
35 0.351250 0.725709 0.035833 0.091093
57 0.188333 0.725709 0.031667 0.087045
27 0.400833 0.528340 0.033333 0.085020
49 0.065417 0.827935 0.062500 0.089069
1 0.092500 0.433198 0.030000 0.080972
16 0.229583 0.726721 0.032500 0.089069
18 0.428750 0.722672 0.035833 0.089069
15 0.310000 0.724696 0.035000 0.089069
58 0.145833 0.727733 0.030000 0.087045
19 0.209167 0.629555 0.033333 0.089069
20 0.597500 0.432186 0.075000 0.087045
10 0.125417 0.629555 0.030833 0.089069
30 0.499583 0.562753 0.969167 0.785425
36 0.441250 0.529352 0.032500 0.082996
42 0.238750 0.532389 0.030833 0.085020
33 0.389583 0.725709 0.035833 0.091093
5 0.256250 0.431174 0.030833 0.080972
45 0.068333 0.630567 0.060000 0.087045
9 0.420000 0.432186 0.033333 0.078947
39 0.557083 0.531377 0.035833 0.087045
25 0.330417 0.627530 0.034167 0.089069
0 0.458750 0.433198 0.034167 0.080972
26 0.566667 0.626518 0.038333 0.091093
11 0.537083 0.431174 0.035833 0.080972
38 0.480000 0.535425 0.035000 0.087045
3 0.175000 0.431174 0.031667 0.080972
52 0.062917 0.531377 0.049167 0.082996
56 0.157500 0.530364 0.030000 0.085020
34 0.507083 0.722672 0.035833 0.089069
37 0.490833 0.632591 0.036667 0.091093
43 0.167500 0.635628 0.033333 0.089069
14 0.556250 0.826923 0.045833 0.091093
47 0.342500 0.821862 0.246667 0.093117
13 0.126667 0.827935 0.041667 0.089069
