49 0.024902 0.653846 0.048493 0.047203
46 0.566186 0.602273 0.102228 0.045455
25 0.304391 0.545892 0.030799 0.048077
9 0.398427 0.436189 0.031455 0.043706
6 0.274574 0.434003 0.031455 0.044580
15 0.281455 0.599650 0.032110 0.045455
29 0.386304 0.546329 0.030799 0.045455
1 0.065858 0.430944 0.030799 0.043706
16 0.198558 0.598776 0.031455 0.045455
24 0.262451 0.545455 0.030799 0.045455
5 0.233290 0.434003 0.031455 0.042832
43 0.135321 0.543269 0.030799 0.046329
20 0.581258 0.440122 0.069463 0.044580
27 0.377457 0.491696 0.030144 0.046329
35 0.322739 0.600524 0.032110 0.045455
28 0.345020 0.545892 0.029489 0.046329
22 0.591415 0.521853 0.054391 0.101399
52 0.032765 0.486451 0.052425 0.044580
3 0.149410 0.432255 0.032765 0.044580
2 0.107471 0.431381 0.032765 0.044580
26 0.549148 0.548951 0.031455 0.047203
8 0.357471 0.436189 0.030799 0.043706
39 0.539318 0.494755 0.031455 0.047203
36 0.418087 0.492133 0.031455 0.045455
38 0.460682 0.493007 0.030144 0.045455
13 0.129751 0.655157 0.056356 0.048077
4 0.191022 0.432692 0.030799 0.041958
51 0.253932 0.489510 0.030799 0.045455
7 0.316186 0.435752 0.029489 0.042832
30 0.485256 0.504371 0.969201 0.472028
11 0.519004 0.438811 0.030144 0.041958
18 0.405636 0.600962 0.031455 0.046329
45 0.035387 0.541084 0.064220 0.045455
0 0.439056 0.437500 0.031455 0.042832
42 0.211992 0.489073 0.030799 0.046329
50 0.592398 0.659091 0.056356 0.047203
56 0.127457 0.487325 0.030799 0.046329
44 0.020970 0.597028 0.040629 0.045455
33 0.364351 0.601399 0.032765 0.047203
32 0.067497 0.596154 0.032765 0.047203
53 0.336828 0.491696 0.030144 0.046329
17 0.023919 0.429633 0.030799 0.042832
57 0.154653 0.597465 0.032765 0.046329
23 0.221166 0.543269 0.030799 0.046329
19 0.178899 0.544143 0.031455 0.046329
37 0.468545 0.548077 0.031455 0.045455
58 0.111075 0.597028 0.033421 0.047203
40 0.447575 0.601399 0.031455 0.045455
31 0.428244 0.546766 0.030799 0.046329
47 0.311599 0.657343 0.292923 0.052448
55 0.240170 0.598776 0.032110 0.045455
41 0.086501 0.487325 0.031455 0.046329
59 0.295544 0.490385 0.030144 0.045455
14 0.488860 0.659091 0.053735 0.047203
21 0.170052 0.489510 0.030799 0.045455
12 0.509174 0.548514 0.031455 0.046329
48 0.479358 0.438374 0.032110 0.042832
54 0.498689 0.493881 0.030144 0.047203
34 0.488532 0.601836 0.032110 0.046329
10 0.093054 0.542832 0.031455 0.047203
