58 0.152812 0.680833 0.034375 0.045000
7 0.337500 0.526250 0.033750 0.044167
44 0.071250 0.682500 0.045000 0.046667
52 0.078750 0.580000 0.053750 0.045000
31 0.443437 0.625417 0.033125 0.045833
23 0.249375 0.628750 0.033750 0.045833
29 0.404375 0.625833 0.033750 0.046667
51 0.279062 0.576667 0.033125 0.045000
2 0.146875 0.529167 0.033750 0.043333
5 0.260313 0.527083 0.034375 0.044167
48 0.490625 0.523333 0.033750 0.045000
49 0.075313 0.737917 0.059375 0.054167
26 0.559063 0.624167 0.034375 0.046667
43 0.172813 0.630000 0.033125 0.045000
32 0.114375 0.681667 0.035000 0.045000
12 0.520312 0.624167 0.034375 0.046667
15 0.306875 0.679583 0.035000 0.045833
30 0.494063 0.613750 0.921875 0.335833
27 0.395000 0.575000 0.032500 0.045000
1 0.109063 0.530000 0.033125 0.043333
22 0.597812 0.597917 0.054375 0.099167
45 0.082187 0.630833 0.063125 0.045000
50 0.599688 0.732917 0.059375 0.055833
36 0.433437 0.574167 0.034375 0.045000
8 0.376250 0.525833 0.033750 0.045000
4 0.222500 0.527917 0.033750 0.044167
39 0.548750 0.572917 0.033750 0.045833
17 0.070938 0.530000 0.033125 0.043333
11 0.528750 0.522917 0.033750 0.044167
56 0.163750 0.578333 0.033750 0.045000
57 0.191250 0.681250 0.033750 0.045833
37 0.481563 0.624583 0.034375 0.045833
20 0.586250 0.522083 0.072500 0.045833
14 0.545312 0.735417 0.045625 0.055833
38 0.471875 0.573333 0.033750 0.045000
25 0.326562 0.627083 0.034375 0.045833
3 0.184375 0.528333 0.033750 0.045000
9 0.414375 0.525417 0.033750 0.044167
24 0.288125 0.628333 0.033750 0.045000
54 0.510000 0.573750 0.033750 0.045833
19 0.210938 0.629583 0.034375 0.045833
10 0.134375 0.630000 0.033750 0.045000
34 0.501250 0.676667 0.035000 0.046667
47 0.335625 0.734583 0.242500 0.057500
42 0.240625 0.577917 0.033750 0.045833
6 0.299375 0.526667 0.033750 0.045000
0 0.452813 0.524167 0.034375 0.045000
28 0.365625 0.626250 0.033750 0.045833
46 0.575000 0.675417 0.102500 0.047500
53 0.356563 0.576250 0.034375 0.045833
16 0.229375 0.680417 0.035000 0.045833
55 0.268125 0.679583 0.035000 0.045833
41 0.125938 0.579167 0.034375 0.045000
13 0.130312 0.737083 0.045625 0.054167
40 0.462813 0.677083 0.034375 0.045833
33 0.385000 0.678333 0.035000 0.046667
21 0.202187 0.578333 0.034375 0.045000
35 0.345938 0.678750 0.035625 0.045833
18 0.423750 0.677500 0.033750 0.046667
59 0.318125 0.576250 0.033750 0.045833
