35 0.128735 0.266760 0.019625 0.047486
16 0.062097 0.266411 0.019332 0.046788
39 0.245606 0.161313 0.019625 0.047486
54 0.223052 0.164106 0.019625 0.047486
40 0.194640 0.267458 0.019039 0.046089
28 0.139133 0.214036 0.019332 0.048184
3 0.032806 0.104050 0.020504 0.046089
50 0.272847 0.321578 0.033099 0.048184
58 0.017135 0.265712 0.020797 0.046788
42 0.066637 0.161662 0.019039 0.046788
24 0.095050 0.214036 0.019625 0.048184
5 0.077182 0.104399 0.020211 0.045391
34 0.217047 0.267807 0.019332 0.046788
45 0.009227 0.211592 0.017868 0.047486
4 0.055214 0.104399 0.020211 0.045391
19 0.050820 0.213338 0.019625 0.048184
32 0.005272 0.264316 0.009959 0.046788
11 0.234036 0.105447 0.019918 0.044693
31 0.183948 0.214385 0.019918 0.048883
46 0.259227 0.266760 0.057996 0.046089
33 0.150117 0.267458 0.019625 0.047486
29 0.161687 0.213687 0.019332 0.047486
53 0.134446 0.160615 0.018746 0.046089
47 0.125220 0.319832 0.137961 0.050279
6 0.099590 0.104050 0.019918 0.044693
14 0.243409 0.324022 0.024019 0.047486
10 0.007762 0.211941 0.014938 0.048184
18 0.172525 0.267807 0.019332 0.046788
56 0.021529 0.158869 0.019625 0.048184
1 0.005272 0.102654 0.009959 0.044693
9 0.167106 0.104749 0.020211 0.044693
30 0.242091 0.203911 0.483597 0.406425
0 0.189807 0.105447 0.020504 0.046089
59 0.112039 0.158869 0.019039 0.046788
8 0.144552 0.104749 0.019625 0.044693
12 0.228764 0.214735 0.019332 0.048184
51 0.089192 0.160964 0.019039 0.046788
23 0.072789 0.215433 0.019625 0.048184
22 0.272994 0.187500 0.031049 0.101257
57 0.039836 0.265363 0.019918 0.046089
37 0.207088 0.215433 0.019332 0.048184
38 0.201084 0.163408 0.019625 0.047486
25 0.117311 0.213338 0.019625 0.048184
7 0.122291 0.105098 0.019039 0.043994
49 0.009373 0.318087 0.018161 0.046788
44 0.006151 0.264316 0.011716 0.045391
55 0.084212 0.265712 0.019625 0.046788
17 0.005712 0.101606 0.010838 0.045391
21 0.044230 0.159218 0.019918 0.048883
52 0.007469 0.156774 0.014353 0.045391
13 0.009520 0.319134 0.018453 0.046089
26 0.250732 0.214385 0.020504 0.047486
2 0.010691 0.104050 0.020797 0.046089
41 0.005272 0.157821 0.009959 0.047486
27 0.156122 0.159218 0.018746 0.046089
15 0.105595 0.267458 0.019625 0.047486
43 0.027973 0.215433 0.019625 0.048184
20 0.268453 0.106494 0.041301 0.046788
36 0.178822 0.160265 0.018453 0.046788
48 0.211921 0.104749 0.019625 0.044693
