39 0.590843 0.689788 0.026163 0.026975
31 0.489099 0.716763 0.034884 0.028902
15 0.349927 0.744220 0.037064 0.031792
47 0.335392 0.782755 0.188227 0.043353
48 0.538154 0.660886 0.032703 0.025048
50 0.524709 0.784200 0.037791 0.036609
17 0.147529 0.650289 0.031977 0.023121
0 0.501817 0.659923 0.032703 0.025048
44 0.114462 0.737476 0.047238 0.031792
14 0.450218 0.782755 0.038517 0.035645
51 0.334302 0.682563 0.033430 0.027938
22 0.632631 0.705202 0.048692 0.057803
36 0.482558 0.687380 0.033430 0.027938
20 0.621730 0.663776 0.055959 0.025048
4 0.286701 0.654143 0.032703 0.025048
1 0.180596 0.651252 0.037064 0.025048
9 0.465480 0.658960 0.032703 0.025048
55 0.311047 0.743738 0.037791 0.030829
35 0.389172 0.745665 0.037064 0.032755
33 0.429142 0.746628 0.037064 0.032755
52 0.145349 0.677264 0.053779 0.026975
30 0.449491 0.715800 0.765262 0.206166
27 0.445494 0.685934 0.033430 0.026975
34 0.547602 0.750000 0.035610 0.029865
7 0.393895 0.657996 0.031977 0.025048
5 0.321948 0.655588 0.031977 0.024085
19 0.261628 0.710983 0.036337 0.028902
26 0.602108 0.719653 0.028343 0.028902
53 0.408430 0.684971 0.033430 0.028902
25 0.375000 0.713873 0.033430 0.028902
49 0.102108 0.771676 0.053052 0.034682
2 0.216570 0.653179 0.034884 0.023121
58 0.194767 0.740366 0.039244 0.031792
11 0.574491 0.662813 0.031250 0.025048
43 0.223837 0.710019 0.037791 0.028902
38 0.519259 0.687861 0.032703 0.026975
10 0.186410 0.708092 0.039971 0.030829
18 0.468387 0.748555 0.035610 0.030829
37 0.527616 0.717726 0.034884 0.028902
57 0.233648 0.741329 0.038517 0.031792
13 0.219840 0.775048 0.041424 0.035645
28 0.412791 0.714836 0.033430 0.028902
23 0.299055 0.710983 0.035610 0.028902
46 0.615552 0.751927 0.091570 0.029865
16 0.272166 0.742293 0.038517 0.031792
41 0.188953 0.679672 0.039244 0.029865
59 0.371730 0.683044 0.034157 0.028902
45 0.138081 0.706647 0.061047 0.027938
54 0.557049 0.688825 0.034157 0.026975
12 0.566497 0.718690 0.035610 0.028902
40 0.507994 0.748555 0.034884 0.030829
21 0.261265 0.681118 0.035610 0.028902
42 0.297238 0.681599 0.034884 0.027938
24 0.336846 0.712909 0.035610 0.028902
29 0.451308 0.716281 0.034884 0.029865
3 0.251817 0.653179 0.034157 0.025048
6 0.357922 0.656551 0.032703 0.024085
8 0.429506 0.657996 0.031977 0.025048
32 0.156613 0.738921 0.039971 0.030829
56 0.225654 0.680636 0.035610 0.027938
