45 0.067100 0.448113 0.082251 0.069182
50 0.634199 0.610849 0.047619 0.073899
56 0.170996 0.373428 0.043290 0.067610
44 0.054654 0.525157 0.059524 0.069182
10 0.138528 0.450472 0.045455 0.067610
5 0.308442 0.297956 0.045455 0.067610
21 0.222944 0.373428 0.045455 0.067610
12 0.660173 0.452830 0.047619 0.069182
8 0.464827 0.297956 0.044372 0.067610
13 0.216991 0.608491 0.046537 0.072327
48 0.621753 0.298742 0.046537 0.066038
23 0.295455 0.451258 0.045455 0.066038
3 0.204545 0.297956 0.047619 0.067610
34 0.633658 0.529088 0.046537 0.067610
24 0.347403 0.452044 0.045455 0.067610
38 0.588203 0.375786 0.046537 0.069182
54 0.640693 0.376572 0.047619 0.070755
15 0.373918 0.527516 0.046537 0.067610
4 0.257035 0.296384 0.044372 0.067610
47 0.373918 0.607704 0.252165 0.080189
35 0.425325 0.529088 0.045455 0.067610
39 0.694264 0.375000 0.046537 0.067610
19 0.242424 0.452044 0.045455 0.067610
28 0.451299 0.452044 0.045455 0.067610
32 0.113095 0.526730 0.044372 0.069182
7 0.414502 0.299528 0.045455 0.067610
36 0.535714 0.375786 0.045455 0.069182
46 0.726732 0.529088 0.126623 0.070755
58 0.165584 0.527516 0.045455 0.067610
52 0.057900 0.372642 0.066017 0.069182
16 0.268939 0.528302 0.044372 0.069182
17 0.048160 0.296384 0.046537 0.064465
26 0.713745 0.452044 0.046537 0.067610
0 0.569805 0.298742 0.046537 0.069182
11 0.675866 0.297956 0.046537 0.067610
1 0.100649 0.297956 0.047619 0.067610
51 0.328463 0.374214 0.044372 0.066038
41 0.119589 0.373428 0.046537 0.067610
31 0.555195 0.452044 0.045455 0.067610
49 0.054113 0.606918 0.062771 0.075472
57 0.216991 0.528302 0.044372 0.069182
9 0.517316 0.298742 0.045455 0.069182
53 0.432900 0.376572 0.045455 0.067610
30 0.490260 0.430031 0.963203 0.485849
6 0.361472 0.298742 0.045455 0.066038
29 0.503247 0.452044 0.045455 0.067610
27 0.484307 0.375786 0.044372 0.066038
43 0.189935 0.450472 0.046537 0.067610
37 0.606602 0.452830 0.046537 0.069182
55 0.321970 0.529088 0.044372 0.067610
33 0.476732 0.529088 0.046537 0.067610
2 0.152597 0.297170 0.047619 0.066038
14 0.529762 0.609277 0.046537 0.073899
22 0.757576 0.413522 0.067100 0.147799
20 0.747294 0.295597 0.085498 0.066038
59 0.380952 0.375786 0.045455 0.069182
40 0.581169 0.529088 0.047619 0.067610
42 0.275974 0.375000 0.045455 0.067610
18 0.528680 0.529874 0.046537 0.069182
25 0.400433 0.452044 0.045455 0.067610
