46 0.507364 0.561905 0.098675 0.109524
30 0.433358 0.405952 0.865243 0.807143
58 0.088733 0.557143 0.033137 0.109524
35 0.281296 0.560714 0.032401 0.107143
17 0.009573 0.194048 0.017673 0.107143
6 0.233800 0.194048 0.033137 0.111905
0 0.387334 0.192857 0.032401 0.114286
34 0.433726 0.560714 0.030928 0.107143
26 0.533137 0.320238 0.051546 0.107143
49 0.014359 0.691667 0.027246 0.116667
10 0.070692 0.436905 0.032401 0.107143
13 0.146171 0.691667 0.040501 0.116667
59 0.253314 0.315476 0.033873 0.107143
40 0.395803 0.563095 0.031664 0.107143
33 0.319588 0.561905 0.032401 0.109524
29 0.339470 0.439286 0.030928 0.102381
12 0.453976 0.440476 0.031664 0.109524
21 0.138071 0.315476 0.031664 0.111905
41 0.061856 0.319048 0.033873 0.109524
39 0.483063 0.317857 0.032401 0.111905
57 0.128130 0.559524 0.032401 0.104762
1 0.041605 0.194048 0.033137 0.111905
25 0.262887 0.439286 0.032401 0.107143
32 0.050810 0.561905 0.032401 0.119048
31 0.377761 0.439286 0.032401 0.107143
37 0.416053 0.440476 0.032401 0.109524
23 0.187040 0.438095 0.032401 0.100000
2 0.080265 0.192857 0.032401 0.109524
36 0.367452 0.316667 0.032401 0.109524
14 0.396907 0.691667 0.041237 0.116667
24 0.224595 0.438095 0.032401 0.104762
53 0.291605 0.316667 0.032401 0.109524
56 0.100147 0.314286 0.033873 0.109524
43 0.108984 0.434524 0.032401 0.111905
27 0.329897 0.316667 0.032401 0.104762
55 0.205081 0.559524 0.031664 0.104762
28 0.301546 0.438095 0.031664 0.109524
45 0.024669 0.440476 0.047865 0.104762
52 0.019146 0.315476 0.036819 0.107143
54 0.444772 0.317857 0.032401 0.107143
42 0.176362 0.313095 0.033137 0.111905
8 0.310015 0.195238 0.033873 0.114286
9 0.348306 0.195238 0.033873 0.114286
50 0.536082 0.691667 0.042710 0.116667
3 0.118189 0.192857 0.033137 0.114286
22 0.517305 0.440476 0.080265 0.109524
16 0.166053 0.560714 0.031664 0.107143
38 0.406112 0.315476 0.033137 0.107143
4 0.156480 0.190476 0.033137 0.114286
19 0.148012 0.438095 0.032401 0.104762
7 0.271723 0.192857 0.033873 0.109524
47 0.272828 0.694048 0.196613 0.126190
20 0.521723 0.195238 0.069956 0.114286
11 0.464286 0.195238 0.033137 0.109524
51 0.214286 0.314286 0.030928 0.104762
44 0.015096 0.566667 0.028719 0.104762
15 0.242636 0.558333 0.033137 0.107143
18 0.357511 0.563095 0.030191 0.107143
48 0.425258 0.194048 0.033137 0.107143
5 0.194772 0.192857 0.033137 0.109524
