37 0.610000 0.373750 0.037500 0.047500
54 0.636563 0.319583 0.036875 0.045833
3 0.295625 0.273750 0.036250 0.044167
57 0.295625 0.422083 0.037500 0.047500
7 0.453437 0.270000 0.035625 0.043333
39 0.672813 0.320000 0.028125 0.046667
13 0.286875 0.475417 0.050000 0.050833
33 0.504062 0.422917 0.038125 0.049167
36 0.555312 0.319583 0.036875 0.045833
25 0.441563 0.369583 0.036875 0.047500
2 0.255000 0.271667 0.036250 0.043333
23 0.359375 0.369583 0.036250 0.047500
34 0.631563 0.425000 0.038125 0.048333
14 0.552188 0.476667 0.051875 0.051667
56 0.272188 0.320000 0.036875 0.046667
20 0.703438 0.271250 0.056875 0.045833
51 0.392500 0.318750 0.036250 0.045833
10 0.238125 0.370833 0.036250 0.046667
35 0.462187 0.422917 0.038125 0.049167
6 0.413438 0.270833 0.035625 0.043333
0 0.573750 0.270417 0.036250 0.044167
8 0.493125 0.270000 0.035000 0.043333
42 0.351875 0.319583 0.036250 0.045833
21 0.311875 0.319583 0.036250 0.045833
50 0.642500 0.477917 0.040000 0.050833
5 0.373125 0.270417 0.036250 0.044167
26 0.685000 0.370417 0.028750 0.047500
32 0.214062 0.421250 0.038125 0.047500
9 0.533438 0.270417 0.036875 0.044167
48 0.613750 0.270000 0.036250 0.043333
28 0.483125 0.370000 0.037500 0.048333
59 0.433125 0.319167 0.036250 0.045000
31 0.566250 0.370000 0.037500 0.046667
58 0.254688 0.422083 0.036875 0.047500
43 0.278438 0.370417 0.036875 0.047500
49 0.159375 0.474583 0.038750 0.049167
11 0.653750 0.270833 0.035000 0.043333
30 0.524375 0.359167 0.786250 0.311667
45 0.183750 0.370833 0.068750 0.048333
17 0.177813 0.273333 0.035625 0.043333
19 0.318437 0.370417 0.036875 0.047500
1 0.216250 0.272083 0.036250 0.044167
52 0.183125 0.320833 0.057500 0.046667
4 0.333437 0.270417 0.035625 0.044167
22 0.714063 0.343750 0.046875 0.099167
44 0.169063 0.422083 0.049375 0.049167
27 0.516250 0.322917 0.036250 0.045833
24 0.400000 0.369583 0.037500 0.047500
55 0.377812 0.421667 0.038125 0.048333
16 0.336250 0.421667 0.037500 0.048333
53 0.473750 0.319583 0.036250 0.045833
40 0.588437 0.422917 0.038125 0.047500
38 0.596875 0.319167 0.036250 0.045000
15 0.420000 0.421667 0.038750 0.048333
18 0.546562 0.422917 0.038125 0.049167
46 0.679063 0.426667 0.050625 0.048333
41 0.232500 0.320417 0.037500 0.045833
47 0.419375 0.475833 0.207500 0.051667
12 0.650312 0.374167 0.038125 0.048333
29 0.524375 0.370417 0.037500 0.047500
