26 0.753672 0.552139 0.037383 0.052585
49 0.199599 0.688057 0.045394 0.065954
6 0.450267 0.436720 0.035381 0.049911
15 0.460948 0.614528 0.038051 0.056150
36 0.603805 0.494207 0.036716 0.050802
9 0.581442 0.438948 0.036048 0.054367
0 0.624833 0.438057 0.036048 0.052585
54 0.693258 0.494652 0.036716 0.053476
29 0.574433 0.553030 0.036716 0.052585
44 0.163885 0.622549 0.072764 0.065062
30 0.554740 0.557932 0.891856 0.409982
5 0.405541 0.438057 0.036716 0.054367
50 0.672897 0.677807 0.041389 0.059715
12 0.707944 0.551693 0.035381 0.051693
10 0.253004 0.559269 0.040053 0.061497
8 0.537717 0.438057 0.036716 0.054367
23 0.393191 0.555704 0.036048 0.056150
46 0.776368 0.615419 0.118825 0.061497
41 0.244326 0.498663 0.041389 0.059715
2 0.271362 0.440285 0.040721 0.058824
11 0.713284 0.435383 0.035381 0.049020
17 0.172563 0.439840 0.056742 0.057932
25 0.484312 0.552585 0.035381 0.051693
51 0.428238 0.493761 0.035381 0.049911
35 0.506676 0.613191 0.036048 0.053476
47 0.439252 0.684046 0.232310 0.070410
32 0.226636 0.622103 0.042056 0.064171
1 0.225300 0.440731 0.040721 0.057932
13 0.295060 0.685829 0.041389 0.065062
37 0.662884 0.552139 0.036048 0.052585
24 0.438585 0.554813 0.036048 0.054367
21 0.336115 0.496881 0.038051 0.057932
20 0.778371 0.435829 0.081442 0.051693
33 0.553071 0.616310 0.038051 0.059715
4 0.361148 0.437611 0.036048 0.053476
42 0.381509 0.494207 0.038051 0.052585
34 0.688919 0.612745 0.037383 0.054367
58 0.273698 0.620321 0.040053 0.062389
52 0.178238 0.497326 0.078772 0.060606
3 0.316088 0.438948 0.040721 0.057932
18 0.598131 0.614528 0.037383 0.056150
27 0.561081 0.492424 0.034045 0.047237
22 0.795728 0.524064 0.065421 0.114082
28 0.528705 0.553922 0.034713 0.056150
48 0.668558 0.437166 0.036716 0.052585
56 0.291055 0.497326 0.038718 0.058824
14 0.580774 0.680481 0.040053 0.063280
40 0.643858 0.613191 0.038051 0.053476
45 0.181575 0.559269 0.096128 0.063280
19 0.346128 0.556595 0.039386 0.056150
43 0.299065 0.558378 0.040053 0.059715
7 0.494326 0.438057 0.035381 0.054367
31 0.618825 0.551693 0.036048 0.049911
59 0.472630 0.493761 0.036048 0.049911
38 0.648198 0.493761 0.036048 0.049911
53 0.517023 0.493316 0.035381 0.049020
57 0.321429 0.619430 0.039386 0.062389
39 0.737650 0.493316 0.037383 0.052585
55 0.414553 0.617201 0.037383 0.059715
16 0.367824 0.617647 0.040053 0.060606
