7 0.475521 0.388060 0.061458 0.049041
2 0.126042 0.386994 0.066667 0.049041
47 0.414062 0.622068 0.373958 0.060768
59 0.438542 0.442964 0.064583 0.052239
38 0.722396 0.442964 0.065625 0.052239
14 0.651042 0.622068 0.089583 0.058635
24 0.382292 0.499467 0.066667 0.054371
22 0.929688 0.471748 0.092708 0.109808
0 0.683854 0.388060 0.063542 0.049041
39 0.852604 0.443497 0.046875 0.053305
46 0.869271 0.558102 0.086458 0.058635
31 0.672917 0.499467 0.064583 0.052239
54 0.793229 0.444030 0.065625 0.052239
10 0.091146 0.498401 0.067708 0.056503
6 0.407292 0.388060 0.062500 0.049041
18 0.638021 0.558102 0.067708 0.056503
40 0.715625 0.558102 0.066667 0.056503
32 0.046875 0.558102 0.072917 0.056503
30 0.501042 0.496269 1.000000 0.342217
27 0.580208 0.442431 0.064583 0.051173
19 0.235937 0.498934 0.067708 0.055437
35 0.490625 0.559168 0.068750 0.058635
1 0.056771 0.387527 0.065625 0.050107
20 0.907813 0.388060 0.098958 0.053305
55 0.342187 0.558635 0.069792 0.057569
34 0.786458 0.558102 0.066667 0.056503
56 0.152083 0.440832 0.066667 0.054371
48 0.753646 0.388593 0.063542 0.050107
12 0.816667 0.500533 0.066667 0.054371
11 0.822917 0.388593 0.060417 0.050107
29 0.600521 0.500000 0.065625 0.053305
36 0.651563 0.443497 0.065625 0.053305
16 0.267188 0.558635 0.069792 0.057569
53 0.509896 0.443497 0.065625 0.053305
13 0.178125 0.621535 0.091667 0.059701
42 0.294792 0.441898 0.064583 0.054371
50 0.809375 0.621535 0.072917 0.059701
21 0.222917 0.441898 0.066667 0.054371
9 0.613542 0.388593 0.062500 0.050107
26 0.879687 0.498934 0.048958 0.057569
5 0.336979 0.387527 0.063542 0.047974
41 0.082292 0.441898 0.068750 0.052239
4 0.266146 0.386994 0.063542 0.049041
3 0.195833 0.387527 0.064583 0.047974
25 0.454688 0.499467 0.065625 0.054371
23 0.309375 0.498934 0.066667 0.053305
28 0.528125 0.500533 0.064583 0.054371
51 0.367708 0.441898 0.064583 0.052239
15 0.417708 0.558102 0.068750 0.058635
8 0.544792 0.388593 0.062500 0.050107
58 0.120833 0.558102 0.070833 0.056503
57 0.193750 0.558635 0.068750 0.057569
33 0.564583 0.559168 0.068750 0.058635
43 0.163542 0.500000 0.068750 0.055437
37 0.745833 0.500000 0.066667 0.053305
