52 0.114447 0.260900 0.080675 0.045007
29 0.688555 0.310127 0.060038 0.045007
57 0.321295 0.357243 0.060976 0.043601
50 0.802533 0.409634 0.066604 0.055556
14 0.661351 0.409986 0.065666 0.054852
5 0.441839 0.213080 0.060038 0.045007
59 0.531895 0.262307 0.060038 0.045007
25 0.555347 0.310127 0.060038 0.045007
56 0.261726 0.261252 0.060038 0.045710
17 0.104597 0.213080 0.059099 0.043601
20 0.976079 0.212377 0.049719 0.043601
48 0.844278 0.212729 0.060038 0.044304
13 0.323640 0.410338 0.065666 0.055556
40 0.787992 0.356540 0.060038 0.043601
58 0.253283 0.357595 0.060038 0.044304
46 0.946998 0.354782 0.107880 0.044304
18 0.721388 0.357947 0.060038 0.043601
9 0.712008 0.213080 0.060038 0.043601
47 0.493902 0.410689 0.256098 0.057665
10 0.218574 0.309423 0.060038 0.043601
27 0.664634 0.261955 0.060976 0.044304
35 0.588649 0.358298 0.059099 0.042897
30 0.530488 0.300281 0.940901 0.306610
28 0.621482 0.309775 0.059099 0.044304
12 0.889775 0.308720 0.060976 0.045007
53 0.598030 0.262307 0.059099 0.045007
45 0.126642 0.308368 0.105066 0.044304
39 0.922139 0.260197 0.037523 0.043601
0 0.779081 0.213783 0.059099 0.045007
36 0.732645 0.261603 0.060038 0.045007
42 0.397280 0.262307 0.060976 0.045007
23 0.421670 0.310127 0.060976 0.045007
1 0.173546 0.213783 0.060038 0.045007
49 0.107880 0.409986 0.067542 0.056259
43 0.285647 0.309072 0.060976 0.044304
41 0.194184 0.261955 0.060038 0.044304
2 0.240150 0.213080 0.060038 0.045007
51 0.464353 0.261955 0.060038 0.044304
24 0.488743 0.310127 0.058161 0.043601
55 0.455910 0.357947 0.060038 0.043601
37 0.822702 0.308720 0.060038 0.045007
34 0.855066 0.356188 0.060976 0.044304
33 0.654784 0.357595 0.060038 0.044304
6 0.510319 0.213432 0.060038 0.044304
4 0.375235 0.213080 0.060038 0.045007
7 0.577392 0.213783 0.059099 0.045007
22 0.975610 0.283755 0.050657 0.092124
19 0.353659 0.310127 0.060038 0.045007
3 0.307223 0.213080 0.060976 0.045007
32 0.185272 0.356188 0.057223 0.044304
44 0.113508 0.356188 0.076923 0.042897
31 0.755159 0.309423 0.060038 0.045007
16 0.388368 0.358298 0.060038 0.044304
26 0.944653 0.308368 0.037523 0.044304
15 0.521576 0.357947 0.060038 0.043601
38 0.798780 0.261252 0.060976 0.045710
11 0.912758 0.212729 0.060038 0.044304
54 0.865854 0.260900 0.061914 0.045007
21 0.329737 0.261603 0.060976 0.045007
8 0.643996 0.213783 0.059099 0.045007
