59 0.503986 0.258621 0.055809 0.082759
56 0.253986 0.257759 0.056948 0.084483
12 0.828588 0.350862 0.055809 0.081034
23 0.394647 0.349138 0.055809 0.081034
2 0.224374 0.168103 0.056948 0.081034
24 0.456720 0.350000 0.054670 0.082759
35 0.549544 0.440517 0.055809 0.081034
25 0.518793 0.350862 0.055809 0.081034
45 0.120159 0.346552 0.103645 0.086207
31 0.706150 0.351724 0.054670 0.079310
3 0.285877 0.167241 0.056948 0.082759
28 0.581435 0.351724 0.055809 0.079310
1 0.161162 0.167241 0.055809 0.082759
17 0.097950 0.166379 0.054670 0.081034
48 0.782460 0.170690 0.054670 0.079310
33 0.612756 0.441379 0.056948 0.082759
21 0.316629 0.259483 0.056948 0.084483
10 0.207289 0.348276 0.056948 0.082759
4 0.347380 0.167241 0.054670 0.082759
54 0.813212 0.261207 0.054670 0.081034
44 0.104214 0.438793 0.071754 0.084483
30 0.518223 0.327586 0.936219 0.572414
26 0.880979 0.350000 0.037585 0.082759
58 0.239180 0.441379 0.056948 0.082759
0 0.720387 0.171552 0.055809 0.081034
41 0.192483 0.258621 0.056948 0.082759
46 0.898633 0.440517 0.132118 0.084483
16 0.362756 0.440517 0.055809 0.084483
15 0.488041 0.441379 0.058087 0.082759
19 0.332005 0.350000 0.055809 0.082759
32 0.175399 0.438793 0.056948 0.084483
47 0.484624 0.537931 0.297267 0.100000
37 0.767084 0.351724 0.053531 0.079310
14 0.675399 0.538793 0.072893 0.094828
9 0.658884 0.170690 0.055809 0.082759
51 0.441913 0.259483 0.054670 0.081034
36 0.689636 0.260345 0.055809 0.082759
7 0.535308 0.168966 0.054670 0.082759
42 0.379271 0.258621 0.056948 0.082759
53 0.566059 0.260345 0.056948 0.082759
55 0.425968 0.441379 0.056948 0.082759
34 0.797836 0.440517 0.055809 0.081034
13 0.293280 0.537931 0.074032 0.096552
38 0.751708 0.260345 0.054670 0.082759
18 0.675399 0.442241 0.054670 0.084483
40 0.736333 0.440517 0.055809 0.081034
43 0.270501 0.350000 0.055809 0.082759
27 0.628132 0.260345 0.055809 0.079310
20 0.920273 0.168966 0.086560 0.082759
29 0.644647 0.351724 0.054670 0.079310
39 0.865034 0.259483 0.037585 0.081034
49 0.097380 0.537069 0.058087 0.098276
11 0.842825 0.169828 0.054670 0.081034
22 0.928246 0.306034 0.070615 0.174138
5 0.409453 0.168103 0.055809 0.081034
52 0.112187 0.256034 0.087699 0.084483
57 0.300683 0.441379 0.054670 0.082759
6 0.472096 0.168103 0.055809 0.081034
8 0.596811 0.169828 0.054670 0.081034
