25 0.433359 0.326749 0.047220 0.066591
45 0.092917 0.325056 0.086824 0.067720
27 0.520183 0.254515 0.045697 0.064334
39 0.725438 0.256772 0.044935 0.064334
31 0.591775 0.326749 0.045697 0.066591
7 0.448972 0.181716 0.044935 0.063205
18 0.566641 0.402935 0.048743 0.069977
30 0.509520 0.312641 0.964204 0.467269
3 0.240670 0.181151 0.047220 0.064334
23 0.326352 0.326185 0.046458 0.065463
49 0.068545 0.483070 0.065499 0.081264
29 0.539604 0.326749 0.046458 0.066591
37 0.643945 0.327878 0.046458 0.066591
14 0.568165 0.483070 0.048743 0.076749
9 0.552171 0.183973 0.045697 0.063205
17 0.083778 0.181151 0.045697 0.062077
55 0.352247 0.401806 0.047982 0.069977
21 0.255903 0.252822 0.047220 0.065463
34 0.671363 0.401806 0.047982 0.067720
24 0.379665 0.325621 0.046458 0.066591
48 0.653846 0.185666 0.044935 0.062077
42 0.308835 0.253386 0.046458 0.066591
33 0.512947 0.401806 0.047982 0.069977
19 0.272658 0.326749 0.047220 0.066591
52 0.087586 0.251693 0.067022 0.067720
53 0.467251 0.253950 0.046458 0.065463
32 0.135567 0.402370 0.048743 0.071106
38 0.623382 0.255643 0.046458 0.064334
11 0.704494 0.186795 0.044174 0.062077
35 0.459634 0.401806 0.047982 0.069977
0 0.603199 0.185102 0.047220 0.063205
41 0.151181 0.253950 0.047982 0.065463
59 0.415080 0.253386 0.047220 0.066591
8 0.500000 0.182844 0.044935 0.063205
2 0.188119 0.181151 0.047220 0.062077
22 0.785605 0.292889 0.067784 0.136569
5 0.343869 0.181151 0.046458 0.062077
26 0.746763 0.328442 0.044935 0.065463
57 0.243336 0.401806 0.047982 0.069977
1 0.135948 0.181716 0.046458 0.063205
13 0.241051 0.483070 0.049505 0.076749
47 0.404417 0.483634 0.263519 0.080135
12 0.695735 0.329007 0.046458 0.066591
6 0.396801 0.181716 0.045697 0.063205
50 0.674791 0.483070 0.048743 0.076749
54 0.674791 0.257336 0.045697 0.065463
20 0.770373 0.186795 0.078446 0.062077
16 0.297411 0.402370 0.047982 0.071106
46 0.761234 0.402370 0.122620 0.068849
36 0.571592 0.254515 0.046458 0.064334
56 0.203732 0.252822 0.046458 0.065463
28 0.486291 0.326749 0.046458 0.066591
58 0.190023 0.402370 0.047982 0.068849
51 0.362148 0.253950 0.046458 0.065463
40 0.619573 0.401806 0.047982 0.067720
43 0.219726 0.326749 0.047982 0.066591
4 0.291698 0.180587 0.045697 0.063205
44 0.074638 0.401242 0.060929 0.071106
15 0.405560 0.401242 0.049505 0.068849
10 0.166032 0.326749 0.047220 0.066591
