7 0.469886 0.276744 0.067045 0.053488
2 0.088636 0.275581 0.072727 0.053488
47 0.402841 0.531977 0.407955 0.066279
59 0.429545 0.336628 0.070455 0.056977
38 0.739205 0.336628 0.071591 0.056977
14 0.661364 0.531977 0.097727 0.063953
24 0.368182 0.398256 0.072727 0.059302
22 0.957955 0.368023 0.086364 0.119767
0 0.697159 0.276744 0.069318 0.053488
39 0.881250 0.337209 0.051136 0.058140
46 0.899432 0.462209 0.094318 0.063953
31 0.685227 0.398256 0.070455 0.056977
54 0.816477 0.337791 0.071591 0.056977
10 0.050568 0.397093 0.073864 0.061628
6 0.395455 0.276744 0.068182 0.053488
18 0.647159 0.462209 0.073864 0.061628
40 0.731818 0.462209 0.072727 0.061628
32 0.021591 0.462209 0.040909 0.061628
30 0.501136 0.394767 1.000000 0.373256
27 0.584091 0.336047 0.070455 0.055814
19 0.208523 0.397674 0.073864 0.060465
35 0.486364 0.463372 0.075000 0.063953
1 0.025000 0.276163 0.047727 0.054651
20 0.941477 0.276744 0.107955 0.058140
55 0.324432 0.462791 0.076136 0.062791
34 0.809091 0.462209 0.072727 0.061628
56 0.117045 0.334302 0.072727 0.059302
48 0.773295 0.277326 0.069318 0.054651
12 0.842045 0.399419 0.072727 0.059302
11 0.848864 0.277326 0.065909 0.054651
29 0.606250 0.398837 0.071591 0.058140
36 0.661932 0.337209 0.071591 0.058140
16 0.242614 0.462791 0.076136 0.062791
53 0.507386 0.337209 0.071591 0.058140
13 0.145455 0.531395 0.100000 0.065116
42 0.272727 0.335465 0.070455 0.059302
50 0.834091 0.531395 0.079545 0.065116
21 0.194318 0.335465 0.072727 0.059302
9 0.620455 0.277326 0.068182 0.054651
26 0.910795 0.397674 0.053409 0.062791
5 0.318750 0.276163 0.069318 0.052326
41 0.040909 0.335465 0.075000 0.056977
4 0.241477 0.275581 0.069318 0.053488
3 0.164773 0.276163 0.070455 0.052326
25 0.447159 0.398256 0.071591 0.059302
23 0.288636 0.397674 0.072727 0.058140
28 0.527273 0.399419 0.070455 0.059302
51 0.352273 0.335465 0.070455 0.056977
15 0.406818 0.462209 0.075000 0.063953
8 0.545455 0.277326 0.068182 0.054651
58 0.082955 0.462209 0.077273 0.061628
57 0.162500 0.462791 0.075000 0.062791
33 0.567045 0.463372 0.075000 0.063953
43 0.129545 0.398837 0.075000 0.060465
37 0.764773 0.398837 0.072727 0.058140
