41 0.084297 0.663636 0.054913 0.075325
11 0.741329 0.583117 0.054913 0.075325
17 0.015414 0.581818 0.028902 0.072727
38 0.638247 0.666883 0.056840 0.076623
36 0.575145 0.666234 0.055877 0.077922
29 0.537091 0.750000 0.054913 0.076623
0 0.615607 0.583117 0.055877 0.075325
44 0.019750 0.829870 0.037572 0.077922
15 0.380539 0.833766 0.055877 0.077922
30 0.500963 0.726623 1.000000 0.520779
28 0.474470 0.748701 0.054913 0.079221
37 0.661850 0.753247 0.055877 0.077922
34 0.693160 0.837662 0.056840 0.077922
51 0.328998 0.664286 0.052987 0.074026
8 0.492293 0.581818 0.053950 0.075325
33 0.504817 0.836364 0.055877 0.077922
24 0.349711 0.748052 0.053950 0.077922
2 0.126204 0.582468 0.053950 0.074026
9 0.553468 0.582468 0.054913 0.076623
59 0.390655 0.664286 0.052987 0.076623
26 0.789017 0.755195 0.055877 0.076623
12 0.724952 0.753896 0.056840 0.076623
48 0.677264 0.583117 0.055877 0.075325
23 0.288054 0.748052 0.053950 0.075325
40 0.631021 0.838312 0.055877 0.076623
18 0.568401 0.838961 0.055877 0.077922
27 0.514451 0.666234 0.053950 0.075325
57 0.195087 0.831818 0.052987 0.076623
21 0.205684 0.662987 0.052987 0.076623
45 0.035645 0.746104 0.069364 0.076623
58 0.133911 0.832468 0.052023 0.075325
52 0.025048 0.662338 0.048170 0.077922
54 0.701349 0.668182 0.057803 0.079221
1 0.064066 0.582468 0.052987 0.074026
20 0.826590 0.582468 0.100193 0.076623
47 0.382948 0.925325 0.303468 0.089610
3 0.186898 0.582468 0.055877 0.076623
16 0.255299 0.833117 0.053950 0.076623
56 0.144027 0.662338 0.051060 0.075325
53 0.452794 0.665584 0.053950 0.076623
42 0.267341 0.664286 0.054913 0.076623
35 0.442197 0.834416 0.055877 0.079221
4 0.246146 0.580519 0.052987 0.075325
49 0.019268 0.919481 0.036609 0.085714
43 0.164740 0.747403 0.053950 0.076623
14 0.569846 0.927922 0.056840 0.084416
22 0.839595 0.711688 0.081888 0.161039
25 0.411850 0.749351 0.054913 0.077922
39 0.764451 0.667532 0.056840 0.077922
6 0.369461 0.582468 0.052987 0.074026
13 0.194605 0.922727 0.053950 0.084416
31 0.599711 0.751299 0.054913 0.076623
46 0.806840 0.839610 0.151252 0.079221
50 0.696532 0.931818 0.057803 0.084416
5 0.307322 0.581818 0.053950 0.075325
10 0.103565 0.746104 0.052987 0.076623
32 0.073218 0.831818 0.053950 0.079221
55 0.318882 0.834416 0.053950 0.076623
19 0.226397 0.748701 0.053950 0.076623
7 0.431118 0.581818 0.054913 0.075325
