52 0.069767 0.269437 0.076923 0.042895
29 0.617174 0.316354 0.057245 0.042895
57 0.266995 0.361260 0.058140 0.041555
50 0.725850 0.411193 0.063506 0.052949
14 0.591234 0.411528 0.062612 0.052279
5 0.381932 0.223861 0.057245 0.042895
59 0.467800 0.270777 0.057245 0.042895
25 0.490161 0.316354 0.057245 0.042895
56 0.210197 0.269772 0.057245 0.043566
17 0.060376 0.223861 0.056351 0.041555
20 0.905635 0.223190 0.076029 0.041555
48 0.765653 0.223525 0.057245 0.042225
13 0.269231 0.411863 0.062612 0.052949
40 0.711986 0.360590 0.057245 0.041555
58 0.202147 0.361595 0.057245 0.042225
46 0.877907 0.358914 0.131485 0.042225
18 0.648479 0.361930 0.057245 0.041555
9 0.639535 0.223861 0.057245 0.041555
47 0.431574 0.412198 0.244186 0.054960
10 0.169052 0.315684 0.057245 0.041555
27 0.594365 0.270442 0.058140 0.042225
35 0.521914 0.362265 0.056351 0.040885
30 0.490608 0.306971 0.945438 0.292225
28 0.553220 0.316019 0.056351 0.042225
12 0.809034 0.315013 0.058140 0.042895
53 0.530859 0.270777 0.056351 0.042895
45 0.081395 0.314678 0.100179 0.042225
39 0.839893 0.268767 0.035778 0.041555
0 0.703488 0.224531 0.056351 0.042895
36 0.659213 0.270107 0.057245 0.042895
42 0.339445 0.270777 0.058140 0.042895
23 0.362701 0.316354 0.058140 0.042895
1 0.126118 0.224531 0.057245 0.042895
49 0.063506 0.411528 0.064401 0.053619
43 0.233005 0.315349 0.058140 0.042225
41 0.145796 0.270442 0.057245 0.042225
2 0.189624 0.223861 0.057245 0.042895
51 0.403399 0.270442 0.057245 0.042225
24 0.426655 0.316354 0.055456 0.041555
55 0.395349 0.361930 0.057245 0.041555
37 0.745081 0.315013 0.057245 0.042895
34 0.775939 0.360255 0.058140 0.042225
33 0.584973 0.361595 0.057245 0.042225
6 0.447227 0.224196 0.057245 0.042225
4 0.318426 0.223861 0.057245 0.042895
7 0.511181 0.224531 0.056351 0.042895
22 0.904741 0.291220 0.076029 0.087802
19 0.297853 0.316354 0.057245 0.042895
3 0.253578 0.223861 0.058140 0.042895
32 0.137299 0.360255 0.054562 0.042225
44 0.068873 0.360255 0.073345 0.040885
31 0.680680 0.315684 0.057245 0.042895
16 0.330948 0.362265 0.057245 0.042225
26 0.861360 0.314678 0.035778 0.042225
15 0.457961 0.361930 0.057245 0.041555
38 0.722272 0.269772 0.058140 0.043566
11 0.830948 0.223525 0.057245 0.042225
54 0.786225 0.269437 0.059034 0.042895
21 0.275045 0.270107 0.058140 0.042895
8 0.574687 0.224531 0.056351 0.042895
