49 0.046484 0.820139 0.085156 0.093056
50 0.642578 0.820139 0.052344 0.093056
3 0.189844 0.439583 0.051562 0.093056
40 0.567578 0.724306 0.049219 0.090278
26 0.701172 0.629861 0.035156 0.093056
34 0.620703 0.723611 0.050781 0.091667
42 0.267969 0.535417 0.048438 0.090278
44 0.031641 0.724306 0.053906 0.093056
24 0.334375 0.629167 0.048438 0.091667
20 0.736328 0.440278 0.074219 0.091667
8 0.456641 0.440972 0.049219 0.093056
28 0.441016 0.629167 0.049219 0.091667
57 0.194141 0.725000 0.049219 0.091667
52 0.042188 0.533333 0.073438 0.091667
9 0.510938 0.440972 0.050000 0.093056
53 0.427734 0.536111 0.049219 0.091667
21 0.214844 0.535417 0.050000 0.093056
13 0.223438 0.820139 0.051562 0.093056
33 0.460938 0.725694 0.050000 0.093056
17 0.029297 0.438889 0.049219 0.091667
29 0.494531 0.629167 0.050000 0.091667
18 0.514062 0.724306 0.050000 0.093056
43 0.173828 0.629167 0.049219 0.091667
1 0.083203 0.439583 0.049219 0.090278
35 0.407422 0.725000 0.050781 0.091667
6 0.350391 0.440278 0.049219 0.091667
27 0.481250 0.534722 0.048438 0.088889
23 0.281250 0.629167 0.050000 0.091667
14 0.535937 0.820139 0.051562 0.093056
12 0.654687 0.629167 0.050000 0.091667
25 0.387500 0.628472 0.048438 0.090278
32 0.087500 0.723611 0.050000 0.094444
36 0.534375 0.534722 0.050000 0.091667
10 0.121094 0.628472 0.048438 0.093056
51 0.321875 0.534722 0.048438 0.088889
48 0.616406 0.440278 0.050000 0.091667
0 0.563281 0.440972 0.051562 0.093056
37 0.600781 0.629861 0.050000 0.090278
47 0.379688 0.820833 0.256250 0.097222
30 0.499609 0.594444 0.997656 0.577778
11 0.669922 0.440278 0.049219 0.091667
2 0.137109 0.440278 0.050781 0.091667
22 0.741406 0.582639 0.064062 0.187500
54 0.641797 0.536111 0.050781 0.094444
5 0.296094 0.440278 0.050000 0.091667
58 0.141016 0.725000 0.049219 0.091667
15 0.353906 0.724306 0.051562 0.093056
39 0.687891 0.534722 0.035156 0.091667
38 0.587891 0.534722 0.050781 0.091667
55 0.301172 0.724306 0.049219 0.090278
45 0.049219 0.628472 0.087500 0.093056
7 0.403906 0.440972 0.050000 0.093056
59 0.375000 0.535417 0.050000 0.093056
16 0.247656 0.724306 0.050000 0.093056
19 0.227344 0.629167 0.050000 0.091667
31 0.547656 0.629861 0.048438 0.090278
4 0.242969 0.438194 0.048438 0.090278
46 0.685156 0.724306 0.070312 0.093056
41 0.108203 0.534722 0.050781 0.091667
56 0.160547 0.534028 0.047656 0.093056
