33 0.465833 0.524752 0.041667 0.064356
58 0.180833 0.524752 0.041667 0.064356
47 0.372500 0.597772 0.235000 0.066832
19 0.250833 0.452970 0.041667 0.064356
59 0.379167 0.381188 0.041667 0.064356
37 0.585833 0.452970 0.041667 0.064356
11 0.644167 0.306931 0.041667 0.064356
15 0.370000 0.524752 0.043333 0.064356
51 0.332500 0.381188 0.041667 0.064356
21 0.235833 0.381188 0.041667 0.064356
18 0.514167 0.525990 0.041667 0.061881
49 0.075000 0.596535 0.060000 0.064356
35 0.418333 0.524752 0.043333 0.064356
32 0.132500 0.524752 0.041667 0.064356
36 0.523333 0.381188 0.043333 0.064356
29 0.489167 0.452970 0.041667 0.064356
8 0.450833 0.309406 0.041667 0.064356
57 0.227500 0.524752 0.041667 0.064356
53 0.427500 0.381188 0.041667 0.064356
54 0.620000 0.381188 0.043333 0.064356
45 0.087500 0.451733 0.081667 0.066832
14 0.518333 0.597772 0.043333 0.061881
3 0.211667 0.308168 0.043333 0.066832
46 0.675833 0.525990 0.078333 0.066832
43 0.202500 0.452970 0.041667 0.064356
27 0.475833 0.381188 0.041667 0.064356
40 0.562500 0.525990 0.041667 0.061881
39 0.667500 0.381188 0.041667 0.064356
5 0.306667 0.308168 0.043333 0.061881
12 0.634167 0.452970 0.041667 0.064356
7 0.404167 0.309406 0.041667 0.064356
23 0.299167 0.452970 0.041667 0.064356
42 0.284167 0.381188 0.041667 0.064356
9 0.500000 0.309406 0.043333 0.064356
41 0.140000 0.381188 0.043333 0.064356
26 0.682500 0.452970 0.041667 0.064356
25 0.394167 0.452970 0.041667 0.064356
13 0.228333 0.599010 0.043333 0.064356
24 0.345833 0.451733 0.041667 0.061881
0 0.548333 0.309406 0.043333 0.064356
56 0.187500 0.379950 0.041667 0.066832
22 0.728333 0.415842 0.066667 0.138614
4 0.259167 0.306931 0.041667 0.064356
6 0.355833 0.308168 0.041667 0.061881
50 0.630000 0.599010 0.080000 0.064356
31 0.537500 0.452970 0.041667 0.064356
1 0.115833 0.309406 0.041667 0.064356
30 0.498333 0.423267 0.930000 0.470297
10 0.154167 0.451733 0.041667 0.061881
38 0.571667 0.381188 0.043333 0.064356
2 0.163333 0.309406 0.043333 0.064356
20 0.717500 0.308168 0.091667 0.066832
34 0.610000 0.525990 0.043333 0.061881
44 0.075000 0.524752 0.060000 0.069307
48 0.596667 0.309406 0.043333 0.064356
17 0.065833 0.306931 0.041667 0.064356
16 0.275833 0.524752 0.041667 0.064356
55 0.323333 0.524752 0.043333 0.064356
28 0.441667 0.452970 0.040000 0.064356
52 0.078333 0.379950 0.066667 0.066832
