55 0.318125 0.587875 0.041250 0.099455
2 0.158125 0.267711 0.041250 0.096730
40 0.580625 0.583787 0.042500 0.096730
24 0.345313 0.476839 0.041875 0.098093
42 0.283125 0.369891 0.042500 0.096730
47 0.363750 0.706403 0.243750 0.113079
22 0.757188 0.420300 0.074375 0.208447
44 0.055313 0.594687 0.041875 0.099455
15 0.370312 0.587193 0.044375 0.100817
23 0.294375 0.478883 0.040000 0.096730
43 0.190000 0.480245 0.043750 0.099455
21 0.231563 0.373297 0.044375 0.103542
6 0.361563 0.263624 0.043125 0.099455
46 0.730625 0.581744 0.136250 0.100817
19 0.242812 0.480245 0.041875 0.096730
54 0.642500 0.365123 0.042500 0.098093
36 0.538750 0.364441 0.042500 0.096730
32 0.107500 0.596730 0.045000 0.111717
50 0.621250 0.698910 0.045000 0.103542
33 0.476875 0.587875 0.042500 0.099455
0 0.563750 0.259537 0.041250 0.099455
7 0.412500 0.260899 0.041250 0.096730
3 0.208125 0.266349 0.045000 0.099455
5 0.310000 0.262943 0.042500 0.098093
37 0.604688 0.473433 0.043125 0.096730
57 0.213750 0.590599 0.042500 0.099455
26 0.709063 0.472071 0.041875 0.096730
39 0.691875 0.363760 0.042500 0.098093
18 0.527813 0.587193 0.041875 0.100817
9 0.513437 0.260899 0.040625 0.102180
10 0.137813 0.482289 0.043125 0.100817
52 0.070938 0.371253 0.051875 0.096730
8 0.463125 0.261580 0.040000 0.100817
16 0.265313 0.590599 0.044375 0.099455
38 0.590625 0.364441 0.043750 0.096730
29 0.502500 0.475477 0.040000 0.095368
31 0.553438 0.474114 0.040625 0.095368
17 0.061875 0.265668 0.032500 0.092643
48 0.614062 0.258174 0.041875 0.096730
28 0.450000 0.476158 0.038750 0.096730
4 0.259688 0.262943 0.041875 0.095368
1 0.105938 0.264986 0.040625 0.094005
25 0.397500 0.477520 0.043750 0.099455
11 0.665937 0.257493 0.040625 0.092643
53 0.437500 0.365804 0.041250 0.096730
34 0.633125 0.583106 0.043750 0.098093
27 0.489063 0.365804 0.040625 0.094005
56 0.180312 0.370572 0.043125 0.098093
58 0.160625 0.592643 0.042500 0.098093
20 0.740000 0.256812 0.093750 0.094005
14 0.515312 0.703678 0.045625 0.107629
51 0.333750 0.367847 0.041250 0.095368
12 0.657500 0.472752 0.041250 0.095368
13 0.210625 0.709128 0.045000 0.104905
35 0.423125 0.587193 0.043750 0.100817
49 0.051562 0.710490 0.043125 0.102180
59 0.386250 0.367166 0.041250 0.094005
30 0.492812 0.481608 0.944375 0.712534
45 0.073125 0.480926 0.066250 0.095368
41 0.127812 0.372616 0.043125 0.099455
