8 0.506487 0.305186 0.034930 0.038564
55 0.412176 0.468750 0.039920 0.049202
4 0.345808 0.325133 0.036926 0.043883
15 0.454092 0.462101 0.039920 0.049202
27 0.530439 0.348404 0.034930 0.042553
33 0.536427 0.447473 0.038922 0.046543
3 0.303892 0.329787 0.038922 0.045213
25 0.469062 0.407580 0.037924 0.043883
1 0.219062 0.341090 0.038922 0.046543
6 0.427645 0.314495 0.036926 0.041223
28 0.509481 0.401596 0.036926 0.045213
36 0.568363 0.344415 0.034930 0.042553
51 0.411178 0.365691 0.035928 0.042553
32 0.566367 0.496676 0.040918 0.049202
44 0.202096 0.500665 0.106786 0.062500
43 0.299401 0.432846 0.039920 0.049202
50 0.686128 0.480718 0.040918 0.049202
46 0.699601 0.421543 0.053892 0.047872
18 0.575848 0.441489 0.037924 0.045213
20 0.700599 0.281915 0.057884 0.042553
7 0.468563 0.309840 0.034930 0.039894
42 0.368762 0.371011 0.036926 0.045213
29 0.549401 0.394947 0.036926 0.045213
40 0.615768 0.434840 0.037924 0.045213
38 0.605788 0.339096 0.035928 0.039894
59 0.451098 0.359707 0.035928 0.043883
14 0.609281 0.490691 0.038922 0.047872
39 0.678643 0.329122 0.035928 0.041223
30 0.524950 0.412899 0.826347 0.418883
47 0.436627 0.518617 0.220559 0.087766
58 0.279940 0.489362 0.040918 0.050532
17 0.170160 0.347074 0.046906 0.045213
22 0.715569 0.370346 0.071856 0.046543
35 0.495509 0.454787 0.038922 0.047872
53 0.490519 0.354388 0.034930 0.043883
9 0.544411 0.300532 0.034930 0.039894
54 0.642715 0.333777 0.035928 0.042553
48 0.617764 0.291223 0.033932 0.039894
34 0.653693 0.429521 0.037924 0.045213
10 0.254491 0.439495 0.041916 0.049202
45 0.187625 0.449468 0.081836 0.055851
2 0.261976 0.335771 0.038922 0.046543
31 0.587325 0.390293 0.036926 0.043883
49 0.183134 0.564495 0.078842 0.062500
19 0.342814 0.426197 0.038922 0.049202
37 0.625250 0.384309 0.036926 0.042553
26 0.717565 0.323803 0.043912 0.041223
13 0.295908 0.543218 0.054890 0.057181
12 0.662176 0.378324 0.036926 0.043883
57 0.324850 0.482048 0.040918 0.049202
0 0.581337 0.295878 0.034930 0.038564
24 0.428144 0.413564 0.037924 0.045213
56 0.283433 0.382979 0.037924 0.047872
23 0.386228 0.420213 0.037924 0.047872
5 0.386727 0.320479 0.036926 0.042553
11 0.653194 0.287234 0.034930 0.039894
21 0.326347 0.376995 0.037924 0.046543
16 0.368762 0.475399 0.040918 0.049202
41 0.239521 0.389628 0.039920 0.047872
52 0.180140 0.396277 0.066866 0.050532
