41 0.085975 0.587879 0.056260 0.109091
25 0.421157 0.707576 0.056260 0.109091
6 0.378368 0.469697 0.054675 0.106061
27 0.527734 0.588636 0.053883 0.104545
1 0.061807 0.469697 0.055468 0.109091
19 0.232567 0.707576 0.056260 0.109091
51 0.339144 0.587879 0.055468 0.106061
38 0.652139 0.588636 0.055468 0.107576
54 0.715135 0.588636 0.056260 0.110606
30 0.500792 0.501515 1.000000 1.000000
21 0.212758 0.587879 0.056260 0.106061
59 0.401347 0.588636 0.054675 0.107576
12 0.736133 0.709091 0.057052 0.109091
16 0.264263 0.828030 0.056260 0.107576
9 0.565769 0.470455 0.055468 0.104545
2 0.125594 0.468182 0.056260 0.109091
37 0.672345 0.708333 0.056260 0.107576
57 0.201664 0.826515 0.056260 0.107576
52 0.024960 0.588636 0.048336 0.110606
11 0.754754 0.468182 0.054675 0.106061
29 0.547147 0.707576 0.056260 0.109091
32 0.641046 0.947727 0.055468 0.107576
47 0.392235 0.946212 0.304279 0.110606
24 0.358954 0.707576 0.055468 0.109091
28 0.484152 0.706061 0.055468 0.109091
44 0.051109 0.828788 0.100634 0.109091
0 0.628368 0.468939 0.055468 0.104545
40 0.641046 0.825758 0.057052 0.106061
36 0.589144 0.589394 0.056260 0.106061
49 0.023772 0.947727 0.045959 0.107576
4 0.251981 0.468182 0.055468 0.106061
45 0.034865 0.709091 0.068146 0.106061
23 0.295959 0.706818 0.054675 0.107576
10 0.105784 0.709091 0.056260 0.106061
42 0.276149 0.589394 0.056260 0.106061
22 0.814184 0.715152 0.081616 0.109091
20 0.822108 0.468182 0.061014 0.106061
35 0.453249 0.826515 0.055468 0.107576
15 0.390650 0.826515 0.057052 0.107576
7 0.440571 0.469697 0.055468 0.109091
5 0.314580 0.468939 0.055468 0.107576
8 0.503566 0.470455 0.054675 0.104545
46 0.797544 0.830303 0.111727 0.112121
55 0.328051 0.827273 0.055468 0.106061
33 0.515452 0.826515 0.056260 0.110606
13 0.142235 0.946970 0.056260 0.109091
58 0.138669 0.827273 0.055468 0.109091
48 0.690571 0.469697 0.056260 0.106061
39 0.779319 0.588636 0.056260 0.107576
26 0.834390 0.590909 0.036450 0.106061
56 0.148177 0.586364 0.055468 0.109091
3 0.188590 0.469697 0.057052 0.109091
34 0.704437 0.828788 0.057052 0.106061
53 0.463946 0.588636 0.056260 0.107576
14 0.581616 0.949242 0.055468 0.104545
18 0.578051 0.825758 0.056260 0.109091
43 0.169176 0.708333 0.056260 0.107576
31 0.610143 0.707576 0.055468 0.109091
17 0.013471 0.468939 0.025357 0.104545
