10 0.166429 0.600287 0.058571 0.117479
26 0.942857 0.469914 0.060000 0.120344
42 0.347857 0.469914 0.058571 0.120344
43 0.232143 0.600287 0.058571 0.117479
40 0.727857 0.732092 0.058571 0.117479
37 0.762857 0.604585 0.060000 0.120344
34 0.793571 0.733524 0.061429 0.120344
35 0.529286 0.732092 0.058571 0.117479
50 0.726429 0.872493 0.075714 0.134670
22 0.917857 0.601719 0.110000 0.120344
17 0.050714 0.336676 0.058571 0.117479
47 0.474286 0.871060 0.262857 0.137536
29 0.628571 0.601719 0.060000 0.120344
33 0.597143 0.733524 0.060000 0.120344
27 0.612143 0.469914 0.058571 0.120344
51 0.413571 0.468481 0.058571 0.117479
56 0.216429 0.467049 0.058571 0.120344
30 0.499286 0.547278 0.992857 0.882521
53 0.545714 0.469914 0.060000 0.120344
36 0.677143 0.469914 0.060000 0.120344
4 0.315000 0.335244 0.058571 0.120344
20 0.926429 0.336676 0.092857 0.117479
2 0.183571 0.338109 0.061429 0.120344
44 0.094286 0.732092 0.140000 0.123209
6 0.446429 0.336676 0.058571 0.117479
46 0.902143 0.734957 0.141429 0.123209
31 0.695000 0.601719 0.058571 0.120344
8 0.580000 0.338109 0.060000 0.120344
38 0.743571 0.468481 0.061429 0.123209
45 0.075714 0.601719 0.111429 0.120344
58 0.200000 0.732092 0.060000 0.117479
49 0.058571 0.871060 0.077143 0.131805
39 0.875714 0.469914 0.060000 0.120344
19 0.297857 0.601719 0.058571 0.120344
3 0.249286 0.338109 0.061429 0.120344
15 0.462857 0.732092 0.060000 0.117479
59 0.480000 0.469914 0.060000 0.120344
24 0.430000 0.600287 0.060000 0.117479
5 0.380714 0.336676 0.058571 0.117479
13 0.297857 0.871060 0.075714 0.131805
25 0.495714 0.601719 0.060000 0.120344
55 0.397143 0.732092 0.060000 0.117479
54 0.809286 0.469914 0.058571 0.120344
11 0.842143 0.336676 0.058571 0.117479
21 0.282143 0.469914 0.061429 0.120344
28 0.562143 0.601719 0.058571 0.120344
7 0.514286 0.338109 0.060000 0.120344
48 0.775714 0.338109 0.060000 0.120344
14 0.647857 0.871060 0.075714 0.131805
0 0.712143 0.338109 0.061429 0.120344
16 0.331429 0.733524 0.060000 0.120344
57 0.265714 0.732092 0.060000 0.117479
23 0.363571 0.600287 0.058571 0.117479
41 0.150000 0.468481 0.060000 0.117479
12 0.825714 0.601719 0.060000 0.120344
18 0.661429 0.733524 0.060000 0.120344
9 0.645714 0.339542 0.060000 0.123209
1 0.117857 0.336676 0.058571 0.117479
52 0.067857 0.469914 0.092857 0.120344
