7 0.514062 0.417083 0.056875 0.075833
53 0.545000 0.501667 0.057500 0.076667
47 0.475000 0.758333 0.253750 0.085000
58 0.209687 0.669167 0.056875 0.075000
21 0.289062 0.500833 0.058125 0.076667
46 0.888437 0.671667 0.135625 0.078333
45 0.091250 0.585417 0.105000 0.075833
48 0.767188 0.416667 0.058125 0.076667
37 0.752812 0.585417 0.058125 0.075833
8 0.577812 0.417083 0.058125 0.075833
42 0.352812 0.500833 0.056875 0.075000
0 0.705625 0.417500 0.057500 0.076667
6 0.448750 0.416250 0.057500 0.075833
52 0.082812 0.500417 0.088125 0.075833
29 0.625625 0.585833 0.057500 0.076667
28 0.561562 0.585833 0.056875 0.076667
2 0.194688 0.417083 0.058125 0.075833
23 0.369063 0.585417 0.056875 0.075833
17 0.068125 0.417083 0.056250 0.074167
27 0.609375 0.501667 0.057500 0.076667
24 0.433125 0.585833 0.057500 0.075000
14 0.642813 0.758750 0.073125 0.082500
30 0.497812 0.556250 0.960625 0.585833
4 0.321562 0.415000 0.055625 0.075000
40 0.720938 0.669583 0.058125 0.074167
41 0.162812 0.500417 0.058125 0.075833
51 0.417500 0.500833 0.056250 0.075000
20 0.903125 0.586250 0.105000 0.075833
11 0.831562 0.417083 0.056875 0.074167
16 0.337187 0.670417 0.058125 0.075833
55 0.400938 0.670000 0.058125 0.075000
22 0.911250 0.417083 0.088750 0.075833
31 0.689688 0.586250 0.056875 0.075833
5 0.385000 0.415417 0.057500 0.075833
35 0.528125 0.670833 0.057500 0.076667
25 0.496563 0.585833 0.056875 0.076667
39 0.863125 0.502083 0.057500 0.075833
57 0.273125 0.669583 0.057500 0.074167
13 0.305000 0.757500 0.073750 0.083333
18 0.656875 0.670000 0.058750 0.075000
50 0.720625 0.758750 0.072500 0.084167
9 0.642188 0.417500 0.058125 0.076667
10 0.178437 0.585417 0.056875 0.075833
1 0.131875 0.417083 0.056250 0.075833
44 0.109375 0.669167 0.135000 0.078333
38 0.737500 0.501250 0.058750 0.075833
34 0.785000 0.671250 0.058750 0.075833
19 0.305000 0.585417 0.057500 0.075833
54 0.799687 0.502083 0.058125 0.075833
43 0.241250 0.585417 0.057500 0.075833
33 0.593750 0.671250 0.058750 0.077500
56 0.225312 0.499583 0.055625 0.077500
3 0.257500 0.416250 0.058750 0.075833
49 0.074688 0.757500 0.074375 0.083333
15 0.465000 0.670417 0.058750 0.075833
12 0.815312 0.586250 0.056875 0.075833
59 0.480938 0.500417 0.058125 0.075833
36 0.673125 0.501667 0.057500 0.076667
26 0.926875 0.502917 0.057500 0.075833
