25 0.433506 0.262788 0.053541 0.075448
45 0.048791 0.260870 0.095855 0.076726
27 0.531952 0.180946 0.051813 0.072890
39 0.764680 0.183504 0.050950 0.072890
31 0.613126 0.262788 0.051813 0.075448
7 0.451209 0.098465 0.050950 0.071611
18 0.584629 0.349105 0.055268 0.079284
30 0.500864 0.256394 1.000000 0.510230
3 0.215026 0.097826 0.053541 0.072890
23 0.312176 0.262148 0.052677 0.074169
49 0.028929 0.439898 0.056131 0.092072
29 0.553972 0.262788 0.052677 0.075448
37 0.672280 0.264066 0.052677 0.075448
14 0.586356 0.439898 0.055268 0.086957
9 0.568221 0.101023 0.051813 0.071611
17 0.037133 0.097826 0.051813 0.070332
55 0.341537 0.347826 0.054404 0.079284
21 0.232297 0.179028 0.053541 0.074169
34 0.703368 0.347826 0.054404 0.076726
24 0.372625 0.261509 0.052677 0.075448
48 0.683506 0.102941 0.050950 0.070332
42 0.292314 0.179668 0.052677 0.075448
33 0.523748 0.347826 0.054404 0.079284
19 0.251295 0.262788 0.053541 0.075448
52 0.041451 0.177749 0.075993 0.076726
53 0.471934 0.180307 0.052677 0.074169
32 0.095855 0.348465 0.055268 0.080563
38 0.648964 0.182225 0.052677 0.072890
11 0.740933 0.104220 0.050086 0.070332
35 0.463299 0.347826 0.054404 0.079284
0 0.626079 0.102302 0.053541 0.071611
41 0.113558 0.180307 0.054404 0.074169
59 0.412781 0.179668 0.053541 0.075448
8 0.509067 0.099744 0.050950 0.071611
2 0.155440 0.097826 0.053541 0.070332
22 0.832902 0.224425 0.076857 0.154731
5 0.332038 0.097826 0.052677 0.070332
26 0.788860 0.264706 0.050950 0.074169
57 0.218048 0.347826 0.054404 0.079284
1 0.096287 0.098465 0.052677 0.071611
13 0.215458 0.439898 0.056131 0.086957
47 0.400691 0.440537 0.298791 0.090793
12 0.731002 0.265345 0.052677 0.075448
6 0.392055 0.098465 0.051813 0.071611
50 0.707254 0.439898 0.055268 0.086957
54 0.707254 0.184143 0.051813 0.074169
20 0.815630 0.104220 0.088946 0.070332
16 0.279361 0.348465 0.054404 0.080563
46 0.805268 0.348465 0.139033 0.078005
36 0.590242 0.180946 0.052677 0.072890
56 0.173143 0.179028 0.052677 0.074169
28 0.493523 0.262788 0.052677 0.075448
58 0.157599 0.348465 0.054404 0.078005
51 0.352763 0.180307 0.052677 0.074169
40 0.644646 0.347826 0.054404 0.076726
43 0.191278 0.262788 0.054404 0.075448
4 0.272884 0.097187 0.051813 0.071611
44 0.031088 0.347187 0.060449 0.080563
15 0.401986 0.347187 0.056131 0.078005
10 0.130397 0.262788 0.053541 0.075448
