41 0.367188 0.574689 0.023958 0.023513
27 0.540104 0.578838 0.021875 0.023513
1 0.358333 0.549101 0.022917 0.022130
34 0.615104 0.634855 0.023958 0.024896
10 0.370833 0.600968 0.022917 0.023513
55 0.459375 0.630705 0.022917 0.024896
18 0.563021 0.633472 0.023958 0.024896
8 0.551042 0.554633 0.020833 0.022130
32 0.355208 0.629322 0.025000 0.027663
39 0.638542 0.581604 0.022917 0.023513
9 0.527083 0.553250 0.020833 0.022130
57 0.407292 0.629322 0.022917 0.024896
26 0.649479 0.608575 0.023958 0.024896
5 0.455208 0.551867 0.020833 0.022130
12 0.624479 0.607192 0.023958 0.024896
2 0.382292 0.550484 0.022917 0.022130
24 0.472917 0.603043 0.022917 0.024896
50 0.629167 0.665284 0.043750 0.027663
53 0.516146 0.577455 0.021875 0.023513
48 0.599479 0.556017 0.021875 0.022130
45 0.334375 0.599585 0.045833 0.023513
42 0.441667 0.576072 0.022917 0.023513
59 0.491146 0.577455 0.021875 0.023513
31 0.573958 0.605809 0.022917 0.024896
7 0.503125 0.553250 0.020833 0.022130
11 0.623437 0.556708 0.021875 0.020747
19 0.421875 0.601660 0.022917 0.024896
56 0.391667 0.574689 0.022917 0.023513
0 0.574479 0.554633 0.021875 0.022130
58 0.380729 0.629322 0.023958 0.024896
23 0.447917 0.603043 0.022917 0.024896
25 0.498958 0.603734 0.022917 0.023513
16 0.433333 0.630014 0.022917 0.026279
15 0.485417 0.631397 0.022917 0.026279
54 0.613021 0.580221 0.023958 0.023513
20 0.658854 0.557400 0.046875 0.019364
51 0.467187 0.576072 0.021875 0.023513
46 0.650521 0.635546 0.042708 0.026279
36 0.564583 0.578838 0.022917 0.023513
35 0.511458 0.632089 0.022917 0.024896
30 0.551562 0.604426 0.509375 0.177040
13 0.404687 0.659751 0.023958 0.027663
52 0.334896 0.573306 0.036458 0.023513
4 0.430729 0.551176 0.021875 0.020747
40 0.589583 0.633472 0.025000 0.024896
21 0.416667 0.576072 0.022917 0.023513
22 0.670833 0.594053 0.041667 0.051176
47 0.486979 0.661134 0.132292 0.027663
44 0.323437 0.627939 0.034375 0.027663
37 0.598437 0.605809 0.023958 0.024896
49 0.318229 0.656985 0.036458 0.027663
17 0.332292 0.547718 0.022917 0.022130
43 0.396354 0.601660 0.023958 0.024896
38 0.589063 0.579530 0.021875 0.022130
29 0.548958 0.605118 0.022917 0.023513
33 0.537500 0.632780 0.022917 0.026279
6 0.479167 0.551867 0.022917 0.022130
14 0.567187 0.662517 0.023958 0.027663
3 0.406771 0.551176 0.021875 0.023513
28 0.523438 0.604426 0.021875 0.024896
