39 0.584648 0.708175 0.025825 0.026616
31 0.484218 0.734791 0.034433 0.028517
15 0.346844 0.761882 0.036585 0.031369
47 0.332496 0.799905 0.185796 0.042776
48 0.532640 0.679658 0.032281 0.024715
50 0.519369 0.801331 0.037303 0.036122
17 0.147059 0.669202 0.031564 0.022814
0 0.496772 0.678707 0.032281 0.024715
44 0.114419 0.755228 0.046628 0.031369
14 0.445839 0.799905 0.038020 0.035171
51 0.331420 0.701046 0.032999 0.027567
22 0.625897 0.723384 0.048063 0.057034
36 0.477762 0.705798 0.032999 0.027567
20 0.615136 0.682510 0.055237 0.024715
4 0.284433 0.673004 0.032281 0.024715
1 0.179699 0.670152 0.036585 0.024715
9 0.460904 0.677757 0.032281 0.024715
55 0.308465 0.761407 0.037303 0.030418
35 0.385581 0.763308 0.036585 0.032319
33 0.425036 0.764259 0.036585 0.032319
52 0.144907 0.695817 0.053085 0.026616
30 0.445122 0.733840 0.755380 0.203422
27 0.441176 0.704373 0.032999 0.026616
34 0.541966 0.767586 0.035151 0.029468
7 0.390244 0.676806 0.031564 0.024715
5 0.319225 0.674430 0.031564 0.023764
19 0.259684 0.729087 0.035868 0.028517
26 0.595768 0.737643 0.027977 0.028517
53 0.404591 0.703422 0.032999 0.028517
25 0.371593 0.731939 0.032999 0.028517
49 0.102224 0.788973 0.052367 0.034221
2 0.215208 0.672053 0.034433 0.022814
58 0.193687 0.758080 0.038737 0.031369
11 0.568508 0.681559 0.030846 0.024715
43 0.222382 0.728137 0.037303 0.028517
38 0.513989 0.706274 0.032281 0.026616
10 0.185438 0.726236 0.039455 0.030418
18 0.463773 0.766160 0.035151 0.030418
37 0.522238 0.735741 0.034433 0.028517
57 0.232066 0.759030 0.038020 0.031369
13 0.218436 0.792300 0.040890 0.035171
28 0.408895 0.732890 0.032999 0.028517
23 0.296628 0.729087 0.035151 0.028517
46 0.609039 0.769487 0.090387 0.029468
16 0.270086 0.759981 0.038020 0.031369
41 0.187948 0.698194 0.038737 0.029468
59 0.368364 0.701521 0.033716 0.028517
45 0.137733 0.724810 0.060258 0.027567
54 0.551291 0.707224 0.033716 0.026616
12 0.560617 0.736692 0.035151 0.028517
40 0.502869 0.766160 0.034433 0.030418
21 0.259326 0.699620 0.035151 0.028517
42 0.294835 0.700095 0.034433 0.027567
24 0.333931 0.730989 0.035151 0.028517
29 0.446915 0.734316 0.034433 0.029468
3 0.250000 0.672053 0.033716 0.024715
6 0.354735 0.675380 0.032281 0.023764
8 0.425395 0.676806 0.031564 0.024715
32 0.156026 0.756654 0.039455 0.030418
56 0.224175 0.699144 0.035151 0.027567
