47 0.518546 0.383663 0.295252 0.068317
32 0.225148 0.314356 0.054154 0.064356
31 0.725890 0.242079 0.052671 0.062376
21 0.361647 0.178218 0.052671 0.061386
36 0.708828 0.175743 0.052671 0.060396
59 0.535237 0.176733 0.051187 0.060396
4 0.395401 0.112871 0.050445 0.057426
22 0.934718 0.207426 0.071217 0.129703
11 0.850890 0.109901 0.050445 0.059406
0 0.736276 0.110396 0.052671 0.058416
57 0.341988 0.313366 0.053412 0.064356
43 0.315653 0.245545 0.052671 0.061386
40 0.758160 0.309406 0.054896 0.062376
41 0.247774 0.181188 0.053412 0.059406
55 0.459941 0.311881 0.054896 0.063366
38 0.766691 0.174257 0.052671 0.059406
26 0.894288 0.241584 0.037834 0.061386
49 0.147997 0.385644 0.057122 0.066337
37 0.784866 0.241584 0.053412 0.061386
9 0.679154 0.110396 0.051187 0.058416
25 0.550074 0.242574 0.052671 0.063366
44 0.160237 0.315347 0.069733 0.066337
56 0.304896 0.178218 0.051929 0.061386
39 0.874258 0.175743 0.037834 0.060396
33 0.638353 0.310396 0.055638 0.064356
1 0.227374 0.116832 0.051187 0.059406
46 0.884273 0.310396 0.069733 0.064356
20 0.921365 0.111386 0.080119 0.058416
14 0.707344 0.381188 0.070475 0.067327
6 0.509644 0.111881 0.050445 0.057426
18 0.698071 0.309901 0.054896 0.063366
3 0.337537 0.113861 0.051929 0.059406
7 0.565282 0.111386 0.050445 0.058416
28 0.608680 0.242574 0.051187 0.063366
30 0.553412 0.224752 0.894659 0.423762
17 0.171365 0.118812 0.051929 0.057426
27 0.651335 0.174752 0.051929 0.060396
42 0.419510 0.177228 0.052671 0.061386
53 0.593101 0.176733 0.052671 0.060396
50 0.835682 0.381188 0.057122 0.067327
23 0.432493 0.243564 0.051929 0.061386
52 0.178783 0.182178 0.080119 0.061386
8 0.622404 0.110891 0.050445 0.059406
29 0.667656 0.242079 0.053412 0.062376
10 0.258531 0.246535 0.052671 0.061386
12 0.843472 0.241584 0.053412 0.063366
5 0.452151 0.112871 0.051187 0.057426
35 0.579006 0.311386 0.054154 0.064356
19 0.373516 0.245050 0.052671 0.062376
58 0.283383 0.313861 0.053412 0.063366
48 0.793769 0.110396 0.051929 0.058416
51 0.477374 0.176238 0.051187 0.061386
45 0.180267 0.247030 0.096439 0.064356
24 0.491098 0.243069 0.053412 0.062376
16 0.400223 0.312376 0.054154 0.064356
15 0.520030 0.310891 0.054896 0.063366
2 0.282270 0.116337 0.051187 0.058416
13 0.331231 0.384158 0.070475 0.067327
34 0.817878 0.308416 0.054154 0.062376
54 0.824555 0.174752 0.052671 0.058416
