37 0.595020 0.352710 0.039318 0.049825
54 0.622870 0.295892 0.038663 0.048077
3 0.265400 0.247815 0.038008 0.046329
57 0.265400 0.403409 0.039318 0.049825
7 0.430865 0.243881 0.037353 0.045455
39 0.660878 0.296329 0.029489 0.048951
13 0.256225 0.459353 0.052425 0.053322
33 0.483945 0.404283 0.039974 0.051573
36 0.537680 0.295892 0.038663 0.048077
25 0.418414 0.348339 0.038663 0.049825
2 0.222805 0.245629 0.038008 0.045455
23 0.332241 0.348339 0.038008 0.049825
34 0.617628 0.406469 0.039974 0.050699
14 0.534404 0.460664 0.054391 0.054196
56 0.240826 0.296329 0.038663 0.048951
20 0.692988 0.245192 0.059633 0.048077
51 0.366972 0.295017 0.038008 0.048077
10 0.205111 0.349650 0.038008 0.048951
35 0.440039 0.404283 0.039974 0.051573
6 0.388925 0.244755 0.037353 0.045455
0 0.557012 0.244318 0.038008 0.046329
8 0.472477 0.243881 0.036697 0.045455
42 0.324377 0.295892 0.038008 0.048077
21 0.282438 0.295892 0.038008 0.048077
50 0.629096 0.461976 0.041940 0.053322
5 0.346658 0.244318 0.038008 0.046329
26 0.673657 0.349213 0.030144 0.049825
32 0.179882 0.402535 0.039974 0.049825
9 0.514744 0.244318 0.038663 0.046329
48 0.598952 0.243881 0.038008 0.045455
28 0.461992 0.348776 0.039318 0.050699
59 0.409567 0.295455 0.038008 0.047203
31 0.549148 0.348776 0.039318 0.048951
58 0.222477 0.403409 0.038663 0.049825
43 0.247379 0.349213 0.038663 0.049825
49 0.122543 0.458479 0.040629 0.051573
11 0.640891 0.244755 0.036697 0.045455
30 0.505242 0.337413 0.824377 0.326923
45 0.148100 0.349650 0.072084 0.050699
17 0.141874 0.247378 0.037353 0.045455
19 0.289318 0.349213 0.038663 0.049825
1 0.182176 0.246066 0.038008 0.046329
52 0.147444 0.297203 0.060288 0.048951
4 0.305046 0.244318 0.037353 0.046329
22 0.704128 0.321241 0.049148 0.104021
44 0.132700 0.403409 0.051769 0.051573
27 0.496723 0.299388 0.038008 0.048077
24 0.374836 0.348339 0.039318 0.049825
55 0.351573 0.402972 0.039974 0.050699
16 0.307995 0.402972 0.039318 0.050699
53 0.452163 0.295892 0.038008 0.048077
40 0.572412 0.404283 0.039974 0.049825
38 0.581258 0.295455 0.038008 0.047203
15 0.395806 0.402972 0.040629 0.050699
18 0.528506 0.404283 0.039974 0.051573
46 0.667431 0.408217 0.053080 0.050699
41 0.199214 0.296766 0.039318 0.048077
47 0.395151 0.459790 0.217562 0.054196
12 0.637287 0.353147 0.039974 0.050699
29 0.505242 0.349213 0.039318 0.049825
