16 0.232916 0.517477 0.042141 0.056231
8 0.413440 0.330547 0.041002 0.053191
11 0.600797 0.325988 0.042141 0.053191
33 0.426538 0.517477 0.042141 0.056231
14 0.478929 0.581307 0.044419 0.056231
35 0.378702 0.516717 0.042141 0.054711
47 0.329727 0.581307 0.240319 0.059271
57 0.183941 0.517477 0.042141 0.056231
46 0.637813 0.514438 0.079727 0.059271
24 0.307517 0.454407 0.041002 0.054711
31 0.498861 0.452888 0.041002 0.054711
36 0.482916 0.390578 0.041002 0.054711
30 0.467540 0.433131 0.932802 0.413374
34 0.570615 0.515198 0.043280 0.054711
38 0.530752 0.389818 0.041002 0.053191
28 0.402620 0.453647 0.039863 0.056231
10 0.113895 0.454407 0.041002 0.054711
39 0.626424 0.388298 0.043280 0.056231
55 0.281891 0.517477 0.042141 0.056231
0 0.506264 0.329027 0.042141 0.053191
44 0.030752 0.517477 0.059226 0.059271
29 0.450456 0.452888 0.042141 0.054711
48 0.553531 0.327508 0.043280 0.053191
27 0.436788 0.391337 0.039863 0.053191
1 0.084282 0.332067 0.041002 0.053191
23 0.258542 0.454407 0.041002 0.054711
5 0.271640 0.330547 0.039863 0.053191
40 0.523349 0.515957 0.042141 0.056231
42 0.246583 0.392097 0.042141 0.054711
12 0.593394 0.451368 0.043280 0.054711
25 0.354784 0.454407 0.042141 0.054711
4 0.224374 0.330547 0.041002 0.053191
54 0.578588 0.389818 0.043280 0.053191
26 0.642369 0.450608 0.043280 0.056231
9 0.460137 0.330547 0.041002 0.053191
43 0.162301 0.454407 0.042141 0.054711
58 0.136105 0.518237 0.042141 0.054711
22 0.686788 0.417173 0.070615 0.120061
20 0.671982 0.323708 0.091116 0.054711
18 0.475513 0.517477 0.042141 0.056231
41 0.104214 0.392097 0.042141 0.054711
50 0.592825 0.579787 0.083144 0.059271
59 0.342255 0.392097 0.039863 0.054711
37 0.545558 0.452128 0.041002 0.056231
45 0.046128 0.453647 0.083144 0.056231
21 0.198747 0.392097 0.042141 0.054711
19 0.210137 0.454407 0.042141 0.054711
3 0.177677 0.332067 0.041002 0.053191
17 0.035877 0.331307 0.042141 0.051672
53 0.388952 0.392097 0.039863 0.054711
49 0.028474 0.582827 0.054670 0.059271
13 0.179954 0.583587 0.043280 0.057751
52 0.042711 0.391337 0.067198 0.056231
56 0.150342 0.390578 0.041002 0.054711
7 0.366173 0.331307 0.039863 0.051672
32 0.087699 0.518997 0.043280 0.059271
15 0.330866 0.517477 0.042141 0.056231
51 0.294989 0.392097 0.041002 0.054711
2 0.131549 0.331307 0.042141 0.051672
6 0.318907 0.330547 0.041002 0.053191
