6 0.446050 0.135965 0.042389 0.078947
21 0.326108 0.226316 0.043353 0.080702
51 0.422929 0.223684 0.042389 0.082456
49 0.167630 0.501754 0.053950 0.087719
42 0.374277 0.225439 0.043353 0.082456
23 0.384875 0.315789 0.043353 0.080702
11 0.734586 0.133333 0.041426 0.080702
20 0.796724 0.133333 0.071291 0.080702
45 0.177264 0.319298 0.073218 0.080702
59 0.471580 0.223684 0.043353 0.082456
35 0.505780 0.404386 0.044316 0.082456
40 0.650289 0.402632 0.042389 0.078947
28 0.530347 0.313158 0.041426 0.082456
25 0.482177 0.314912 0.043353 0.082456
32 0.216281 0.407895 0.043353 0.082456
46 0.779383 0.402632 0.107900 0.082456
44 0.165703 0.409649 0.048170 0.082456
55 0.408960 0.405263 0.043353 0.080702
0 0.639210 0.133333 0.043353 0.080702
10 0.240848 0.317544 0.042389 0.080702
30 0.565992 0.289474 0.869942 0.547368
43 0.288536 0.317544 0.043353 0.080702
7 0.494701 0.134211 0.041426 0.078947
38 0.663776 0.222807 0.042389 0.080702
29 0.578516 0.313158 0.043353 0.082456
4 0.349711 0.135965 0.042389 0.078947
34 0.697977 0.402632 0.043353 0.078947
48 0.686898 0.134211 0.042389 0.078947
36 0.615607 0.222807 0.042389 0.080702
47 0.446532 0.499123 0.218690 0.089474
3 0.302023 0.137719 0.043353 0.082456
56 0.277938 0.226316 0.043353 0.084211
14 0.583333 0.497368 0.045279 0.085965
57 0.312620 0.406140 0.043353 0.082456
58 0.264451 0.407018 0.043353 0.080702
27 0.567919 0.222807 0.041426 0.080702
5 0.397399 0.134211 0.041426 0.078947
15 0.457611 0.405263 0.044316 0.080702
13 0.309249 0.500000 0.044316 0.087719
1 0.206647 0.141228 0.041426 0.078947
22 0.804913 0.265789 0.054913 0.173684
18 0.601638 0.403509 0.043353 0.080702
12 0.722543 0.312281 0.042389 0.080702
16 0.360790 0.406140 0.043353 0.082456
41 0.229769 0.228947 0.043353 0.082456
53 0.519750 0.223684 0.043353 0.082456
39 0.754817 0.222807 0.033719 0.080702
17 0.160886 0.141228 0.036609 0.078947
19 0.336705 0.316667 0.043353 0.082456
2 0.254335 0.139474 0.042389 0.078947
54 0.711464 0.223684 0.043353 0.082456
37 0.674374 0.313158 0.042389 0.082456
50 0.671002 0.497368 0.045279 0.089474
26 0.765414 0.312281 0.033719 0.080702
52 0.171484 0.229825 0.059730 0.080702
33 0.553950 0.404386 0.044316 0.082456
9 0.591522 0.134211 0.042389 0.078947
31 0.626204 0.313158 0.042389 0.082456
24 0.434008 0.314912 0.043353 0.082456
8 0.542871 0.135088 0.041426 0.080702
