9 0.508713 0.309237 0.041555 0.056225
46 0.696381 0.493976 0.121984 0.064257
0 0.551609 0.310241 0.041555 0.058233
7 0.420912 0.308233 0.040214 0.058233
20 0.704424 0.311245 0.081769 0.056225
6 0.378016 0.309237 0.040214 0.056225
59 0.398794 0.367470 0.041555 0.060241
14 0.510054 0.556225 0.044236 0.064257
54 0.617962 0.369478 0.042895 0.060241
28 0.452413 0.429719 0.041555 0.060241
23 0.319035 0.428715 0.040214 0.062249
31 0.542895 0.429719 0.040214 0.060241
53 0.441689 0.368474 0.041555 0.062249
13 0.245979 0.554217 0.044236 0.064257
8 0.464477 0.309237 0.038874 0.056225
4 0.290885 0.308233 0.040214 0.058233
10 0.186997 0.427711 0.041555 0.060241
45 0.132708 0.427711 0.064343 0.060241
55 0.339142 0.490964 0.042895 0.062249
26 0.676273 0.430723 0.041555 0.062249
51 0.354558 0.367470 0.041555 0.060241
36 0.530161 0.369478 0.041555 0.060241
38 0.574397 0.369478 0.041555 0.060241
50 0.600536 0.557229 0.045576 0.066265
57 0.249330 0.490964 0.040214 0.062249
16 0.293566 0.490964 0.042895 0.062249
33 0.474531 0.491968 0.042895 0.064257
5 0.333780 0.309237 0.040214 0.056225
12 0.632038 0.430723 0.041555 0.062249
35 0.428954 0.490964 0.042895 0.062249
52 0.131367 0.367470 0.053619 0.060241
56 0.222520 0.367470 0.040214 0.060241
32 0.160858 0.488956 0.042895 0.062249
48 0.599196 0.311245 0.040214 0.056225
11 0.641421 0.314257 0.038874 0.058233
3 0.247989 0.308233 0.040214 0.058233
30 0.493298 0.423695 0.828418 0.409639
15 0.384048 0.490964 0.044236 0.062249
21 0.266086 0.367470 0.041555 0.060241
24 0.363941 0.429719 0.041555 0.060241
39 0.662869 0.369478 0.041555 0.060241
22 0.719169 0.401606 0.068365 0.120482
1 0.162869 0.310241 0.038874 0.054217
2 0.206434 0.309237 0.040214 0.056225
29 0.497989 0.429719 0.041555 0.060241
34 0.611260 0.491968 0.042895 0.060241
40 0.565684 0.491968 0.042895 0.060241
49 0.111930 0.552209 0.044236 0.064257
18 0.520107 0.490964 0.042895 0.062249
47 0.378686 0.555221 0.213137 0.066265
58 0.204424 0.489960 0.041555 0.060241
42 0.310322 0.367470 0.041555 0.060241
43 0.229893 0.428715 0.041555 0.062249
37 0.587131 0.429719 0.042895 0.060241
44 0.115952 0.489960 0.044236 0.060241
17 0.126005 0.310241 0.029491 0.054217
27 0.486595 0.367470 0.040214 0.060241
19 0.274799 0.428715 0.042895 0.062249
41 0.180295 0.367470 0.041555 0.060241
25 0.408177 0.428715 0.041555 0.062249
