46 0.516266 0.582569 0.094767 0.105505
30 0.430693 0.411697 0.859972 0.818807
58 0.114215 0.577982 0.031825 0.105505
35 0.299151 0.581422 0.031117 0.103211
17 0.031471 0.228211 0.030410 0.103211
6 0.253536 0.228211 0.031825 0.107798
0 0.400990 0.227064 0.031117 0.110092
34 0.445545 0.581422 0.029703 0.103211
26 0.541018 0.349771 0.049505 0.103211
49 0.035361 0.707569 0.041018 0.112385
10 0.096888 0.462156 0.031117 0.103211
13 0.169378 0.707569 0.038897 0.112385
59 0.272277 0.345183 0.032532 0.103211
40 0.409123 0.583716 0.030410 0.103211
33 0.335926 0.582569 0.031117 0.105505
29 0.355021 0.464450 0.029703 0.098624
12 0.464993 0.465596 0.030410 0.105505
21 0.161598 0.345183 0.030410 0.107798
41 0.088402 0.348624 0.032532 0.105505
39 0.492928 0.347477 0.031117 0.107798
57 0.152051 0.580275 0.031117 0.100917
1 0.068953 0.228211 0.031825 0.107798
25 0.281471 0.464450 0.031117 0.103211
32 0.077793 0.582569 0.031117 0.114679
31 0.391796 0.464450 0.031117 0.103211
37 0.428571 0.465596 0.031117 0.105505
23 0.208628 0.463303 0.031117 0.096330
2 0.106082 0.227064 0.031117 0.105505
36 0.381895 0.346330 0.031117 0.105505
14 0.410184 0.707569 0.039604 0.112385
24 0.244696 0.463303 0.031117 0.100917
53 0.309052 0.346330 0.031117 0.105505
56 0.125177 0.344037 0.032532 0.105505
43 0.133663 0.459862 0.031117 0.107798
27 0.345827 0.346330 0.031117 0.100917
55 0.225955 0.580275 0.030410 0.100917
28 0.318600 0.463303 0.030410 0.105505
45 0.046322 0.465596 0.058699 0.100917
52 0.041018 0.345183 0.048091 0.103211
54 0.456153 0.347477 0.031117 0.103211
42 0.198373 0.342890 0.031825 0.107798
8 0.326733 0.229358 0.032532 0.110092
9 0.363508 0.229358 0.032532 0.110092
50 0.543847 0.707569 0.041018 0.112385
3 0.142504 0.227064 0.031825 0.110092
22 0.525813 0.465596 0.077086 0.105505
16 0.188472 0.581422 0.030410 0.103211
38 0.419024 0.345183 0.031825 0.103211
4 0.179279 0.224771 0.031825 0.110092
19 0.171146 0.463303 0.031117 0.100917
7 0.289958 0.227064 0.032532 0.105505
47 0.291018 0.709862 0.188826 0.121560
20 0.530057 0.229358 0.067185 0.110092
11 0.474894 0.229358 0.031825 0.105505
51 0.234795 0.344037 0.029703 0.100917
44 0.036421 0.587156 0.041726 0.100917
15 0.262023 0.579128 0.031825 0.103211
18 0.372348 0.583716 0.028996 0.103211
48 0.437412 0.228211 0.031825 0.103211
5 0.216054 0.227064 0.031825 0.105505
