51 0.378168 0.295455 0.046659 0.069930
57 0.258353 0.446678 0.048963 0.071678
17 0.105127 0.218969 0.046659 0.067308
39 0.742224 0.297640 0.048963 0.070804
40 0.623272 0.451049 0.049539 0.071678
52 0.111751 0.293706 0.066820 0.071678
56 0.223790 0.294143 0.046659 0.070804
44 0.098790 0.447115 0.054724 0.072552
32 0.155530 0.446678 0.048387 0.073427
8 0.516129 0.222028 0.047235 0.068182
9 0.567972 0.222902 0.048387 0.069930
34 0.675403 0.451486 0.048963 0.072552
27 0.534850 0.297203 0.047811 0.069930
28 0.493952 0.372815 0.047811 0.072552
0 0.619240 0.222465 0.048387 0.069056
18 0.570276 0.450612 0.048387 0.072552
26 0.754896 0.375000 0.047811 0.071678
37 0.650346 0.374126 0.048387 0.071678
24 0.389113 0.371066 0.047811 0.070804
13 0.268145 0.525350 0.050115 0.073427
11 0.722062 0.221591 0.047811 0.069056
58 0.206509 0.446678 0.047811 0.071678
45 0.115207 0.369755 0.080645 0.071678
3 0.257776 0.219843 0.048963 0.069056
7 0.464286 0.221591 0.047235 0.069056
53 0.482719 0.297203 0.048387 0.071678
59 0.430300 0.296329 0.047235 0.071678
25 0.441532 0.371941 0.047811 0.070804
47 0.426555 0.527098 0.259793 0.076923
10 0.183180 0.370192 0.048387 0.070804
12 0.702477 0.374563 0.050115 0.072552
49 0.101671 0.523164 0.072005 0.074301
33 0.518721 0.450612 0.048963 0.072552
23 0.338134 0.370629 0.047235 0.069930
35 0.465726 0.449301 0.048963 0.071678
38 0.638537 0.297203 0.048963 0.071678
36 0.586118 0.297203 0.048963 0.071678
19 0.285714 0.370629 0.048387 0.071678
55 0.362327 0.447990 0.049539 0.072552
20 0.794643 0.222465 0.086982 0.069056
30 0.486175 0.355332 0.858295 0.472902
6 0.412154 0.220717 0.047811 0.069056
21 0.275634 0.294580 0.047811 0.069930
50 0.699309 0.529720 0.072581 0.075175
31 0.598502 0.373689 0.048387 0.072552
41 0.172523 0.294580 0.048963 0.069930
4 0.309044 0.219406 0.046659 0.068182
1 0.156106 0.219406 0.046083 0.068182
15 0.413882 0.448864 0.048963 0.072552
5 0.360311 0.220280 0.047811 0.069930
54 0.690092 0.298077 0.049539 0.071678
14 0.584389 0.528846 0.050115 0.073427
48 0.669931 0.221591 0.047235 0.069056
22 0.804724 0.337850 0.067972 0.149476
46 0.772177 0.451923 0.137673 0.073427
42 0.326613 0.295455 0.047235 0.069930
29 0.546659 0.373252 0.048387 0.071678
43 0.234447 0.370192 0.048387 0.070804
16 0.310196 0.447552 0.048963 0.071678
2 0.207373 0.219406 0.048387 0.068182
