44 0.040698 0.729839 0.043605 0.104839
12 0.545058 0.602823 0.031977 0.108871
46 0.608285 0.725806 0.109012 0.104839
2 0.119913 0.362903 0.030523 0.104839
53 0.359738 0.481855 0.030523 0.100806
13 0.148983 0.846774 0.042151 0.104839
27 0.403343 0.481855 0.030523 0.100806
42 0.228924 0.483871 0.030523 0.104839
17 0.032703 0.362903 0.033430 0.104839
16 0.218750 0.725806 0.030523 0.104839
31 0.457849 0.602823 0.029070 0.100806
23 0.240552 0.602823 0.030523 0.100806
45 0.049419 0.606855 0.066860 0.100806
10 0.109738 0.602823 0.030523 0.100806
21 0.185320 0.481855 0.030523 0.100806
8 0.380814 0.360887 0.031977 0.108871
51 0.272529 0.479839 0.030523 0.104839
40 0.480378 0.725806 0.030523 0.104839
19 0.196948 0.604839 0.030523 0.104839
47 0.312500 0.848790 0.261628 0.108871
48 0.510901 0.356855 0.033430 0.108871
30 0.500000 0.544355 0.997093 0.895161
7 0.337209 0.360887 0.031977 0.108871
43 0.153343 0.604839 0.030523 0.104839
49 0.040698 0.846774 0.043605 0.104839
15 0.306686 0.723790 0.031977 0.100806
3 0.162791 0.360887 0.031977 0.108871
38 0.489826 0.479839 0.031977 0.104839
58 0.132267 0.723790 0.029070 0.100806
24 0.284157 0.602823 0.030523 0.100806
37 0.501453 0.602823 0.031977 0.100806
55 0.262355 0.723790 0.030523 0.100806
6 0.294331 0.358871 0.030523 0.104839
52 0.044331 0.485887 0.053779 0.108871
18 0.436773 0.725806 0.030523 0.104839
41 0.098837 0.483871 0.031977 0.104839
59 0.316134 0.479839 0.030523 0.104839
54 0.533430 0.481855 0.031977 0.108871
0 0.468023 0.360887 0.031977 0.108871
25 0.327762 0.604839 0.030523 0.104839
39 0.578488 0.481855 0.031977 0.108871
11 0.555233 0.358871 0.031977 0.104839
4 0.206395 0.360887 0.031977 0.108871
29 0.414244 0.600806 0.031977 0.104839
1 0.076308 0.362903 0.030523 0.104839
22 0.634448 0.544355 0.053779 0.233871
33 0.393169 0.725806 0.030523 0.104839
34 0.523256 0.725806 0.031977 0.104839
9 0.424419 0.360887 0.031977 0.108871
26 0.590116 0.604839 0.031977 0.104839
32 0.088663 0.725806 0.031977 0.104839
35 0.349564 0.723790 0.030523 0.100806
28 0.370640 0.602823 0.029070 0.100806
57 0.175872 0.723790 0.029070 0.100806
14 0.476017 0.846774 0.045058 0.104839
5 0.250000 0.360887 0.031977 0.108871
36 0.447674 0.479839 0.031977 0.104839
20 0.621366 0.360887 0.077035 0.108871
56 0.141715 0.483871 0.030523 0.104839
50 0.640262 0.850806 0.045058 0.104839
