1 0.158755 0.280063 0.051688 0.051688
37 0.690401 0.391350 0.051688 0.050633
13 0.283755 0.499473 0.052743 0.051688
8 0.551688 0.280591 0.052743 0.050633
12 0.747363 0.390823 0.051688 0.051688
15 0.436709 0.444620 0.052743 0.051688
24 0.408228 0.389241 0.050633 0.050633
5 0.381857 0.279536 0.050633 0.050633
21 0.283755 0.333861 0.052743 0.051688
41 0.169831 0.333333 0.052743 0.050633
43 0.237869 0.388186 0.051688 0.050633
55 0.380274 0.444093 0.051688 0.050633
25 0.464662 0.389768 0.051688 0.049578
59 0.453586 0.334388 0.050633 0.050633
52 0.105485 0.333333 0.067511 0.050633
2 0.212025 0.277954 0.052743 0.051688
17 0.103376 0.278481 0.050633 0.050633
57 0.266350 0.443565 0.051688 0.049578
40 0.663502 0.445148 0.052743 0.050633
28 0.521097 0.390295 0.050633 0.050633
48 0.720464 0.280591 0.052743 0.050633
42 0.340717 0.333333 0.050633 0.050633
9 0.608650 0.280591 0.052743 0.050633
39 0.792722 0.335970 0.051688 0.051688
53 0.510021 0.334388 0.051688 0.050633
19 0.294831 0.388713 0.051688 0.051688
36 0.627637 0.338080 0.050633 0.051688
45 0.110759 0.388713 0.080169 0.051688
14 0.647679 0.505274 0.052743 0.050633
26 0.803797 0.391350 0.050633 0.050633
3 0.268460 0.277954 0.051688 0.051688
32 0.153481 0.443038 0.053797 0.052743
4 0.324895 0.277954 0.050633 0.051688
56 0.226266 0.333333 0.051688 0.050633
51 0.396624 0.333861 0.050633 0.049578
22 0.860759 0.364451 0.073840 0.106540
18 0.607068 0.445148 0.051688 0.050633
29 0.578059 0.390295 0.050633 0.050633
27 0.570675 0.337553 0.050633 0.050633
11 0.777954 0.280591 0.051688 0.050633
35 0.493143 0.445148 0.051688 0.050633
33 0.549578 0.445148 0.052743 0.050633
46 0.823312 0.446730 0.144515 0.051688
20 0.853903 0.281118 0.087553 0.051688
54 0.735232 0.335970 0.052743 0.051688
38 0.679852 0.334916 0.051688 0.051688
31 0.634494 0.390295 0.049578 0.050633
58 0.209388 0.443038 0.051688 0.050633
10 0.180907 0.388186 0.051688 0.050633
30 0.485232 0.374473 0.850211 0.335443
16 0.323312 0.444093 0.053797 0.050633
34 0.719409 0.446203 0.052743 0.050633
49 0.106540 0.500527 0.067511 0.049578
47 0.464135 0.500527 0.299578 0.053797
7 0.495781 0.280591 0.050633 0.050633
0 0.665084 0.280591 0.051688 0.050633
6 0.438291 0.279536 0.051688 0.050633
23 0.351266 0.389241 0.050633 0.050633
44 0.098101 0.443565 0.050633 0.051688
