17 0.196148 0.355513 0.042796 0.053232
53 0.543866 0.415399 0.043509 0.057034
26 0.797432 0.477662 0.045649 0.057985
36 0.639800 0.415875 0.044223 0.056084
1 0.244294 0.355513 0.044936 0.055133
37 0.699001 0.477186 0.044223 0.057034
58 0.282454 0.539924 0.047076 0.057034
51 0.448288 0.415399 0.043509 0.057034
33 0.577746 0.539924 0.045649 0.058935
7 0.531384 0.355038 0.042796 0.054183
6 0.486805 0.358840 0.042083 0.054183
27 0.592725 0.414924 0.042796 0.056084
40 0.676890 0.539924 0.045649 0.057034
39 0.786020 0.416350 0.045649 0.057034
12 0.747860 0.477186 0.044936 0.057034
47 0.504280 0.605038 0.261056 0.063688
10 0.261056 0.478137 0.045649 0.057034
25 0.504636 0.477186 0.043509 0.057034
56 0.302782 0.414924 0.044936 0.057985
19 0.359486 0.477186 0.044223 0.057034
9 0.626961 0.355513 0.042796 0.055133
31 0.652639 0.480989 0.042796 0.057034
34 0.725749 0.540399 0.044936 0.057985
45 0.201141 0.478612 0.068474 0.057985
42 0.400143 0.415875 0.044223 0.056084
4 0.388374 0.355038 0.042083 0.054183
32 0.233595 0.540875 0.049215 0.058935
2 0.292796 0.355989 0.046362 0.054183
35 0.528174 0.539924 0.044936 0.058935
46 0.817760 0.539924 0.129101 0.060837
16 0.382311 0.539449 0.045649 0.057985
29 0.602354 0.477186 0.043509 0.057034
3 0.340942 0.355513 0.044223 0.055133
5 0.435806 0.355513 0.042796 0.053232
30 0.524251 0.459125 0.744650 0.391635
13 0.345934 0.604563 0.047076 0.058935
49 0.189372 0.605038 0.060628 0.059886
28 0.553495 0.477186 0.042796 0.057034
8 0.578816 0.355038 0.042083 0.054183
43 0.310271 0.477662 0.045649 0.056084
14 0.661555 0.605038 0.046362 0.059886
52 0.199358 0.415875 0.057775 0.057985
23 0.408345 0.477662 0.043509 0.057985
59 0.496077 0.415399 0.043509 0.057034
11 0.771041 0.355513 0.042796 0.055133
18 0.627318 0.540399 0.044936 0.057985
57 0.332739 0.539449 0.044936 0.057985
55 0.431526 0.539449 0.044223 0.057985
21 0.351997 0.415399 0.044936 0.057034
44 0.186163 0.542300 0.044223 0.057985
41 0.253923 0.415875 0.047076 0.057985
24 0.456134 0.477662 0.043509 0.056084
54 0.736448 0.416350 0.044936 0.057034
0 0.675107 0.354563 0.043509 0.055133
15 0.480385 0.539924 0.044936 0.058935
38 0.691155 0.417776 0.048502 0.059886
48 0.722183 0.355038 0.043509 0.054183
22 0.846291 0.447243 0.066334 0.120722
20 0.837375 0.355038 0.077033 0.056084
