31 0.413194 0.470833 0.034722 0.049074
13 0.083333 0.597685 0.050000 0.071296
9 0.380903 0.351389 0.035417 0.050926
28 0.320139 0.468519 0.034722 0.050000
58 0.058333 0.525000 0.036111 0.051852
15 0.246875 0.527778 0.036806 0.051852
7 0.289931 0.348611 0.034028 0.049074
23 0.179861 0.465278 0.034722 0.050926
4 0.152431 0.345370 0.035417 0.050000
39 0.538889 0.414352 0.034722 0.050926
20 0.584375 0.354630 0.077083 0.048148
48 0.470486 0.353704 0.036806 0.050000
44 0.012500 0.524074 0.023611 0.053704
46 0.569097 0.534259 0.115972 0.051852
35 0.294444 0.529167 0.036111 0.050926
38 0.447917 0.411111 0.034722 0.050000
27 0.357292 0.409259 0.034028 0.048148
22 0.596875 0.446296 0.060417 0.111111
16 0.152431 0.525926 0.035417 0.051852
8 0.335417 0.350000 0.036111 0.051852
40 0.435069 0.532407 0.035417 0.050000
50 0.605208 0.598611 0.050694 0.052778
45 0.015625 0.459722 0.029861 0.045370
49 0.016319 0.593056 0.031250 0.065741
51 0.217708 0.405556 0.034028 0.050000
2 0.061111 0.344444 0.036111 0.050000
54 0.493403 0.412500 0.034028 0.050926
57 0.105556 0.525926 0.036111 0.051852
43 0.086111 0.464352 0.036111 0.050926
19 0.132986 0.464815 0.035417 0.050000
12 0.504861 0.472685 0.034722 0.050926
21 0.125694 0.405093 0.036111 0.050926
29 0.366667 0.469444 0.034722 0.050000
17 0.009375 0.342593 0.017361 0.050000
26 0.550347 0.474074 0.035417 0.051852
47 0.257292 0.602778 0.274306 0.077778
32 0.014931 0.524537 0.028472 0.054630
1 0.016667 0.343519 0.031944 0.050000
11 0.516319 0.354167 0.034028 0.049074
10 0.039236 0.462963 0.035417 0.051852
41 0.032639 0.402778 0.036111 0.050000
24 0.226389 0.465741 0.034722 0.050000
37 0.458681 0.471296 0.034028 0.050000
55 0.199306 0.527315 0.036111 0.050926
14 0.429514 0.601389 0.049306 0.067593
33 0.341667 0.531019 0.036111 0.052778
18 0.388889 0.532407 0.036111 0.051852
53 0.310417 0.407407 0.034722 0.050000
34 0.481944 0.533333 0.034722 0.051852
52 0.014931 0.401852 0.028472 0.050000
25 0.272917 0.467593 0.034722 0.050000
5 0.197917 0.346759 0.036111 0.050926
3 0.106597 0.344444 0.036806 0.051852
30 0.500694 0.448148 1.000000 0.498148
59 0.264236 0.406481 0.034028 0.050000
0 0.426042 0.352778 0.035417 0.050000
6 0.244097 0.347685 0.035417 0.050926
42 0.171181 0.404630 0.035417 0.050000
36 0.402083 0.410185 0.034722 0.050000
56 0.079514 0.403241 0.035417 0.050926
