25 0.479381 0.427495 0.057437 0.071563
54 0.789396 0.342750 0.055965 0.075330
35 0.508100 0.507533 0.058910 0.073446
5 0.377025 0.260829 0.058910 0.073446
40 0.705449 0.506591 0.058910 0.071563
59 0.462445 0.342750 0.058910 0.075330
36 0.662739 0.348399 0.058910 0.075330
19 0.276878 0.426554 0.058910 0.073446
31 0.676730 0.426554 0.057437 0.073446
6 0.443299 0.260829 0.058910 0.073446
29 0.611193 0.430320 0.058910 0.073446
26 0.868925 0.424670 0.058910 0.073446
4 0.312224 0.260829 0.058910 0.073446
39 0.855670 0.342750 0.058910 0.075330
34 0.771723 0.505650 0.058910 0.073446
37 0.737850 0.424670 0.058910 0.073446
44 0.050074 0.508475 0.053019 0.075330
57 0.245950 0.507533 0.058910 0.073446
28 0.540501 0.425612 0.055965 0.071563
17 0.055965 0.263653 0.053019 0.075330
56 0.197349 0.342750 0.058910 0.075330
53 0.527246 0.343691 0.058910 0.073446
48 0.777614 0.264595 0.058910 0.073446
20 0.924890 0.260829 0.097202 0.073446
42 0.329897 0.343691 0.058910 0.073446
1 0.120766 0.262712 0.058910 0.073446
30 0.500000 0.398305 0.979381 0.506591
8 0.575847 0.260829 0.058910 0.073446
24 0.409426 0.425612 0.058910 0.071563
7 0.510309 0.262712 0.057437 0.073446
10 0.145803 0.426554 0.058910 0.073446
41 0.131811 0.344633 0.060383 0.075330
21 0.263623 0.344633 0.058910 0.075330
22 0.933726 0.385122 0.079529 0.160075
49 0.058910 0.590395 0.076583 0.077213
45 0.066274 0.425612 0.088365 0.075330
58 0.179676 0.507533 0.058910 0.073446
47 0.473490 0.590395 0.343152 0.077213
13 0.265832 0.590395 0.060383 0.073446
16 0.310751 0.507533 0.058910 0.073446
12 0.802651 0.424670 0.058910 0.073446
0 0.706922 0.261770 0.058910 0.075330
14 0.681149 0.590395 0.060383 0.073446
46 0.890280 0.505650 0.163476 0.077213
51 0.396171 0.343691 0.058910 0.073446
38 0.724595 0.341808 0.058910 0.073446
23 0.343152 0.425612 0.058910 0.071563
33 0.573638 0.506591 0.060383 0.075330
52 0.059647 0.343691 0.072165 0.077213
2 0.180412 0.261770 0.060383 0.075330
43 0.211340 0.426554 0.057437 0.073446
18 0.639175 0.506591 0.058910 0.075330
15 0.442563 0.506591 0.060383 0.075330
55 0.377025 0.507533 0.058910 0.073446
27 0.593520 0.341808 0.058910 0.073446
11 0.841679 0.262712 0.057437 0.073446
9 0.642121 0.261770 0.058910 0.075330
3 0.245950 0.261770 0.058910 0.075330
32 0.114138 0.508475 0.060383 0.075330
