33 0.580701 0.539167 0.058587 0.085000
3 0.274268 0.279583 0.054566 0.079167
45 0.101379 0.455000 0.085583 0.080000
31 0.671166 0.451250 0.055715 0.080833
49 0.101953 0.629583 0.090178 0.085833
12 0.793509 0.452500 0.055715 0.080000
25 0.486215 0.451250 0.058013 0.080833
7 0.513785 0.280833 0.053418 0.078333
1 0.155945 0.280833 0.053418 0.078333
26 0.853820 0.451667 0.054566 0.081667
9 0.631534 0.281250 0.052269 0.079167
51 0.412119 0.363750 0.058013 0.080833
21 0.288340 0.364167 0.058587 0.081667
46 0.872487 0.538750 0.149339 0.084167
47 0.454624 0.631250 0.361287 0.082500
35 0.518093 0.539167 0.057438 0.081667
52 0.095635 0.365417 0.071798 0.084167
58 0.206778 0.538750 0.058587 0.082500
56 0.225732 0.363333 0.058587 0.080000
42 0.353532 0.365417 0.058013 0.080833
13 0.240666 0.625833 0.059736 0.080000
40 0.705055 0.537500 0.058013 0.081667
2 0.215106 0.280000 0.056864 0.080000
36 0.657668 0.365833 0.056289 0.080000
34 0.765939 0.539167 0.055715 0.083333
44 0.088742 0.540000 0.067203 0.080000
37 0.732625 0.452083 0.055715 0.082500
59 0.473866 0.365000 0.057438 0.080000
22 0.909535 0.413333 0.068352 0.161667
27 0.597645 0.365000 0.054566 0.078333
8 0.572372 0.280417 0.052269 0.079167
10 0.176048 0.450000 0.056864 0.080000
11 0.798966 0.280417 0.047099 0.077500
57 0.269098 0.538750 0.058013 0.082500
29 0.610569 0.451250 0.055141 0.080833
28 0.548823 0.450833 0.056864 0.081667
5 0.393452 0.278750 0.053992 0.077500
0 0.690408 0.281250 0.053992 0.079167
55 0.394026 0.539167 0.058587 0.081667
43 0.238082 0.450833 0.055715 0.081667
17 0.094199 0.280000 0.058587 0.078333
19 0.300402 0.452917 0.057438 0.080833
6 0.453188 0.279583 0.055141 0.077500
41 0.163125 0.364583 0.062033 0.082500
18 0.643596 0.538750 0.056864 0.082500
14 0.665997 0.627500 0.061459 0.083333
24 0.424182 0.450417 0.056864 0.080833
32 0.149052 0.539167 0.046525 0.083333
15 0.456347 0.538750 0.059161 0.082500
16 0.331706 0.538750 0.059161 0.082500
53 0.536186 0.365833 0.056864 0.080000
4 0.334865 0.281250 0.053992 0.077500
30 0.498277 0.415833 0.909248 0.540000
20 0.884262 0.282500 0.109707 0.080000
39 0.840896 0.367083 0.055141 0.080833
38 0.718840 0.365417 0.055715 0.079167
48 0.745836 0.281250 0.047674 0.079167
54 0.778863 0.366667 0.056289 0.080000
23 0.363010 0.450417 0.057438 0.080833
