1 0.081130 0.330303 0.037260 0.103030
36 0.456130 0.440909 0.039663 0.100000
17 0.034856 0.330303 0.038462 0.109091
14 0.459135 0.795455 0.048077 0.124242
7 0.347356 0.327273 0.038462 0.103030
22 0.647837 0.503030 0.060096 0.218182
55 0.264423 0.665152 0.038462 0.100000
27 0.411659 0.440909 0.037260 0.100000
11 0.571514 0.327273 0.037260 0.096970
0 0.481370 0.328788 0.039663 0.100000
48 0.525841 0.327273 0.039663 0.103030
39 0.591346 0.440909 0.040865 0.100000
52 0.046875 0.445455 0.055288 0.109091
24 0.287861 0.554545 0.039663 0.103030
34 0.530048 0.666667 0.038462 0.096970
25 0.331731 0.554545 0.038462 0.103030
8 0.391827 0.327273 0.038462 0.103030
23 0.242788 0.557576 0.038462 0.103030
18 0.441707 0.668182 0.039663 0.100000
29 0.421274 0.556061 0.039663 0.100000
51 0.278245 0.440909 0.037260 0.100000
56 0.144832 0.442424 0.037260 0.109091
16 0.220553 0.665152 0.039663 0.100000
53 0.366587 0.440909 0.038462 0.100000
45 0.049279 0.553030 0.060096 0.087879
50 0.644832 0.800000 0.070913 0.127273
5 0.257212 0.327273 0.038462 0.103030
58 0.131611 0.666667 0.037260 0.103030
15 0.308293 0.665152 0.039663 0.100000
49 0.048678 0.793939 0.058894 0.127273
38 0.500601 0.440909 0.039663 0.100000
30 0.501202 0.518182 1.000000 0.945455
31 0.465745 0.556061 0.039663 0.100000
3 0.168870 0.328788 0.037260 0.106061
12 0.555288 0.556061 0.040865 0.100000
44 0.041466 0.666667 0.042067 0.096970
32 0.088341 0.666667 0.039663 0.103030
20 0.638822 0.327273 0.080529 0.109091
4 0.213341 0.328788 0.037260 0.106061
33 0.397236 0.666667 0.039663 0.103030
40 0.486178 0.666667 0.039663 0.096970
42 0.233173 0.442424 0.038462 0.103030
9 0.437500 0.327273 0.038462 0.103030
35 0.352764 0.665152 0.039663 0.100000
10 0.111178 0.557576 0.039663 0.109091
2 0.125000 0.330303 0.038462 0.103030
54 0.545673 0.442424 0.040865 0.103030
13 0.161058 0.790909 0.045673 0.121212
47 0.311298 0.795455 0.235577 0.136364
21 0.188702 0.443939 0.038462 0.106061
26 0.599159 0.557576 0.039663 0.103030
6 0.302885 0.327273 0.038462 0.103030
19 0.198918 0.556061 0.039663 0.106061
41 0.100962 0.443939 0.040865 0.106061
59 0.322716 0.440909 0.039663 0.100000
46 0.617188 0.669697 0.118990 0.096970
37 0.510216 0.556061 0.039663 0.100000
43 0.153846 0.557576 0.038462 0.103030
28 0.375601 0.556061 0.037260 0.106061
57 0.176082 0.665152 0.037260 0.100000
