46 0.821362 0.679707 0.116604 0.053790
37 0.714552 0.620416 0.039179 0.050122
10 0.324627 0.605746 0.037313 0.050122
6 0.521455 0.503667 0.039179 0.048900
48 0.740205 0.509780 0.040112 0.048900
52 0.268657 0.549511 0.050373 0.050122
28 0.582090 0.615526 0.037313 0.050122
35 0.559235 0.669927 0.038246 0.051345
38 0.706157 0.564792 0.039179 0.048900
27 0.618937 0.561736 0.038246 0.050122
21 0.403451 0.554401 0.038246 0.050122
14 0.676772 0.732274 0.041978 0.056235
25 0.538713 0.614303 0.038246 0.050122
34 0.736007 0.676039 0.039179 0.051345
36 0.665578 0.567848 0.040112 0.050122
57 0.387127 0.663203 0.037313 0.050122
30 0.561567 0.600856 0.662313 0.350856
58 0.343750 0.660758 0.038246 0.050122
56 0.360075 0.552567 0.037313 0.051345
32 0.301772 0.659535 0.038246 0.050122
1 0.307836 0.496944 0.039179 0.050122
59 0.535448 0.564792 0.037313 0.048900
9 0.651586 0.507335 0.038246 0.048900
13 0.398321 0.718826 0.039179 0.051345
55 0.473414 0.666259 0.038246 0.048900
43 0.367537 0.607579 0.037313 0.048900
33 0.602612 0.671760 0.039179 0.050122
26 0.804571 0.623472 0.040112 0.051345
22 0.852146 0.595966 0.056903 0.108802
7 0.564366 0.504890 0.037313 0.048900
19 0.409981 0.610024 0.038246 0.048900
12 0.758862 0.621638 0.038246 0.050122
41 0.317164 0.551345 0.039179 0.048900
29 0.625466 0.617359 0.038246 0.048900
0 0.695429 0.509169 0.040112 0.050122
45 0.270989 0.604523 0.060634 0.050122
2 0.350746 0.498778 0.039179 0.048900
39 0.796642 0.566626 0.041045 0.050122
3 0.393190 0.500000 0.038246 0.048900
15 0.515858 0.668093 0.039179 0.050122
24 0.495802 0.612469 0.036381 0.048900
47 0.538246 0.724939 0.229478 0.056235
31 0.670243 0.618582 0.038246 0.048900
5 0.477612 0.503056 0.037313 0.047677
8 0.607743 0.507335 0.038246 0.048900
11 0.785448 0.510391 0.039179 0.050122
4 0.435634 0.501222 0.037313 0.048900
20 0.847948 0.511614 0.070896 0.052567
23 0.453358 0.611247 0.037313 0.048900
44 0.260261 0.658924 0.041045 0.048900
51 0.488806 0.557457 0.037313 0.048900
40 0.691698 0.674817 0.040112 0.048900
16 0.429571 0.664425 0.038246 0.050122
54 0.750466 0.565403 0.040112 0.050122
49 0.262127 0.712714 0.054104 0.051345
53 0.577892 0.564792 0.038246 0.048900
17 0.263993 0.494499 0.039179 0.047677
42 0.445896 0.556235 0.037313 0.048900
18 0.646922 0.672983 0.038246 0.050122
