8 0.619693 0.021973 0.063690 0.041992
27 0.640556 0.083496 0.065886 0.083008
51 0.424963 0.084473 0.065154 0.083008
13 0.275622 0.365234 0.071010 0.089844
6 0.476940 0.021973 0.063690 0.041992
55 0.403001 0.270020 0.068082 0.086914
18 0.693631 0.267578 0.066618 0.085938
42 0.351025 0.083496 0.066618 0.084961
32 0.103953 0.270508 0.070278 0.087891
30 0.500732 0.216309 1.000000 0.430664
35 0.548682 0.270996 0.065154 0.086914
29 0.655930 0.175293 0.065886 0.084961
4 0.331991 0.021484 0.063690 0.041016
40 0.767936 0.266602 0.067350 0.083984
15 0.476208 0.270020 0.068082 0.086914
24 0.439239 0.176270 0.065886 0.084961
39 0.926794 0.082031 0.065886 0.083984
2 0.187042 0.021484 0.066618 0.041016
26 0.945095 0.172363 0.064422 0.086914
45 0.051611 0.176270 0.101757 0.088867
21 0.277818 0.082520 0.068082 0.084961
47 0.510981 0.365234 0.390922 0.089844
22 0.983529 0.129395 0.034407 0.178711
33 0.620425 0.269043 0.066618 0.088867
41 0.128843 0.082031 0.070278 0.085938
0 0.762445 0.021484 0.065154 0.041016
11 0.904466 0.020996 0.063690 0.040039
36 0.711933 0.083008 0.066618 0.085938
52 0.046120 0.083008 0.086384 0.085938
28 0.583821 0.175781 0.065154 0.085938
19 0.291362 0.175781 0.067350 0.085938
54 0.855417 0.083008 0.066618 0.085938
58 0.178258 0.270020 0.069546 0.086914
44 0.032211 0.271484 0.062958 0.087891
59 0.496706 0.084473 0.065154 0.084961
31 0.728404 0.174805 0.065886 0.085938
48 0.833089 0.021484 0.064422 0.041016
12 0.872621 0.173340 0.065886 0.084961
9 0.691069 0.021973 0.064422 0.041992
57 0.254392 0.270020 0.068082 0.086914
14 0.745242 0.361816 0.068814 0.086914
38 0.784041 0.082031 0.065886 0.083984
23 0.365300 0.176270 0.065886 0.084961
53 0.568448 0.084961 0.065154 0.085938
56 0.203514 0.082031 0.067350 0.085938
16 0.329063 0.270508 0.069546 0.087891
3 0.259517 0.021484 0.066618 0.041016
49 0.042460 0.367188 0.083455 0.091797
5 0.404466 0.021484 0.065154 0.041016
20 0.971816 0.021973 0.057833 0.041992
46 0.939971 0.266113 0.121523 0.086914
7 0.549048 0.021973 0.064422 0.041992
34 0.840044 0.265625 0.066618 0.083984
43 0.217057 0.175781 0.068082 0.085938
25 0.510981 0.176758 0.065886 0.085938
10 0.142387 0.175293 0.068082 0.086914
17 0.038799 0.021484 0.067350 0.041016
37 0.800512 0.174316 0.066618 0.084961
1 0.113836 0.021484 0.066618 0.041016
