31 0.661667 0.634375 0.046667 0.033750
32 0.215417 0.673750 0.050833 0.036250
17 0.189583 0.568750 0.047500 0.030000
12 0.766250 0.633750 0.049167 0.033750
5 0.435000 0.566562 0.043333 0.029375
4 0.386250 0.566250 0.042500 0.030000
8 0.580833 0.565625 0.043333 0.030000
34 0.747083 0.670937 0.050833 0.034375
42 0.396667 0.600000 0.045000 0.031250
35 0.533750 0.672500 0.047500 0.035000
47 0.507917 0.712812 0.287500 0.039375
56 0.295417 0.600625 0.047500 0.033750
15 0.481250 0.672813 0.047500 0.035625
26 0.818750 0.633437 0.050833 0.034375
1 0.239167 0.567500 0.046667 0.031250
7 0.532083 0.565625 0.042500 0.030000
3 0.337083 0.566562 0.044167 0.030625
52 0.187917 0.601562 0.060833 0.033125
38 0.697500 0.599063 0.046667 0.031875
44 0.163333 0.675000 0.050000 0.036250
43 0.300833 0.636563 0.046667 0.034375
18 0.640833 0.670937 0.048333 0.035625
53 0.546667 0.599375 0.045000 0.032500
36 0.646667 0.599063 0.046667 0.031875
28 0.560000 0.635000 0.048333 0.033750
49 0.160417 0.714375 0.072500 0.037500
23 0.404583 0.635625 0.045833 0.033750
10 0.248750 0.636563 0.047500 0.034375
11 0.780417 0.568125 0.045833 0.030000
59 0.496250 0.599375 0.044167 0.032500
40 0.694583 0.671250 0.050833 0.035000
16 0.375417 0.672813 0.049167 0.035625
48 0.727917 0.565312 0.045833 0.029375
27 0.596667 0.599063 0.045000 0.031875
33 0.586250 0.671562 0.047500 0.035625
30 0.529583 0.631250 0.817500 0.225000
51 0.446667 0.599688 0.043333 0.031875
25 0.506667 0.635000 0.045000 0.032500
45 0.185000 0.637500 0.075000 0.035000
54 0.747917 0.598437 0.047500 0.031875
55 0.428333 0.672813 0.046667 0.035625
46 0.847083 0.670312 0.139167 0.036875
22 0.866250 0.615625 0.080833 0.070000
0 0.678333 0.565312 0.045000 0.029375
41 0.245000 0.601250 0.048333 0.032500
19 0.352500 0.636250 0.046667 0.033750
6 0.485833 0.569063 0.041667 0.029375
29 0.610000 0.634687 0.046667 0.033125
24 0.455833 0.635312 0.045000 0.033125
58 0.268750 0.674063 0.049167 0.034375
2 0.288750 0.567187 0.045833 0.030625
9 0.629167 0.565312 0.043333 0.029375
21 0.346250 0.600625 0.045833 0.032500
37 0.713750 0.634375 0.049167 0.033750
57 0.322083 0.673438 0.049167 0.034375
39 0.799583 0.598437 0.049167 0.031875
13 0.334167 0.712812 0.051667 0.038125
14 0.681250 0.711250 0.052500 0.037500
20 0.845000 0.565000 0.080000 0.031250
