6 0.766848 0.311930 0.057609 0.035854
48 0.765761 0.520535 0.057609 0.035854
45 0.629348 0.072686 0.060870 0.082790
36 0.699457 0.454694 0.059783 0.037158
21 0.696196 0.202412 0.057609 0.035854
56 0.696196 0.160691 0.057609 0.035854
51 0.698370 0.288136 0.057609 0.037810
20 0.767935 0.623533 0.061957 0.082790
52 0.694565 0.066493 0.060870 0.062581
23 0.629891 0.262386 0.059783 0.038462
4 0.765761 0.228488 0.057609 0.035854
42 0.698913 0.243481 0.058696 0.038462
53 0.698913 0.370926 0.058696 0.037810
5 0.765761 0.269557 0.057609 0.035854
29 0.632065 0.434485 0.059783 0.037158
46 0.567391 0.616362 0.065217 0.103651
54 0.699457 0.541721 0.061957 0.036506
38 0.699457 0.497066 0.059783 0.037158
39 0.700543 0.580834 0.061957 0.036506
31 0.632065 0.477510 0.061957 0.037158
9 0.766848 0.437744 0.057609 0.035854
11 0.765761 0.560300 0.057609 0.035854
18 0.563043 0.453064 0.060870 0.037810
7 0.766848 0.353651 0.057609 0.035854
35 0.562500 0.366688 0.061957 0.038462
58 0.560326 0.153194 0.061957 0.039113
43 0.630435 0.179922 0.060870 0.037810
59 0.698370 0.328553 0.057609 0.037810
34 0.564130 0.540743 0.060870 0.037158
28 0.632065 0.392112 0.059783 0.037158
44 0.560326 0.057366 0.061957 0.062581
37 0.633152 0.517275 0.061957 0.037158
33 0.561413 0.411017 0.061957 0.038462
8 0.766848 0.395372 0.057609 0.035854
15 0.562500 0.325293 0.061957 0.039113
30 0.650000 0.500652 0.482609 1.000000
14 0.492391 0.494459 0.063043 0.038462
26 0.632609 0.602021 0.060870 0.037158
49 0.489130 0.053129 0.065217 0.063233
55 0.563587 0.281617 0.061957 0.039113
24 0.632065 0.306714 0.059783 0.037158
0 0.766848 0.478814 0.057609 0.035854
16 0.562500 0.237940 0.061957 0.039113
2 0.763587 0.145046 0.057609 0.035854
27 0.699457 0.414928 0.059783 0.037158
25 0.632065 0.349739 0.059783 0.037158
3 0.763587 0.185463 0.057609 0.035854
50 0.496739 0.636245 0.063043 0.061278
13 0.492391 0.192308 0.065217 0.039113
47 0.490761 0.344850 0.072826 0.258149
40 0.563587 0.495763 0.061957 0.037158
12 0.633152 0.559648 0.059783 0.037158
19 0.630435 0.222295 0.060870 0.037810
32 0.559239 0.108214 0.061957 0.039113
17 0.763043 0.060300 0.060870 0.039765
22 0.667391 0.632986 0.128261 0.061278
1 0.762500 0.101043 0.057609 0.036506
41 0.695652 0.117014 0.060870 0.039765
57 0.561413 0.196219 0.061957 0.039113
10 0.630435 0.136897 0.060870 0.037810
