31 0.453125 0.502917 0.031250 0.044167
13 0.156250 0.617083 0.045000 0.064167
9 0.424063 0.395417 0.031875 0.045833
28 0.369375 0.500833 0.031250 0.045000
58 0.133750 0.551667 0.032500 0.046667
15 0.303438 0.554167 0.033125 0.046667
7 0.342187 0.392917 0.030625 0.044167
23 0.243125 0.497917 0.031250 0.045833
4 0.218438 0.390000 0.031875 0.045000
39 0.566250 0.452083 0.031250 0.045833
20 0.607187 0.398333 0.069375 0.043333
48 0.504687 0.397500 0.033125 0.045000
44 0.043125 0.550833 0.042500 0.048333
46 0.593437 0.560000 0.104375 0.046667
35 0.346250 0.555417 0.032500 0.045833
38 0.484375 0.449167 0.031250 0.045000
27 0.402813 0.447500 0.030625 0.043333
22 0.618437 0.480833 0.054375 0.100000
16 0.218438 0.552500 0.031875 0.046667
8 0.383125 0.394167 0.032500 0.046667
40 0.472813 0.558333 0.031875 0.045000
50 0.625938 0.617917 0.045625 0.047500
45 0.055313 0.492917 0.054375 0.040833
49 0.043437 0.612917 0.056875 0.059167
51 0.277187 0.444167 0.030625 0.045000
2 0.136250 0.389167 0.032500 0.045000
54 0.525312 0.450417 0.030625 0.045833
57 0.176250 0.552500 0.032500 0.046667
43 0.158750 0.497083 0.032500 0.045833
19 0.200937 0.497500 0.031875 0.045000
12 0.535625 0.504583 0.031250 0.045833
21 0.194375 0.443750 0.032500 0.045833
29 0.411250 0.501667 0.031250 0.045000
17 0.053437 0.387500 0.031875 0.045000
26 0.576562 0.505833 0.031875 0.046667
47 0.312812 0.621667 0.246875 0.070000
32 0.090625 0.551250 0.033750 0.049167
1 0.094687 0.388333 0.031875 0.045000
11 0.545937 0.397917 0.030625 0.044167
10 0.116562 0.495833 0.031875 0.046667
41 0.110625 0.441667 0.032500 0.045000
24 0.285000 0.498333 0.031250 0.045000
37 0.494063 0.503333 0.030625 0.045000
55 0.260625 0.553750 0.032500 0.045833
14 0.467813 0.620417 0.044375 0.060833
33 0.388750 0.557083 0.032500 0.047500
18 0.431250 0.558333 0.032500 0.046667
53 0.360625 0.445833 0.031250 0.045000
34 0.515000 0.559167 0.031250 0.046667
52 0.058750 0.440833 0.051250 0.045000
25 0.326875 0.500000 0.031250 0.045000
5 0.259375 0.391250 0.032500 0.045833
3 0.177187 0.389167 0.033125 0.046667
30 0.495937 0.482500 0.984375 0.448333
59 0.319063 0.445000 0.030625 0.045000
0 0.464687 0.396667 0.031875 0.045000
6 0.300938 0.392083 0.031875 0.045833
42 0.235313 0.443333 0.031875 0.045000
36 0.443125 0.448333 0.031250 0.045000
56 0.152812 0.442083 0.031875 0.045833
