38 0.586250 0.445417 0.028750 0.040833
24 0.320625 0.487500 0.048750 0.053333
55 0.273438 0.523750 0.040625 0.047500
20 0.683438 0.404583 0.046875 0.042500
41 0.174063 0.382083 0.036875 0.045833
13 0.229687 0.572917 0.049375 0.072500
42 0.285313 0.418750 0.038125 0.047500
6 0.347187 0.390833 0.038125 0.048333
26 0.660625 0.494583 0.025000 0.040833
47 0.375937 0.611250 0.255625 0.092500
31 0.564688 0.494167 0.029375 0.040000
29 0.531250 0.497083 0.030000 0.040833
39 0.652188 0.447500 0.029375 0.040000
32 0.125000 0.473750 0.033750 0.044167
14 0.524062 0.608750 0.040625 0.069167
40 0.578750 0.541667 0.030000 0.040000
57 0.199375 0.495417 0.038750 0.045833
50 0.664062 0.600417 0.076875 0.065833
56 0.211250 0.392500 0.036250 0.046667
16 0.236250 0.508750 0.038750 0.044167
43 0.203750 0.443333 0.036250 0.045000
22 0.688125 0.476250 0.030000 0.089167
33 0.509687 0.548750 0.033125 0.042500
11 0.638125 0.400000 0.027500 0.038333
8 0.505625 0.400417 0.031250 0.042500
17 0.121875 0.317083 0.045000 0.044167
7 0.457500 0.404583 0.057500 0.044167
1 0.165313 0.327083 0.033125 0.044167
5 0.310312 0.375417 0.035625 0.045833
23 0.278438 0.469583 0.038125 0.047500
52 0.122188 0.369167 0.064375 0.050000
51 0.330937 0.437500 0.053125 0.056667
19 0.240625 0.456667 0.037500 0.046667
4 0.272813 0.360833 0.034375 0.045000
35 0.464375 0.556667 0.052500 0.048333
53 0.484687 0.451667 0.033125 0.043333
45 0.113437 0.418333 0.065625 0.050000
59 0.450937 0.458333 0.033125 0.043333
25 0.455937 0.507917 0.044375 0.042500
27 0.520000 0.448750 0.030000 0.040833
21 0.248438 0.405417 0.036875 0.047500
30 0.503750 0.445417 0.932500 0.490833
46 0.665937 0.543333 0.066875 0.043333
2 0.201250 0.338333 0.033750 0.043333
48 0.604688 0.398333 0.026875 0.040000
36 0.553125 0.446250 0.030000 0.042500
54 0.619687 0.445417 0.028125 0.040833
28 0.495937 0.500417 0.031875 0.042500
34 0.611250 0.539583 0.028750 0.039167
37 0.597500 0.492500 0.028750 0.040000
18 0.544063 0.544583 0.031875 0.042500
58 0.162188 0.483333 0.036875 0.045000
12 0.630313 0.491667 0.025625 0.040000
3 0.236563 0.348750 0.034375 0.044167
0 0.572812 0.398333 0.028125 0.040000
44 0.088438 0.466250 0.035625 0.044167
49 0.089375 0.531667 0.067500 0.073333
10 0.166250 0.432083 0.036250 0.045833
9 0.539062 0.399167 0.029375 0.041667
15 0.312188 0.540000 0.040625 0.048333
