54 0.075067 0.627460 0.065684 0.095707
30 0.455764 0.606440 0.910188 0.788909
22 0.271113 0.657424 0.121314 0.211091
39 0.162869 0.614937 0.065684 0.095707
50 0.201743 0.953041 0.108579 0.095707
37 0.022788 0.750894 0.044236 0.101073
20 0.242962 0.496869 0.149464 0.097496
11 0.117627 0.512075 0.063673 0.088551
38 0.016756 0.639088 0.032172 0.095707
46 0.226542 0.832737 0.227882 0.121646
34 0.059651 0.861360 0.068365 0.107335
12 0.100201 0.736583 0.067694 0.099284
26 0.188673 0.723166 0.066354 0.099284
48 0.032507 0.524150 0.063673 0.093023
