1 0.183025 0.338915 0.056582 0.056582
37 0.765012 0.460739 0.056582 0.055427
13 0.319861 0.579099 0.057737 0.056582
8 0.613164 0.339492 0.057737 0.055427
12 0.827367 0.460162 0.056582 0.056582
15 0.487298 0.519053 0.057737 0.056582
24 0.456120 0.458430 0.055427 0.055427
5 0.427252 0.338337 0.055427 0.055427
21 0.319861 0.397806 0.057737 0.056582
41 0.195150 0.397229 0.057737 0.055427
43 0.269630 0.457275 0.056582 0.055427
55 0.425520 0.518476 0.056582 0.055427
25 0.517898 0.459007 0.056582 0.054273
59 0.505774 0.398383 0.055427 0.055427
52 0.124711 0.397229 0.073903 0.055427
2 0.241339 0.336605 0.057737 0.056582
17 0.122402 0.337182 0.055427 0.055427
57 0.300808 0.517898 0.056582 0.054273
40 0.735566 0.519630 0.057737 0.055427
28 0.579677 0.459584 0.055427 0.055427
48 0.797921 0.339492 0.057737 0.055427
42 0.382217 0.397229 0.055427 0.055427
9 0.675520 0.339492 0.057737 0.055427
39 0.877021 0.400115 0.056582 0.056582
53 0.567552 0.398383 0.056582 0.055427
19 0.331986 0.457852 0.056582 0.056582
36 0.696305 0.402425 0.055427 0.056582
45 0.130485 0.457852 0.087760 0.056582
14 0.718245 0.585450 0.057737 0.055427
26 0.889145 0.460739 0.055427 0.055427
3 0.303118 0.336605 0.056582 0.056582
32 0.177252 0.517321 0.058891 0.057737
4 0.364896 0.336605 0.055427 0.056582
56 0.256928 0.397229 0.056582 0.055427
51 0.443418 0.397806 0.055427 0.054273
22 0.951501 0.431293 0.080831 0.116628
18 0.673788 0.519630 0.056582 0.055427
29 0.642032 0.459584 0.055427 0.055427
27 0.633949 0.401848 0.055427 0.055427
11 0.860855 0.339492 0.056582 0.055427
35 0.549076 0.519630 0.056582 0.055427
33 0.610855 0.519630 0.057737 0.055427
46 0.910508 0.521363 0.158199 0.056582
20 0.943995 0.340069 0.095843 0.056582
54 0.814088 0.400115 0.057737 0.056582
38 0.753464 0.398961 0.056582 0.056582
31 0.703811 0.459584 0.054273 0.055427
58 0.238453 0.517321 0.056582 0.055427
10 0.207275 0.457275 0.056582 0.055427
30 0.538106 0.442263 0.926097 0.367206
16 0.363164 0.518476 0.058891 0.055427
34 0.796767 0.520785 0.057737 0.055427
49 0.125866 0.580254 0.073903 0.054273
47 0.517321 0.580254 0.327945 0.058891
7 0.551963 0.339492 0.055427 0.055427
0 0.737298 0.339492 0.056582 0.055427
6 0.489030 0.338337 0.056582 0.055427
23 0.393764 0.458430 0.055427 0.055427
44 0.116628 0.517898 0.055427 0.056582
