18 0.438650 0.536920 0.036810 0.052743
7 0.342791 0.357595 0.035276 0.052743
26 0.594325 0.474684 0.038344 0.054852
16 0.214724 0.543249 0.039877 0.052743
42 0.228528 0.420886 0.036810 0.052743
19 0.192485 0.484177 0.038344 0.052743
50 0.641871 0.604430 0.072086 0.073840
45 0.045245 0.484177 0.065951 0.048523
56 0.138804 0.421941 0.038344 0.054852
17 0.028374 0.363924 0.038344 0.052743
2 0.118098 0.361814 0.036810 0.052743
51 0.273773 0.419831 0.038344 0.054852
28 0.372699 0.478903 0.036810 0.054852
21 0.183282 0.421941 0.038344 0.054852
40 0.483129 0.536920 0.036810 0.052743
41 0.093558 0.424051 0.039877 0.054852
0 0.476227 0.354430 0.038344 0.054852
37 0.505368 0.476793 0.038344 0.054852
27 0.408742 0.416667 0.038344 0.052743
3 0.161810 0.360759 0.038344 0.054852
47 0.304448 0.613924 0.240798 0.075949
10 0.102761 0.485232 0.036810 0.054852
32 0.079755 0.546414 0.039877 0.054852
14 0.455521 0.608650 0.049080 0.069620
35 0.349693 0.539030 0.036810 0.052743
33 0.394172 0.539030 0.036810 0.052743
15 0.305215 0.540084 0.039877 0.050633
48 0.520706 0.353376 0.038344 0.052743
13 0.154141 0.611814 0.050613 0.063291
4 0.207822 0.357595 0.038344 0.052743
55 0.259969 0.541139 0.038344 0.052743
59 0.319785 0.418776 0.038344 0.052743
53 0.363497 0.418776 0.036810 0.052743
38 0.496166 0.414557 0.038344 0.052743
29 0.417178 0.477848 0.036810 0.052743
54 0.539877 0.414557 0.036810 0.056962
39 0.585123 0.411392 0.038344 0.054852
6 0.298313 0.358650 0.038344 0.050633
57 0.169479 0.544304 0.038344 0.050633
23 0.237730 0.482068 0.036810 0.052743
31 0.460890 0.477848 0.038344 0.052743
30 0.501534 0.448312 1.000000 0.508439
49 0.039877 0.618143 0.061350 0.071730
34 0.527607 0.535865 0.036810 0.050633
11 0.564417 0.351266 0.036810 0.052743
43 0.148006 0.485232 0.038344 0.054852
25 0.328988 0.479958 0.038344 0.052743
20 0.631902 0.349156 0.079755 0.056962
5 0.252301 0.357595 0.038344 0.052743
58 0.125000 0.545359 0.038344 0.052743
9 0.431748 0.354430 0.035276 0.050633
36 0.451687 0.416667 0.038344 0.052743
52 0.040644 0.426160 0.056748 0.054852
8 0.387270 0.356540 0.038344 0.050633
22 0.641871 0.441983 0.059816 0.116034
24 0.282975 0.479958 0.038344 0.052743
1 0.074387 0.362869 0.038344 0.054852
44 0.033742 0.548523 0.042945 0.054852
46 0.613497 0.534810 0.116564 0.052743
12 0.549847 0.474684 0.038344 0.054852
