21 0.332208 0.450879 0.040513 0.070321
57 0.313977 0.596174 0.037812 0.065150
25 0.505402 0.515512 0.053342 0.071355
50 0.797434 0.595140 0.075625 0.098242
37 0.705604 0.455016 0.054018 0.076525
36 0.633693 0.401758 0.049291 0.073423
52 0.166779 0.445191 0.075625 0.069286
22 0.851114 0.369183 0.088454 0.159255
41 0.233626 0.447777 0.043214 0.070321
16 0.362593 0.597208 0.039163 0.069286
39 0.782917 0.353154 0.051992 0.077559
1 0.212357 0.373837 0.041188 0.069286
3 0.311276 0.376939 0.040513 0.069286
46 0.812289 0.498966 0.093180 0.087901
23 0.391290 0.523785 0.038488 0.065150
4 0.359217 0.377456 0.037812 0.068252
45 0.166442 0.522234 0.079001 0.070321
55 0.411884 0.597208 0.040513 0.067218
15 0.466577 0.594623 0.055368 0.070321
43 0.293045 0.523268 0.039163 0.068252
33 0.591155 0.567735 0.047941 0.074457
49 0.155976 0.682006 0.068872 0.085832
11 0.748143 0.284902 0.049966 0.079628
9 0.599595 0.336608 0.047265 0.079628
38 0.682647 0.386246 0.051317 0.075491
8 0.551992 0.351603 0.043889 0.080662
47 0.489534 0.669597 0.303849 0.133402
29 0.607022 0.485522 0.047265 0.073423
24 0.444970 0.522751 0.049966 0.067218
0 0.649899 0.320062 0.047941 0.079628
2 0.262323 0.375905 0.041188 0.069286
18 0.640446 0.551706 0.049291 0.075491
28 0.558406 0.500000 0.041864 0.071355
26 0.804862 0.425026 0.052667 0.078594
53 0.536799 0.432782 0.044564 0.071355
51 0.432816 0.449845 0.043214 0.066184
35 0.533761 0.583764 0.069548 0.075491
42 0.380824 0.450879 0.041864 0.068252
48 0.698515 0.303516 0.050641 0.079628
59 0.486158 0.444674 0.044564 0.070321
31 0.655976 0.470010 0.047941 0.075491
27 0.585415 0.416753 0.045915 0.072389
19 0.343011 0.523268 0.037812 0.066184
17 0.154963 0.371251 0.054693 0.068252
34 0.738015 0.522234 0.052667 0.074457
40 0.689399 0.536194 0.048616 0.073423
7 0.505402 0.364529 0.039838 0.077559
13 0.297434 0.684592 0.064146 0.091003
14 0.667792 0.633919 0.070223 0.101344
10 0.244767 0.522751 0.039838 0.069286
6 0.456111 0.373320 0.039838 0.072389
20 0.822417 0.263185 0.101283 0.092037
56 0.282579 0.448294 0.039838 0.071355
58 0.265361 0.596691 0.039163 0.068252
32 0.215733 0.596691 0.041188 0.072389
44 0.154625 0.594623 0.062120 0.068252
54 0.732613 0.370217 0.052667 0.076525
5 0.407495 0.376939 0.038488 0.071355
30 0.542876 0.444157 0.906144 0.724922
12 0.755908 0.438987 0.051992 0.073423
