49 0.036298 0.772049 0.068966 0.043419
45 0.052632 0.677748 0.099819 0.043419
9 0.595735 0.584464 0.057169 0.042741
19 0.266788 0.677408 0.058076 0.042741
12 0.778131 0.677408 0.057169 0.042741
14 0.683757 0.771710 0.058984 0.044098
41 0.107985 0.631954 0.059891 0.042741
33 0.553539 0.723881 0.058076 0.043419
26 0.835299 0.677069 0.044465 0.043419
47 0.458258 0.772049 0.382940 0.046133
42 0.299909 0.630597 0.057169 0.042741
53 0.489564 0.630597 0.057169 0.042741
58 0.170599 0.724898 0.059891 0.042741
30 0.462795 0.664858 0.923775 0.284939
54 0.745009 0.630597 0.058076 0.042741
10 0.139292 0.677408 0.058984 0.042741
51 0.363430 0.630258 0.057169 0.042062
31 0.650181 0.677069 0.057169 0.042062
36 0.616606 0.630597 0.057169 0.042741
44 0.036751 0.724559 0.066243 0.042062
59 0.426497 0.630258 0.056261 0.042062
3 0.215517 0.584125 0.058984 0.042062
32 0.104809 0.724220 0.060799 0.042741
25 0.458258 0.676391 0.058076 0.042062
40 0.681942 0.723881 0.057169 0.042062
16 0.298548 0.724559 0.058076 0.042062
39 0.808530 0.630597 0.058076 0.042741
1 0.088929 0.585142 0.058076 0.042741
23 0.331216 0.677408 0.056261 0.042741
0 0.659256 0.583786 0.058984 0.042741
37 0.713702 0.677408 0.057169 0.042741
6 0.411978 0.585142 0.056261 0.041384
15 0.426497 0.723881 0.058076 0.043419
5 0.342559 0.584464 0.057169 0.041384
4 0.279038 0.583786 0.057169 0.042741
8 0.531760 0.583786 0.056261 0.041384
2 0.151089 0.584125 0.060799 0.042062
29 0.586661 0.676730 0.057169 0.042741
22 0.877042 0.654003 0.064428 0.090909
35 0.489564 0.723881 0.057169 0.043419
57 0.234574 0.724220 0.057169 0.042741
27 0.553085 0.629579 0.055354 0.042062
11 0.787205 0.584125 0.057169 0.042062
38 0.680581 0.630258 0.058076 0.043419
52 0.039474 0.630936 0.066243 0.043419
55 0.362976 0.723881 0.058076 0.043419
13 0.233212 0.771710 0.058076 0.042741
34 0.745463 0.723541 0.058984 0.042741
24 0.394737 0.676730 0.056261 0.042741
17 0.030853 0.584125 0.045372 0.042062
48 0.723684 0.584125 0.058984 0.042062
18 0.618421 0.724220 0.057169 0.042741
20 0.866606 0.584125 0.087114 0.042062
56 0.171960 0.631275 0.057169 0.042741
21 0.234574 0.630597 0.057169 0.042741
28 0.521779 0.676730 0.056261 0.042741
43 0.203267 0.677748 0.058076 0.043419
7 0.470054 0.583786 0.056261 0.041384
46 0.847096 0.723541 0.127949 0.042741
