32 0.376084 0.800790 0.168353 0.197517
45 0.178829 0.840858 0.268064 0.311512
9 0.531792 0.167043 0.069364 0.042889
3 0.247110 0.410835 0.119942 0.097065
35 0.670159 0.319413 0.080202 0.067720
30 0.457370 0.501129 0.910405 1.000000
41 0.196532 0.599323 0.158960 0.144470
23 0.501084 0.406885 0.104769 0.086907
2 0.165101 0.481941 0.138006 0.112867
15 0.640896 0.367381 0.088150 0.077878
21 0.356575 0.433409 0.117775 0.097065
43 0.384754 0.553612 0.132225 0.125282
25 0.581647 0.304740 0.082370 0.060948
31 0.666546 0.199774 0.064306 0.049661
42 0.413656 0.372460 0.103324 0.083521
24 0.544075 0.353837 0.092486 0.077878
16 0.564306 0.491535 0.108382 0.107223
8 0.499639 0.195260 0.074422 0.047404
7 0.462428 0.224605 0.078035 0.056433
44 0.266980 0.923815 0.207370 0.154628
29 0.641980 0.230248 0.070087 0.054176
6 0.419798 0.260722 0.083815 0.063205
1 0.072254 0.569413 0.143064 0.141084
27 0.574422 0.206546 0.066474 0.051919
59 0.505419 0.281603 0.084538 0.066591
56 0.283237 0.506208 0.132948 0.118510
4 0.314306 0.351580 0.106936 0.082393
58 0.451228 0.673815 0.142341 0.158014
53 0.542630 0.241535 0.076590 0.054176
57 0.512645 0.572799 0.123555 0.132054
13 0.631864 0.610045 0.122110 0.132054
36 0.601517 0.177765 0.064306 0.046275
19 0.448338 0.475734 0.117775 0.104966
51 0.463150 0.321106 0.091040 0.071106
55 0.605130 0.424379 0.097543 0.092551
33 0.697254 0.282167 0.075145 0.063205
5 0.371026 0.303612 0.096098 0.069977
47 0.719653 0.420429 0.199422 0.323928
14 0.797327 0.250564 0.062861 0.051919
10 0.308526 0.653499 0.153179 0.158014
28 0.615246 0.265237 0.074422 0.060948
50 0.825145 0.185666 0.060694 0.055305
52 0.090318 0.750000 0.176301 0.238149
