6 0.848908 0.270712 0.064320 0.039971
48 0.847694 0.503270 0.064320 0.039971
45 0.695388 0.025436 0.067961 0.049419
36 0.773665 0.429869 0.066748 0.041424
21 0.770024 0.148619 0.064320 0.039971
56 0.770024 0.102108 0.064320 0.039971
51 0.772451 0.244186 0.064320 0.042151
20 0.850121 0.618096 0.069175 0.092297
52 0.768204 0.018169 0.067961 0.034884
23 0.695995 0.215480 0.066748 0.042878
4 0.847694 0.177689 0.064320 0.039971
42 0.773058 0.194404 0.065534 0.042878
53 0.773058 0.336483 0.065534 0.042151
5 0.847694 0.223474 0.064320 0.039971
29 0.698422 0.407340 0.066748 0.041424
46 0.626214 0.610102 0.072816 0.115552
54 0.773665 0.526890 0.069175 0.040698
38 0.773665 0.477108 0.066748 0.041424
39 0.774879 0.570494 0.069175 0.040698
31 0.698422 0.455305 0.069175 0.041424
9 0.848908 0.410974 0.064320 0.039971
11 0.847694 0.547602 0.064320 0.039971
18 0.621359 0.428052 0.067961 0.042151
7 0.848908 0.317224 0.064320 0.039971
35 0.620752 0.331759 0.069175 0.042878
58 0.618325 0.093750 0.069175 0.043605
43 0.696602 0.123547 0.067961 0.042151
59 0.772451 0.289244 0.064320 0.042151
34 0.622573 0.525799 0.067961 0.041424
28 0.698422 0.360102 0.066748 0.041424
44 0.618325 0.018169 0.069175 0.034884
37 0.699636 0.499637 0.069175 0.041424
33 0.619539 0.381177 0.069175 0.042878
8 0.848908 0.363735 0.064320 0.039971
15 0.620752 0.285610 0.069175 0.043605
30 0.718447 0.500727 0.538835 1.000000
14 0.542476 0.474201 0.070388 0.042878
26 0.699029 0.594113 0.067961 0.041424
49 0.538835 0.018169 0.072816 0.034884
55 0.621966 0.236919 0.069175 0.043605
24 0.698422 0.264898 0.066748 0.041424
0 0.848908 0.456759 0.064320 0.039971
16 0.620752 0.188227 0.069175 0.043605
2 0.845267 0.084666 0.064320 0.039971
27 0.773665 0.385538 0.066748 0.041424
25 0.698422 0.312863 0.066748 0.041424
3 0.845267 0.129724 0.064320 0.039971
50 0.547330 0.632267 0.070388 0.068314
13 0.542476 0.137355 0.072816 0.043605
47 0.540655 0.307413 0.081311 0.287791
40 0.621966 0.475654 0.069175 0.041424
12 0.699636 0.546875 0.066748 0.041424
19 0.696602 0.170785 0.067961 0.042151
32 0.617112 0.043605 0.069175 0.043605
17 0.844660 0.011628 0.067961 0.021802
22 0.737864 0.628634 0.143204 0.068314
1 0.844053 0.035610 0.064320 0.040698
41 0.769417 0.053416 0.067961 0.044331
57 0.619539 0.141715 0.069175 0.043605
10 0.696602 0.075581 0.067961 0.042151
