26 0.665924 0.580645 0.046771 0.084677
25 0.350780 0.575605 0.046771 0.086694
9 0.482183 0.391129 0.046771 0.084677
58 0.104120 0.669355 0.050111 0.088710
13 0.137528 0.775202 0.050111 0.106855
54 0.597996 0.487903 0.046771 0.084677
35 0.376949 0.671371 0.047884 0.088710
14 0.500000 0.777218 0.048998 0.106855
40 0.535078 0.671371 0.047884 0.084677
19 0.187639 0.575605 0.047884 0.086694
10 0.078508 0.573589 0.050111 0.086694
29 0.456570 0.576613 0.046771 0.084677
30 0.501114 0.527218 1.000000 0.723790
55 0.268374 0.670363 0.048998 0.086694
48 0.584633 0.394153 0.044543 0.082661
34 0.587416 0.673387 0.047884 0.084677
36 0.493318 0.484879 0.046771 0.086694
11 0.633630 0.395161 0.044543 0.084677
6 0.324610 0.388105 0.047884 0.082661
42 0.227171 0.480847 0.048998 0.086694
17 0.012249 0.381048 0.022272 0.084677
47 0.319599 0.777218 0.302895 0.110887
4 0.216592 0.385081 0.047884 0.084677
18 0.482739 0.672379 0.047884 0.086694
24 0.296771 0.574597 0.047884 0.084677
51 0.282294 0.479839 0.047884 0.084677
7 0.377506 0.390121 0.046771 0.082661
20 0.698775 0.396169 0.072383 0.086694
41 0.064031 0.477823 0.050111 0.084677
45 0.025612 0.572581 0.048998 0.088710
0 0.533964 0.393145 0.047884 0.084677
15 0.323497 0.672379 0.050111 0.086694
32 0.050668 0.669355 0.047884 0.088710
31 0.509465 0.578629 0.045657 0.084677
59 0.336303 0.481855 0.046771 0.084677
8 0.429287 0.390121 0.045657 0.082661
57 0.159800 0.671371 0.050111 0.088710
44 0.012249 0.668347 0.022272 0.086694
37 0.561247 0.578629 0.046771 0.084677
21 0.173163 0.478831 0.050111 0.086694
23 0.242762 0.574597 0.048998 0.084677
52 0.017817 0.475806 0.033408 0.088710
28 0.404232 0.577621 0.046771 0.086694
33 0.429287 0.671371 0.047884 0.088710
49 0.027283 0.778226 0.052339 0.104839
3 0.161470 0.384073 0.048998 0.086694
5 0.271158 0.387097 0.047884 0.084677
56 0.118040 0.477823 0.048998 0.088710
2 0.108575 0.384073 0.050111 0.082661
39 0.650334 0.487903 0.046771 0.084677
16 0.213808 0.670363 0.048998 0.086694
1 0.053452 0.384073 0.048998 0.086694
12 0.613586 0.579637 0.046771 0.086694
53 0.389198 0.482863 0.047884 0.086694
38 0.546214 0.485887 0.045657 0.084677
22 0.707684 0.535282 0.054566 0.179435
43 0.133073 0.573589 0.050111 0.086694
27 0.441537 0.483871 0.045657 0.084677
46 0.675947 0.675403 0.118040 0.088710
