50 0.657292 0.673611 0.063194 0.060185
51 0.339236 0.513426 0.035417 0.047222
8 0.438194 0.460185 0.033333 0.046296
30 0.532639 0.546759 0.909722 0.365741
14 0.496528 0.674074 0.043056 0.061111
16 0.283681 0.618056 0.038194 0.047222
56 0.219792 0.515741 0.036806 0.051852
10 0.186806 0.569444 0.037500 0.051852
5 0.321181 0.461574 0.034028 0.047222
35 0.403472 0.616204 0.033333 0.045370
31 0.502083 0.563889 0.033333 0.048148
11 0.592361 0.458333 0.033333 0.046296
40 0.520486 0.614815 0.035417 0.044444
29 0.463889 0.563889 0.034722 0.046296
37 0.540625 0.563426 0.034028 0.047222
46 0.634722 0.612963 0.105556 0.044444
54 0.571181 0.511111 0.035417 0.048148
48 0.553472 0.459722 0.033333 0.047222
38 0.531944 0.512037 0.034722 0.048148
59 0.378472 0.512963 0.034722 0.046296
39 0.609722 0.510648 0.033333 0.049074
18 0.480903 0.614815 0.032639 0.046296
2 0.203472 0.463426 0.036111 0.049074
33 0.442708 0.615741 0.034028 0.046296
21 0.259722 0.514815 0.034722 0.050000
42 0.300000 0.514352 0.036111 0.047222
47 0.363194 0.675926 0.215278 0.064815
49 0.123958 0.681481 0.054861 0.061111
6 0.360417 0.460648 0.033333 0.047222
23 0.306597 0.566667 0.035417 0.046296
34 0.560069 0.613889 0.034028 0.044444
15 0.363889 0.616667 0.036111 0.046296
17 0.122222 0.465278 0.036111 0.050926
57 0.243750 0.618519 0.034722 0.046296
26 0.618403 0.562963 0.032639 0.048148
19 0.266667 0.567130 0.036111 0.049074
3 0.242708 0.462037 0.036806 0.048148
45 0.131597 0.566667 0.059028 0.042593
58 0.203472 0.619444 0.036111 0.046296
7 0.399653 0.460185 0.034028 0.046296
25 0.385069 0.564815 0.035417 0.048148
27 0.455903 0.512037 0.032639 0.046296
28 0.424653 0.564352 0.032639 0.047222
22 0.657292 0.536111 0.052083 0.100000
24 0.345833 0.566204 0.034722 0.047222
1 0.163542 0.464815 0.036806 0.051852
13 0.227083 0.677778 0.043056 0.061111
0 0.514583 0.460185 0.033333 0.048148
55 0.324653 0.617130 0.035417 0.045370
43 0.226736 0.569444 0.036806 0.050000
53 0.415972 0.512037 0.033333 0.046296
20 0.647917 0.457870 0.065278 0.047222
12 0.580208 0.562037 0.034028 0.046296
52 0.130903 0.516667 0.053472 0.050000
32 0.162847 0.619444 0.036806 0.048148
41 0.180208 0.516667 0.036806 0.050000
9 0.476389 0.459722 0.034722 0.047222
36 0.493750 0.512037 0.033333 0.048148
44 0.119444 0.620833 0.040278 0.047222
4 0.282292 0.461111 0.034028 0.046296
