53 0.297849 0.635884 0.022997 0.047493
12 0.429896 0.684697 0.022997 0.047493
20 0.482567 0.573879 0.052671 0.044855
35 0.288205 0.748021 0.024481 0.047493
39 0.452893 0.629947 0.022997 0.046174
42 0.203264 0.641161 0.023739 0.047493
24 0.241840 0.694591 0.023739 0.046174
56 0.139095 0.643140 0.022997 0.048813
59 0.266691 0.637863 0.022997 0.046174
55 0.224777 0.750660 0.023739 0.044855
44 0.059347 0.760554 0.031157 0.048813
1 0.092359 0.590369 0.022997 0.048813
33 0.320475 0.746702 0.025223 0.047493
46 0.473665 0.739446 0.079377 0.046174
36 0.360534 0.632586 0.023739 0.046174
9 0.344955 0.579815 0.023739 0.048813
22 0.491469 0.655013 0.040801 0.104222
16 0.192507 0.753298 0.024481 0.047493
45 0.066024 0.703166 0.041543 0.047493
52 0.067878 0.646438 0.039318 0.047493
7 0.282641 0.583113 0.023739 0.047493
25 0.273739 0.692612 0.022255 0.047493
8 0.314169 0.581135 0.024481 0.048813
18 0.351632 0.745383 0.023739 0.047493
57 0.160237 0.755277 0.023739 0.048813
43 0.146142 0.700528 0.023739 0.050132
21 0.171736 0.643799 0.024481 0.050132
32 0.096810 0.758575 0.024481 0.050132
6 0.251113 0.583113 0.022997 0.047493
11 0.436944 0.575858 0.022255 0.046174
28 0.304896 0.691293 0.022255 0.047493
49 0.058976 0.824538 0.030415 0.058047
10 0.114243 0.701187 0.023739 0.048813
37 0.398739 0.686675 0.024481 0.048813
34 0.415059 0.740765 0.022997 0.046174
54 0.422107 0.630607 0.023739 0.047493
50 0.462537 0.807388 0.046736 0.065963
4 0.188056 0.585752 0.022997 0.047493
27 0.329748 0.633905 0.022997 0.046174
48 0.406157 0.576517 0.024481 0.047493
15 0.256677 0.750660 0.023739 0.047493
31 0.367953 0.687995 0.022255 0.046174
5 0.219585 0.585092 0.023739 0.046174
17 0.060089 0.591689 0.022255 0.048813
40 0.383160 0.743404 0.022997 0.046174
0 0.376113 0.577836 0.023739 0.050132
2 0.124258 0.589710 0.024481 0.047493
26 0.461053 0.684697 0.022997 0.047493
41 0.107196 0.645778 0.024481 0.048813
30 0.382047 0.622032 0.729970 0.610818
38 0.390950 0.631926 0.023739 0.047493
58 0.127967 0.757256 0.022997 0.047493
3 0.156157 0.588391 0.024481 0.047493
29 0.336795 0.689314 0.022255 0.046174
19 0.178412 0.698549 0.024481 0.048813
13 0.138724 0.825858 0.032641 0.068602
51 0.235163 0.638522 0.023739 0.047493
47 0.257418 0.823879 0.186944 0.083113
14 0.375000 0.814644 0.034866 0.075198
23 0.209941 0.695910 0.022255 0.046174
