51 0.395270 0.248012 0.068318 0.088469
3 0.219595 0.151093 0.071321 0.091451
23 0.356982 0.343439 0.069820 0.090457
5 0.370871 0.150596 0.070571 0.090457
39 0.924174 0.244533 0.070571 0.089463
42 0.319444 0.247515 0.069820 0.089463
26 0.956456 0.341948 0.052553 0.089463
22 0.983859 0.294235 0.033784 0.186879
36 0.697447 0.246521 0.070571 0.089463
43 0.206081 0.344433 0.069820 0.090457
7 0.522898 0.151590 0.069820 0.090457
57 0.243619 0.441849 0.069820 0.090457
53 0.546547 0.247515 0.069069 0.089463
47 0.510135 0.539264 0.458709 0.092445
17 0.013889 0.152087 0.026276 0.089463
13 0.244369 0.539264 0.069820 0.090457
35 0.546547 0.440855 0.070571 0.090457
37 0.811937 0.342445 0.069820 0.090457
29 0.660285 0.342445 0.069820 0.088469
58 0.167793 0.441352 0.069820 0.089463
2 0.144520 0.151590 0.071321 0.090457
55 0.395646 0.440358 0.070571 0.089463
48 0.825075 0.150099 0.070571 0.089463
19 0.281156 0.344433 0.069820 0.090457
30 0.500751 0.320577 1.000000 0.569583
8 0.597598 0.151093 0.069069 0.089463
59 0.471096 0.247515 0.069820 0.089463
56 0.166667 0.248012 0.069069 0.090457
44 0.025526 0.441352 0.049550 0.089463
15 0.471471 0.440358 0.070571 0.089463
31 0.736486 0.342942 0.069069 0.089463
12 0.888138 0.342445 0.069069 0.088469
6 0.447072 0.150596 0.069820 0.090457
52 0.025901 0.247515 0.050300 0.089463
4 0.295045 0.150099 0.069069 0.089463
20 0.971847 0.148608 0.057808 0.090457
46 0.946697 0.438370 0.108108 0.089463
1 0.069069 0.151590 0.069069 0.090457
33 0.622748 0.440855 0.071321 0.090457
54 0.848348 0.246024 0.069069 0.090457
45 0.045045 0.344930 0.088589 0.091451
32 0.091592 0.441849 0.070571 0.092445
14 0.775901 0.538767 0.071321 0.089463
0 0.748874 0.150596 0.071321 0.090457
10 0.130255 0.344433 0.069820 0.090457
11 0.900901 0.148608 0.069069 0.088469
28 0.584459 0.342942 0.068318 0.089463
18 0.698574 0.439364 0.069820 0.091451
40 0.774399 0.438867 0.069820 0.088469
25 0.508258 0.343439 0.069069 0.090457
21 0.243243 0.248509 0.070571 0.089463
34 0.849850 0.439364 0.070571 0.089463
16 0.319069 0.441352 0.070571 0.089463
38 0.772898 0.245527 0.069820 0.089463
24 0.433183 0.342942 0.069069 0.089463
27 0.621997 0.246521 0.068318 0.087475
49 0.025901 0.539761 0.050300 0.089463
9 0.673048 0.151093 0.069820 0.091451
41 0.091967 0.249006 0.069820 0.088469
