1 0.082375 0.431431 0.030651 0.038330
49 0.051724 0.607751 0.048531 0.041738
16 0.184227 0.558348 0.030013 0.038330
9 0.346105 0.425043 0.028097 0.037479
10 0.101213 0.517036 0.030013 0.039182
37 0.399106 0.509370 0.028097 0.037479
26 0.463282 0.507240 0.027458 0.038330
59 0.262133 0.469761 0.028736 0.038330
32 0.082375 0.560903 0.029374 0.038330
41 0.095147 0.473169 0.031928 0.038330
6 0.247446 0.426746 0.028736 0.037479
42 0.195083 0.471039 0.028736 0.039182
15 0.250639 0.556218 0.028736 0.039182
57 0.150064 0.559625 0.030651 0.037479
17 0.049170 0.431431 0.029374 0.036627
3 0.148787 0.429302 0.029374 0.037479
54 0.424649 0.466354 0.028097 0.038330
33 0.317050 0.554514 0.028736 0.039182
25 0.267561 0.512777 0.028097 0.037479
58 0.116539 0.560051 0.030013 0.038330
55 0.217114 0.557922 0.028097 0.039182
20 0.493934 0.422487 0.065773 0.037479
51 0.228608 0.470187 0.028097 0.037479
52 0.055236 0.474872 0.042784 0.038330
46 0.466156 0.549830 0.062580 0.038330
56 0.128352 0.472317 0.030651 0.040034
19 0.167305 0.515332 0.029374 0.039182
47 0.267880 0.600937 0.174330 0.041738
21 0.161877 0.471891 0.030013 0.039182
45 0.057791 0.518313 0.050447 0.038330
8 0.313218 0.425468 0.027458 0.038330
0 0.378352 0.424191 0.028736 0.037479
29 0.334291 0.510647 0.028736 0.038330
2 0.115581 0.430153 0.030651 0.037479
27 0.327905 0.467632 0.027458 0.037479
4 0.181034 0.428024 0.028736 0.036627
44 0.047573 0.562606 0.035121 0.038330
18 0.350575 0.553237 0.028097 0.038330
34 0.415709 0.551533 0.028097 0.036627
31 0.366858 0.509796 0.027458 0.038330
5 0.214240 0.428024 0.028736 0.038330
30 0.362069 0.500852 0.676884 0.287905
7 0.280651 0.426320 0.028736 0.036627
12 0.431354 0.508518 0.027458 0.037479
28 0.300766 0.511925 0.028097 0.039182
53 0.295338 0.468910 0.028736 0.038330
36 0.360153 0.467632 0.028097 0.039182
24 0.234355 0.513203 0.028097 0.038330
40 0.383142 0.552385 0.028097 0.036627
35 0.283844 0.555792 0.028736 0.038330
39 0.456897 0.465928 0.027458 0.037479
23 0.200830 0.514055 0.028736 0.038330
50 0.446360 0.594549 0.043423 0.039182
48 0.410281 0.424617 0.027458 0.036627
11 0.442209 0.423339 0.027458 0.037479
13 0.161877 0.603492 0.030013 0.040034
14 0.373563 0.596252 0.029374 0.039182
38 0.392720 0.466354 0.028097 0.038330
43 0.134419 0.516184 0.030013 0.039182
22 0.501916 0.485520 0.051086 0.080068
