33 0.594756 0.541522 0.060787 0.088235
3 0.276818 0.272059 0.056615 0.082180
45 0.097437 0.454152 0.088796 0.083045
31 0.688617 0.450260 0.057807 0.083910
49 0.098033 0.635381 0.093564 0.089100
12 0.815554 0.451557 0.057807 0.083045
25 0.496722 0.450260 0.060191 0.083910
7 0.525328 0.273356 0.055423 0.081315
1 0.154052 0.273356 0.055423 0.081315
26 0.878129 0.450692 0.056615 0.084775
9 0.647497 0.273789 0.054231 0.082180
51 0.419845 0.359429 0.060191 0.083910
21 0.291418 0.359862 0.060787 0.084775
46 0.897497 0.541090 0.154946 0.087370
47 0.463945 0.637111 0.374851 0.085640
35 0.529797 0.541522 0.059595 0.084775
52 0.091478 0.361159 0.074493 0.087370
58 0.206794 0.541090 0.060787 0.085640
56 0.226460 0.358997 0.060787 0.083045
42 0.359058 0.361159 0.060191 0.083910
13 0.241955 0.631488 0.061979 0.083045
40 0.723778 0.539792 0.060191 0.084775
2 0.215435 0.272491 0.058999 0.083045
36 0.674613 0.361592 0.058403 0.083045
34 0.786949 0.541522 0.057807 0.086505
44 0.084327 0.542388 0.069726 0.083045
37 0.752384 0.451125 0.057807 0.085640
59 0.483909 0.360727 0.059595 0.083045
22 0.935936 0.410900 0.070918 0.167820
27 0.612336 0.360727 0.056615 0.081315
8 0.586114 0.272924 0.054231 0.082180
10 0.174911 0.448962 0.058999 0.083045
11 0.821216 0.272924 0.048868 0.080450
57 0.271454 0.541090 0.060191 0.085640
29 0.625745 0.450260 0.057211 0.083910
28 0.561681 0.449827 0.058999 0.084775
5 0.400477 0.271194 0.056019 0.080450
0 0.708582 0.273789 0.056019 0.082180
55 0.401073 0.541522 0.060787 0.084775
43 0.239273 0.449827 0.057807 0.084775
17 0.089988 0.272491 0.060787 0.081315
19 0.303933 0.451990 0.059595 0.083910
6 0.462455 0.272059 0.057211 0.080450
41 0.161502 0.360294 0.064362 0.085640
18 0.660012 0.541090 0.058999 0.085640
14 0.683254 0.633218 0.063766 0.086505
24 0.432360 0.449394 0.058999 0.083910
32 0.146901 0.541522 0.048272 0.086505
15 0.465733 0.541090 0.061383 0.085640
16 0.336412 0.541090 0.061383 0.085640
53 0.548570 0.361592 0.058999 0.083045
4 0.339690 0.273789 0.056019 0.080450
30 0.509237 0.413495 0.943385 0.560554
20 0.909714 0.275087 0.113826 0.083045
39 0.864720 0.362889 0.057211 0.083910
38 0.738081 0.361159 0.057807 0.082180
48 0.766091 0.273789 0.049464 0.082180
54 0.800358 0.362457 0.058403 0.083045
23 0.368892 0.449394 0.059595 0.083910
