21 0.241473 0.459615 0.041085 0.067949
55 0.287597 0.607051 0.040310 0.060256
24 0.324806 0.553205 0.043411 0.062821
29 0.455426 0.570513 0.031783 0.056410
57 0.207752 0.578205 0.038760 0.061538
26 0.606589 0.576282 0.033333 0.057692
0 0.504264 0.446795 0.033333 0.060256
40 0.510465 0.633333 0.031783 0.058974
23 0.281395 0.538462 0.035659 0.066667
31 0.493411 0.572436 0.031783 0.057692
13 0.184884 0.650000 0.065891 0.092308
12 0.568992 0.573718 0.032558 0.057692
5 0.311240 0.419872 0.039535 0.067949
3 0.232558 0.387821 0.041860 0.065385
41 0.159690 0.425641 0.046512 0.069231
34 0.547674 0.634615 0.031783 0.058974
46 0.604264 0.636538 0.065891 0.060256
28 0.415891 0.568590 0.031783 0.055128
16 0.248062 0.594231 0.041860 0.062821
14 0.484109 0.705769 0.047287 0.075641
9 0.466279 0.444872 0.033333 0.058974
6 0.350775 0.430128 0.034884 0.062821
7 0.390698 0.438462 0.034109 0.064103
44 0.074806 0.530128 0.056589 0.073077
36 0.484109 0.508333 0.031783 0.057692
32 0.125581 0.549359 0.043411 0.073077
18 0.471705 0.633333 0.031783 0.058974
48 0.541085 0.448718 0.032558 0.056410
37 0.530233 0.572436 0.032558 0.057692
39 0.597287 0.512821 0.033333 0.058974
38 0.521318 0.508974 0.031783 0.058974
1 0.151163 0.354487 0.043411 0.067949
52 0.103876 0.405769 0.074419 0.078205
56 0.201550 0.441667 0.038760 0.065385
47 0.335659 0.691026 0.244961 0.117949
15 0.334884 0.621795 0.046512 0.061538
4 0.272481 0.402564 0.037984 0.064103
58 0.168217 0.564103 0.040310 0.064103
33 0.434496 0.632051 0.031783 0.058974
17 0.104651 0.336538 0.055814 0.070513
54 0.559302 0.511538 0.033333 0.061538
30 0.373643 0.498077 0.731783 0.619231
35 0.387984 0.631410 0.050388 0.057692
22 0.644574 0.545513 0.053488 0.121795
19 0.241085 0.525000 0.038760 0.062821
53 0.407752 0.505128 0.032558 0.058974
50 0.585659 0.711538 0.042636 0.058974
43 0.199225 0.508333 0.038760 0.067949
2 0.193023 0.371795 0.041860 0.066667
51 0.324031 0.489103 0.038760 0.062821
8 0.428295 0.442308 0.033333 0.061538
10 0.159302 0.492949 0.037984 0.065385
49 0.068217 0.605128 0.065116 0.089744
27 0.446512 0.507051 0.031008 0.057692
42 0.281783 0.472436 0.041085 0.062821
45 0.096124 0.473077 0.079070 0.082051
11 0.579070 0.450000 0.032558 0.058974
59 0.367442 0.499359 0.037209 0.060256
25 0.373643 0.565385 0.043411 0.058974
20 0.636822 0.451282 0.070543 0.056410
