34 0.788036 0.520796 0.061549 0.075221
31 0.685685 0.436283 0.060166 0.076106
9 0.653873 0.266372 0.061549 0.077876
3 0.243430 0.266372 0.063624 0.077876
51 0.399378 0.351327 0.060166 0.076106
42 0.330567 0.351327 0.060858 0.076106
54 0.808091 0.351327 0.061549 0.077876
26 0.889696 0.436283 0.060166 0.077876
38 0.740318 0.350885 0.061549 0.076991
2 0.175657 0.267257 0.062241 0.077876
8 0.585062 0.266814 0.060858 0.075221
46 0.911826 0.519912 0.170816 0.078761
23 0.344744 0.436726 0.061549 0.076991
32 0.106155 0.522566 0.062932 0.078761
35 0.515560 0.521239 0.061549 0.076106
18 0.652490 0.520796 0.061549 0.076991
27 0.604080 0.350885 0.060166 0.075221
43 0.207469 0.437168 0.060858 0.076106
28 0.549793 0.436283 0.059474 0.076106
14 0.695021 0.607080 0.063624 0.076106
55 0.379322 0.521239 0.061549 0.076106
37 0.753804 0.436283 0.060858 0.077876
29 0.617566 0.435841 0.060858 0.076991
36 0.671508 0.350885 0.060858 0.076991
19 0.275934 0.437611 0.060858 0.076991
57 0.243084 0.522124 0.061549 0.076106
20 0.947441 0.265929 0.100968 0.076991
40 0.720609 0.520796 0.062241 0.075221
58 0.174620 0.522566 0.061549 0.076991
30 0.500692 0.407080 1.000000 0.522124
13 0.263485 0.607965 0.062241 0.076106
16 0.310858 0.522124 0.061549 0.076106
44 0.040802 0.523451 0.055325 0.076991
24 0.412863 0.436726 0.060858 0.075221
22 0.956777 0.394690 0.082296 0.164602
48 0.789419 0.265929 0.061549 0.076991
12 0.821577 0.436283 0.060858 0.076106
52 0.049793 0.352212 0.076072 0.077876
10 0.139696 0.437168 0.060858 0.076106
33 0.583333 0.521239 0.061549 0.077876
1 0.107192 0.266814 0.060858 0.076991
53 0.535615 0.351770 0.061549 0.076991
5 0.379668 0.266372 0.062241 0.076106
6 0.448824 0.266372 0.060858 0.076106
59 0.467842 0.351327 0.060166 0.076106
15 0.447095 0.521239 0.061549 0.076106
4 0.311895 0.265929 0.060858 0.076991
21 0.262448 0.352655 0.061549 0.076991
17 0.040456 0.266372 0.056017 0.077876
49 0.049447 0.607965 0.079530 0.077876
7 0.517981 0.267257 0.060858 0.076106
47 0.479599 0.607080 0.358921 0.079646
25 0.480982 0.436283 0.061549 0.076106
0 0.721992 0.266814 0.062241 0.076991
56 0.192946 0.351770 0.060858 0.076991
45 0.056708 0.437168 0.091286 0.077876
11 0.857884 0.265044 0.060166 0.076991
39 0.876556 0.350442 0.061549 0.077876
41 0.125864 0.352655 0.063624 0.076991
