23 0.341751 0.401659 0.067340 0.097156
30 0.489899 0.383886 0.976431 0.597156
27 0.601010 0.298578 0.063973 0.090047
14 0.674242 0.578199 0.065657 0.094787
40 0.718855 0.481043 0.063973 0.090047
36 0.666667 0.297393 0.063973 0.092417
55 0.379630 0.495261 0.069024 0.094787
29 0.616162 0.392180 0.063973 0.092417
13 0.219697 0.598341 0.069024 0.097156
46 0.892256 0.475118 0.144781 0.092417
19 0.271886 0.402844 0.069024 0.094787
59 0.465488 0.303318 0.065657 0.094787
43 0.201178 0.406398 0.069024 0.097156
5 0.372896 0.210900 0.065657 0.094787
16 0.310606 0.496445 0.069024 0.097156
37 0.749158 0.388626 0.063973 0.094787
24 0.411616 0.398104 0.065657 0.094787
11 0.821549 0.202607 0.053872 0.092417
35 0.517677 0.489336 0.065657 0.097156
51 0.396465 0.304502 0.065657 0.092417
54 0.798822 0.295024 0.062290 0.092417
25 0.480640 0.396919 0.065657 0.097156
32 0.105219 0.504739 0.058923 0.099526
52 0.043771 0.312796 0.067340 0.099526
21 0.256734 0.308057 0.069024 0.099526
4 0.304714 0.212085 0.063973 0.092417
7 0.507576 0.209716 0.062290 0.092417
10 0.131313 0.407583 0.067340 0.094787
42 0.326599 0.306872 0.067340 0.097156
17 0.035354 0.218009 0.050505 0.094787
31 0.682660 0.389810 0.062290 0.092417
33 0.585017 0.485782 0.062290 0.094787
49 0.061448 0.606635 0.102694 0.104265
20 0.906566 0.202607 0.106061 0.092417
26 0.887205 0.390995 0.060606 0.090047
34 0.787037 0.481043 0.065657 0.094787
45 0.055556 0.409953 0.074074 0.094787
38 0.734007 0.295024 0.063973 0.092417
22 0.930976 0.337678 0.063973 0.182464
44 0.042088 0.507109 0.057239 0.099526
15 0.449495 0.490521 0.067340 0.094787
47 0.447811 0.594787 0.383838 0.118483
56 0.185185 0.309242 0.067340 0.097156
41 0.114478 0.311611 0.070707 0.097156
0 0.702020 0.204976 0.060606 0.092417
18 0.652357 0.483412 0.062290 0.094787
28 0.548822 0.393365 0.063973 0.094787
12 0.813973 0.385071 0.062290 0.092417
48 0.762626 0.204976 0.053872 0.092417
2 0.169192 0.215640 0.069024 0.094787
58 0.169192 0.501185 0.069024 0.097156
57 0.239057 0.498815 0.067340 0.097156
6 0.441077 0.210900 0.063973 0.094787
9 0.638047 0.207346 0.060606 0.092417
1 0.098485 0.215640 0.065657 0.094787
3 0.236532 0.213270 0.065657 0.094787
39 0.864478 0.292654 0.062290 0.092417
53 0.532828 0.300948 0.065657 0.094787
8 0.572391 0.208531 0.060606 0.094787
