24 0.148889 0.716617 0.035556 0.047478
12 0.387222 0.719585 0.034444 0.047478
14 0.288333 0.827151 0.045556 0.048961
30 0.353889 0.191395 0.705556 0.302671
20 0.449444 0.610534 0.056667 0.048961
46 0.432222 0.776706 0.086667 0.048961
42 0.106667 0.664688 0.035556 0.047478
19 0.073333 0.715875 0.035556 0.045994
31 0.308333 0.718843 0.034444 0.045994
53 0.222778 0.666172 0.034444 0.047478
35 0.204444 0.768546 0.037778 0.050445
40 0.323333 0.771513 0.035556 0.047478
38 0.341111 0.667656 0.035556 0.047478
37 0.348333 0.719585 0.034444 0.047478
4 0.084444 0.609792 0.035556 0.047478
33 0.243889 0.770030 0.036667 0.050445
59 0.183333 0.665430 0.035556 0.048961
6 0.161111 0.606083 0.035556 0.045994
58 0.015000 0.767804 0.027778 0.045994
3 0.046667 0.609792 0.035556 0.047478
57 0.050000 0.766320 0.035556 0.048961
26 0.424444 0.719585 0.033333 0.047478
56 0.031111 0.663205 0.035556 0.047478
8 0.242778 0.612760 0.034444 0.047478
54 0.380556 0.667656 0.034444 0.047478
2 0.014444 0.608309 0.026667 0.047478
39 0.418889 0.667656 0.035556 0.047478
36 0.302778 0.665430 0.036667 0.048961
28 0.228889 0.718843 0.033333 0.045994
25 0.190000 0.718101 0.035556 0.047478
34 0.362778 0.772255 0.034444 0.048961
9 0.281111 0.612760 0.035556 0.047478
32 0.006111 0.767804 0.010000 0.048961
27 0.260000 0.666172 0.035556 0.047478
13 0.044444 0.822700 0.046667 0.045994
18 0.283333 0.771513 0.035556 0.050445
51 0.145556 0.663205 0.035556 0.047478
41 0.010000 0.661721 0.017778 0.047478
0 0.322778 0.612760 0.036667 0.047478
30 0.393333 0.690653 0.784444 0.378338
47 0.167222 0.824184 0.190000 0.051929
15 0.166667 0.767804 0.035556 0.048961
55 0.127778 0.767062 0.035556 0.047478
43 0.035556 0.714392 0.035556 0.045994
22 0.460000 0.694362 0.037778 0.106825
21 0.068889 0.664688 0.035556 0.047478
5 0.125556 0.609792 0.035556 0.047478
16 0.090000 0.767062 0.035556 0.047478
29 0.268333 0.718101 0.034444 0.047478
23 0.112222 0.717359 0.035556 0.045994
11 0.400556 0.613501 0.034444 0.048961
48 0.361111 0.614243 0.035556 0.047478
10 0.010000 0.715875 0.017778 0.045994
7 0.202222 0.612018 0.035556 0.048961
50 0.446667 0.831602 0.060000 0.048961
