15 0.432500 0.455000 0.050000 0.063333
45 0.121563 0.387500 0.073125 0.063333
13 0.289062 0.525000 0.050625 0.065000
22 0.831562 0.352500 0.070625 0.133333
24 0.403750 0.387083 0.047500 0.062500
31 0.615938 0.386250 0.046875 0.062500
53 0.498437 0.317917 0.048125 0.064167
14 0.625625 0.524583 0.050000 0.064167
46 0.795000 0.454583 0.138750 0.064167
32 0.161250 0.454167 0.051250 0.063333
28 0.510000 0.386667 0.047500 0.063333
37 0.668438 0.387083 0.048125 0.062500
42 0.339062 0.317500 0.049375 0.065000
52 0.117500 0.320417 0.065000 0.072500
9 0.590938 0.248750 0.049375 0.064167
21 0.290312 0.321667 0.049375 0.065000
26 0.775937 0.386667 0.049375 0.063333
49 0.117813 0.525417 0.064375 0.064167
35 0.483125 0.453750 0.048750 0.064167
30 0.478125 0.364583 0.806250 0.430833
39 0.765938 0.317083 0.049375 0.064167
25 0.456875 0.387083 0.047500 0.062500
16 0.325625 0.454583 0.050000 0.062500
56 0.234687 0.318333 0.049375 0.066667
11 0.751875 0.246667 0.048750 0.065000
40 0.643125 0.454167 0.048750 0.061667
3 0.269062 0.247500 0.049375 0.063333
29 0.562813 0.386250 0.048125 0.062500
0 0.644375 0.248750 0.048750 0.064167
54 0.711562 0.317500 0.049375 0.065000
6 0.430937 0.248750 0.048125 0.060833
19 0.297500 0.387083 0.048750 0.064167
57 0.274687 0.457500 0.050625 0.063333
4 0.324375 0.248333 0.048750 0.061667
48 0.697500 0.247500 0.050000 0.065000
55 0.379688 0.454583 0.049375 0.062500
17 0.107500 0.247500 0.046250 0.061667
10 0.187500 0.385833 0.048750 0.063333
34 0.695937 0.454583 0.049375 0.062500
7 0.484063 0.249167 0.048125 0.063333
47 0.458125 0.525417 0.277500 0.067500
8 0.537813 0.249167 0.048125 0.063333
27 0.552500 0.317500 0.047500 0.063333
23 0.351250 0.387500 0.048750 0.063333
18 0.589375 0.454583 0.048750 0.064167
12 0.721875 0.386667 0.048750 0.063333
51 0.393125 0.317500 0.048750 0.063333
36 0.604375 0.317500 0.048750 0.065000
58 0.215938 0.454167 0.050625 0.063333
5 0.378437 0.248333 0.048125 0.061667
2 0.215625 0.247917 0.051250 0.062500
44 0.109687 0.456250 0.045625 0.060833
1 0.160312 0.247500 0.050625 0.063333
38 0.658750 0.317917 0.048750 0.064167
20 0.825625 0.246667 0.083750 0.065000
59 0.445937 0.317500 0.048125 0.065000
41 0.180000 0.321667 0.052500 0.065000
33 0.535625 0.454167 0.048750 0.065000
43 0.242500 0.386667 0.050000 0.061667
