33 0.423958 0.533333 0.031250 0.047222
30 0.525521 0.459722 0.938542 0.433333
25 0.364583 0.479861 0.031250 0.045833
15 0.343229 0.533333 0.034375 0.047222
23 0.284375 0.479861 0.031250 0.045833
2 0.179688 0.372917 0.032292 0.048611
36 0.477604 0.427083 0.030208 0.045833
45 0.110417 0.477083 0.056250 0.040278
1 0.139583 0.374306 0.031250 0.048611
44 0.098958 0.534028 0.037500 0.045833
39 0.597396 0.426389 0.030208 0.044444
56 0.197396 0.426389 0.032292 0.047222
0 0.500521 0.373611 0.032292 0.047222
26 0.604167 0.479861 0.029167 0.045833
27 0.438021 0.426389 0.030208 0.044444
51 0.318229 0.426389 0.030208 0.047222
49 0.102604 0.594444 0.051042 0.058333
41 0.157292 0.427083 0.033333 0.048611
17 0.098437 0.372917 0.030208 0.045833
6 0.340104 0.372917 0.032292 0.045833
21 0.237500 0.427083 0.031250 0.048611
11 0.579688 0.372917 0.030208 0.045833
32 0.140625 0.532639 0.035417 0.048611
5 0.298958 0.372917 0.031250 0.048611
37 0.524479 0.479861 0.030208 0.045833
16 0.261458 0.532639 0.033333 0.045833
50 0.646875 0.594444 0.064583 0.061111
7 0.380208 0.372222 0.031250 0.047222
58 0.181250 0.533333 0.033333 0.047222
35 0.383333 0.532639 0.031250 0.045833
10 0.164062 0.479861 0.032292 0.045833
8 0.420833 0.372222 0.031250 0.047222
4 0.259896 0.372222 0.030208 0.047222
34 0.543750 0.531944 0.029167 0.044444
38 0.517188 0.427083 0.030208 0.045833
46 0.622396 0.532639 0.103125 0.045833
43 0.203646 0.479861 0.032292 0.045833
42 0.277604 0.426389 0.032292 0.047222
47 0.343229 0.594444 0.215625 0.061111
22 0.646875 0.454167 0.050000 0.100000
20 0.639583 0.373611 0.068750 0.050000
18 0.463021 0.533333 0.030208 0.047222
31 0.485417 0.479861 0.029167 0.045833
48 0.540104 0.372917 0.030208 0.045833
28 0.404687 0.479167 0.030208 0.047222
59 0.357812 0.426389 0.030208 0.047222
55 0.301563 0.533333 0.032292 0.047222
13 0.206250 0.592361 0.043750 0.056944
40 0.504687 0.531944 0.030208 0.044444
19 0.244271 0.480556 0.032292 0.047222
53 0.397917 0.426389 0.031250 0.047222
57 0.221354 0.533333 0.032292 0.047222
14 0.478646 0.592361 0.044792 0.056944
54 0.556771 0.426389 0.030208 0.047222
3 0.219271 0.372917 0.032292 0.048611
12 0.564583 0.479861 0.029167 0.045833
24 0.324479 0.479861 0.030208 0.045833
29 0.444792 0.479861 0.031250 0.045833
52 0.107813 0.427778 0.046875 0.047222
9 0.460938 0.373611 0.030208 0.047222
