50 0.618437 0.617917 0.056875 0.054167
51 0.332188 0.473750 0.031875 0.042500
8 0.421250 0.425833 0.030000 0.041667
30 0.506250 0.503750 0.818750 0.329167
14 0.473750 0.618333 0.038750 0.055000
16 0.282187 0.567917 0.034375 0.042500
56 0.224688 0.475833 0.033125 0.046667
10 0.195000 0.524167 0.033750 0.046667
5 0.315937 0.427083 0.030625 0.042500
35 0.390000 0.566250 0.030000 0.040833
31 0.478750 0.519167 0.030000 0.043333
11 0.560000 0.424167 0.030000 0.041667
40 0.495312 0.565000 0.031875 0.040000
29 0.444375 0.519167 0.031250 0.041667
37 0.513437 0.518750 0.030625 0.042500
46 0.598125 0.563333 0.095000 0.040000
54 0.540937 0.471667 0.031875 0.043333
48 0.525000 0.425417 0.030000 0.042500
38 0.505625 0.472500 0.031250 0.043333
59 0.367500 0.473333 0.031250 0.041667
39 0.575625 0.471250 0.030000 0.044167
18 0.459688 0.565000 0.029375 0.041667
2 0.210000 0.428750 0.032500 0.044167
33 0.425312 0.565833 0.030625 0.041667
21 0.260625 0.475000 0.031250 0.045000
42 0.296875 0.474583 0.032500 0.042500
47 0.353750 0.620000 0.193750 0.058333
49 0.138437 0.625000 0.049375 0.055000
6 0.351250 0.426250 0.030000 0.042500
23 0.302812 0.521667 0.031875 0.041667
34 0.530937 0.564167 0.030625 0.040000
15 0.354375 0.566667 0.032500 0.041667
17 0.136875 0.430417 0.032500 0.045833
57 0.246250 0.568333 0.031250 0.041667
26 0.583438 0.518333 0.029375 0.043333
19 0.266875 0.522083 0.032500 0.044167
3 0.245312 0.427500 0.033125 0.043333
45 0.145313 0.521667 0.053125 0.038333
58 0.210000 0.569167 0.032500 0.041667
7 0.386562 0.425833 0.030625 0.041667
25 0.373437 0.520000 0.031875 0.043333
27 0.437188 0.472500 0.029375 0.041667
28 0.409062 0.519583 0.029375 0.042500
22 0.618437 0.494167 0.046875 0.090000
24 0.338125 0.521250 0.031250 0.042500
1 0.174063 0.430000 0.033125 0.046667
13 0.231250 0.621667 0.038750 0.055000
0 0.490000 0.425833 0.030000 0.043333
55 0.319063 0.567083 0.031875 0.040833
43 0.230937 0.524167 0.033125 0.045000
53 0.401250 0.472500 0.030000 0.041667
20 0.610000 0.423750 0.058750 0.042500
12 0.549063 0.517500 0.030625 0.041667
52 0.144687 0.476667 0.048125 0.045000
32 0.173437 0.569167 0.033125 0.043333
41 0.189062 0.476667 0.033125 0.045000
9 0.455625 0.425417 0.031250 0.042500
36 0.471250 0.472500 0.030000 0.043333
44 0.134375 0.570417 0.036250 0.042500
4 0.280938 0.426667 0.030625 0.041667
