26 0.658898 0.613027 0.044492 0.080460
25 0.359110 0.608238 0.044492 0.082375
9 0.484110 0.432950 0.044492 0.080460
58 0.124470 0.697318 0.047669 0.084291
13 0.156250 0.797893 0.047669 0.101533
54 0.594280 0.524904 0.044492 0.080460
35 0.384004 0.699234 0.045551 0.084291
14 0.501059 0.799808 0.046610 0.101533
40 0.534428 0.699234 0.045551 0.080460
19 0.203919 0.608238 0.045551 0.082375
10 0.100106 0.606322 0.047669 0.082375
29 0.459746 0.609195 0.044492 0.080460
30 0.493114 0.562261 0.984110 0.687739
55 0.280720 0.698276 0.046610 0.082375
48 0.581568 0.435824 0.042373 0.078544
34 0.584216 0.701149 0.045551 0.080460
36 0.494703 0.522031 0.044492 0.082375
11 0.628178 0.436782 0.042373 0.080460
6 0.334216 0.430077 0.045551 0.078544
42 0.241525 0.518199 0.046610 0.082375
17 0.027013 0.423372 0.041314 0.080460
47 0.329449 0.799808 0.288136 0.105364
4 0.231462 0.427203 0.045551 0.080460
18 0.484640 0.700192 0.045551 0.082375
24 0.307733 0.607280 0.045551 0.080460
51 0.293962 0.517241 0.045551 0.080460
7 0.384534 0.431992 0.044492 0.078544
20 0.690148 0.437739 0.068856 0.082375
41 0.086335 0.515326 0.047669 0.080460
45 0.038136 0.605364 0.069915 0.084291
0 0.533369 0.434866 0.045551 0.080460
15 0.333157 0.700192 0.047669 0.082375
32 0.073623 0.697318 0.045551 0.084291
31 0.510064 0.611111 0.043432 0.080460
59 0.345339 0.519157 0.044492 0.080460
8 0.433792 0.431992 0.043432 0.078544
57 0.177436 0.699234 0.047669 0.084291
44 0.023835 0.696360 0.043432 0.082375
37 0.559322 0.611111 0.044492 0.080460
21 0.190148 0.516284 0.047669 0.082375
23 0.256356 0.607280 0.046610 0.080460
52 0.031780 0.513410 0.052966 0.084291
28 0.409958 0.610153 0.044492 0.082375
33 0.433792 0.699234 0.045551 0.084291
49 0.038665 0.800766 0.075212 0.099617
3 0.179025 0.426245 0.046610 0.082375
5 0.283369 0.429119 0.045551 0.080460
56 0.137712 0.515326 0.046610 0.084291
2 0.128708 0.426245 0.047669 0.078544
39 0.644068 0.524904 0.044492 0.080460
16 0.228814 0.698276 0.046610 0.082375
1 0.076271 0.426245 0.046610 0.082375
12 0.609110 0.612069 0.044492 0.082375
53 0.395657 0.520115 0.045551 0.082375
38 0.545021 0.522989 0.043432 0.080460
22 0.698623 0.569923 0.051907 0.170498
43 0.152013 0.606322 0.047669 0.082375
27 0.445445 0.521073 0.043432 0.080460
46 0.668432 0.703065 0.112288 0.084291
