54 0.786133 0.328032 0.059570 0.080848
11 0.831299 0.241219 0.059082 0.078197
8 0.571777 0.242876 0.058594 0.078860
23 0.366455 0.412194 0.059082 0.079523
6 0.443115 0.241882 0.059082 0.079523
40 0.721924 0.497349 0.060059 0.078860
14 0.722656 0.585156 0.060547 0.079523
28 0.560791 0.412194 0.058105 0.079523
48 0.765869 0.242876 0.060059 0.078860
13 0.270508 0.584824 0.059570 0.078860
4 0.314209 0.241551 0.058105 0.077535
42 0.334473 0.328363 0.058594 0.080186
45 0.088135 0.413188 0.101074 0.080186
22 0.920898 0.370775 0.065430 0.165010
12 0.818848 0.413188 0.059570 0.080186
57 0.270020 0.498012 0.059570 0.080186
32 0.140137 0.498343 0.060547 0.080848
9 0.636230 0.243539 0.059570 0.080186
49 0.071289 0.584162 0.068359 0.080186
56 0.204346 0.327700 0.058105 0.080186
29 0.625244 0.412194 0.059082 0.079523
0 0.701904 0.243539 0.060059 0.081511
1 0.120117 0.241882 0.058594 0.078197
30 0.498047 0.377071 0.939453 0.538105
31 0.689697 0.412194 0.058105 0.079523
58 0.205322 0.498343 0.059082 0.079523
26 0.877686 0.413850 0.045410 0.080186
5 0.377930 0.241882 0.059570 0.079523
21 0.269775 0.328363 0.060059 0.080186
19 0.302246 0.413188 0.059570 0.080186
59 0.463867 0.328032 0.058594 0.079523
17 0.061768 0.242876 0.045410 0.077535
52 0.071777 0.327369 0.066406 0.080848
37 0.753906 0.412856 0.059570 0.079523
55 0.398926 0.498012 0.059570 0.080186
35 0.527588 0.498343 0.059082 0.079523
15 0.463623 0.498012 0.060059 0.080186
44 0.071533 0.499006 0.066895 0.079523
3 0.249023 0.241882 0.060547 0.079523
7 0.508545 0.243539 0.059082 0.078860
33 0.592529 0.498675 0.060059 0.080186
16 0.334229 0.498675 0.059082 0.080186
46 0.887695 0.497349 0.130859 0.081511
34 0.786133 0.497681 0.059570 0.079523
51 0.398682 0.327700 0.058105 0.078860
43 0.237549 0.413188 0.059082 0.078860
53 0.527344 0.328363 0.058594 0.080186
10 0.172852 0.412194 0.058594 0.079523
38 0.721924 0.327700 0.060059 0.080186
18 0.657227 0.498012 0.058594 0.080186
39 0.851807 0.327700 0.059082 0.080186
2 0.185059 0.242876 0.060547 0.078860
36 0.656738 0.327369 0.059570 0.079523
27 0.592529 0.327038 0.058105 0.078860
41 0.140137 0.328032 0.060547 0.079523
20 0.910156 0.242876 0.087891 0.080186
25 0.495605 0.413188 0.059570 0.078860
24 0.431396 0.412525 0.059082 0.078860
47 0.496582 0.584162 0.386719 0.082836
