34 0.494167 0.515000 0.035000 0.056667
25 0.321667 0.441667 0.033333 0.056667
59 0.305000 0.376667 0.033333 0.053333
30 0.451667 0.443333 0.900000 0.446667
16 0.220833 0.505000 0.035000 0.056667
36 0.418333 0.381667 0.033333 0.056667
10 0.126667 0.433333 0.033333 0.060000
26 0.550833 0.451667 0.031667 0.056667
37 0.475000 0.448333 0.033333 0.056667
56 0.151667 0.370000 0.033333 0.060000
15 0.300000 0.510000 0.033333 0.060000
13 0.178333 0.571667 0.036667 0.063333
41 0.112500 0.368333 0.035000 0.056667
48 0.475833 0.321667 0.031667 0.050000
4 0.213333 0.308333 0.033333 0.056667
55 0.260833 0.508333 0.035000 0.056667
53 0.343333 0.378333 0.033333 0.056667
7 0.325833 0.315000 0.031667 0.056667
40 0.456667 0.515000 0.033333 0.056667
19 0.205000 0.438333 0.033333 0.056667
58 0.142500 0.503333 0.035000 0.060000
6 0.288333 0.313333 0.033333 0.053333
46 0.565000 0.521667 0.090000 0.056667
38 0.456667 0.381667 0.033333 0.056667
42 0.228333 0.375000 0.033333 0.056667
3 0.175000 0.305000 0.033333 0.056667
51 0.266667 0.375000 0.033333 0.056667
35 0.343333 0.513333 0.033333 0.060000
0 0.438333 0.320000 0.033333 0.053333
20 0.569167 0.323333 0.068333 0.053333
44 0.053333 0.496667 0.056667 0.060000
31 0.437500 0.448333 0.031667 0.056667
12 0.514167 0.451667 0.031667 0.056667
2 0.137500 0.305000 0.035000 0.056667
24 0.283333 0.441667 0.033333 0.056667
43 0.165833 0.436667 0.031667 0.060000
49 0.045833 0.566667 0.058333 0.066667
22 0.580000 0.421667 0.050000 0.123333
32 0.101667 0.500000 0.036667 0.060000
27 0.380833 0.380000 0.031667 0.053333
52 0.065000 0.365000 0.053333 0.056667
45 0.069167 0.430000 0.075000 0.060000
14 0.455833 0.583333 0.035000 0.060000
9 0.400833 0.318333 0.031667 0.056667
5 0.254167 0.313333 0.035000 0.053333
17 0.061667 0.305000 0.033333 0.050000
23 0.245000 0.440000 0.033333 0.060000
28 0.360000 0.445000 0.033333 0.056667
57 0.181667 0.505000 0.033333 0.056667
54 0.494167 0.385000 0.031667 0.056667
8 0.362500 0.315000 0.031667 0.056667
18 0.417500 0.515000 0.031667 0.056667
1 0.099167 0.305000 0.035000 0.056667
47 0.318333 0.578333 0.236667 0.063333
11 0.513333 0.323333 0.030000 0.053333
39 0.531667 0.386667 0.033333 0.053333
29 0.399167 0.445000 0.031667 0.056667
33 0.378333 0.510000 0.033333 0.060000
50 0.585000 0.588333 0.056667 0.063333
21 0.190000 0.371667 0.033333 0.056667
