41 0.086145 0.187500 0.066265 0.096014
13 0.231325 0.503623 0.067470 0.097826
28 0.530723 0.293478 0.063855 0.097826
10 0.101205 0.292572 0.065060 0.096014
57 0.209639 0.397645 0.065060 0.096014
55 0.352410 0.398551 0.066265 0.097826
22 0.959036 0.243659 0.084337 0.204710
44 0.017470 0.399457 0.032530 0.096014
43 0.172892 0.294384 0.063855 0.096014
27 0.587349 0.187500 0.063855 0.096014
4 0.283133 0.082428 0.065060 0.099638
14 0.686145 0.504529 0.068675 0.096014
31 0.673494 0.294384 0.065060 0.096014
42 0.301807 0.187500 0.063855 0.096014
2 0.140361 0.083333 0.068675 0.097826
0 0.711446 0.083333 0.066265 0.097826
40 0.710241 0.398551 0.066265 0.094203
32 0.065663 0.398551 0.068675 0.097826
46 0.913253 0.403080 0.175904 0.099638
51 0.373494 0.187500 0.065060 0.096014
11 0.856024 0.083333 0.066265 0.097826
18 0.637952 0.398551 0.066265 0.097826
53 0.516265 0.188406 0.066265 0.097826
38 0.730120 0.188406 0.065060 0.097826
36 0.657831 0.188406 0.065060 0.097826
30 0.501205 0.293478 1.000000 0.583333
59 0.444578 0.188406 0.065060 0.097826
52 0.024699 0.187500 0.046988 0.099638
34 0.781325 0.398551 0.066265 0.094203
20 0.948795 0.084239 0.104819 0.099638
45 0.033133 0.293478 0.063855 0.097826
5 0.354217 0.082428 0.065060 0.099638
58 0.137952 0.398551 0.066265 0.097826
3 0.211446 0.082428 0.066265 0.099638
33 0.569880 0.403080 0.065060 0.096014
25 0.458434 0.293478 0.063855 0.097826
15 0.423494 0.398551 0.066265 0.097826
8 0.567470 0.083333 0.065060 0.097826
24 0.387952 0.293478 0.065060 0.094203
35 0.500000 0.405797 0.065060 0.097826
29 0.601807 0.293478 0.063855 0.097826
49 0.025301 0.503623 0.048193 0.097826
23 0.315663 0.293478 0.065060 0.097826
56 0.158434 0.187500 0.063855 0.099638
21 0.230723 0.188406 0.066265 0.097826
1 0.067470 0.083333 0.067470 0.097826
9 0.638554 0.083333 0.065060 0.097826
19 0.244578 0.294384 0.065060 0.096014
47 0.459036 0.505435 0.378313 0.101449
16 0.280723 0.398551 0.065060 0.097826
7 0.497590 0.083333 0.065060 0.097826
6 0.425904 0.082428 0.063855 0.099638
