53 0.524167 0.304762 0.055000 0.104762
22 0.902083 0.363492 0.079167 0.222222
45 0.096667 0.418254 0.086667 0.106349
3 0.264583 0.191270 0.055833 0.106349
38 0.706250 0.303968 0.055833 0.106349
31 0.657917 0.415873 0.054167 0.104762
33 0.567083 0.529365 0.055833 0.106349
34 0.749167 0.528571 0.056667 0.104762
46 0.861667 0.529365 0.158333 0.106349
2 0.204583 0.192063 0.055833 0.104762
0 0.690417 0.192063 0.055833 0.107937
1 0.143750 0.192063 0.054167 0.104762
16 0.324583 0.529365 0.055833 0.106349
19 0.293333 0.417460 0.055000 0.104762
6 0.447500 0.190476 0.055000 0.104762
29 0.597500 0.415873 0.055000 0.104762
41 0.160000 0.304762 0.056667 0.104762
4 0.325833 0.190476 0.055000 0.104762
42 0.342500 0.304762 0.055000 0.104762
17 0.082083 0.190476 0.054167 0.104762
20 0.892917 0.191270 0.094167 0.106349
52 0.091250 0.303968 0.072500 0.106349
58 0.202917 0.528571 0.055833 0.104762
47 0.475417 0.643651 0.322500 0.109524
59 0.463750 0.303968 0.054167 0.106349
14 0.668750 0.642857 0.057500 0.104762
15 0.445833 0.528571 0.056667 0.104762
40 0.688750 0.527778 0.055833 0.103175
26 0.839583 0.416667 0.054167 0.106349
37 0.718333 0.417460 0.055000 0.104762
21 0.281667 0.303968 0.056667 0.106349
57 0.264167 0.528571 0.055000 0.104762
10 0.172083 0.416667 0.055833 0.106349
48 0.750417 0.191270 0.055833 0.106349
24 0.414583 0.416667 0.054167 0.103175
39 0.827917 0.303968 0.055833 0.106349
25 0.475417 0.417460 0.054167 0.104762
55 0.385000 0.528571 0.055000 0.104762
43 0.232917 0.417460 0.055833 0.104762
30 0.498750 0.388095 0.909167 0.674603
23 0.354167 0.416667 0.055000 0.103175
11 0.811250 0.190476 0.054167 0.104762
51 0.402917 0.303968 0.054167 0.103175
7 0.508333 0.192063 0.055000 0.104762
49 0.090417 0.642857 0.075833 0.107937
54 0.767083 0.304762 0.055833 0.104762
18 0.627917 0.528571 0.055833 0.104762
9 0.629167 0.192063 0.056667 0.107937
56 0.220000 0.303968 0.055000 0.106349
35 0.506250 0.529365 0.055833 0.106349
5 0.386250 0.192063 0.055833 0.104762
27 0.585000 0.303175 0.055000 0.104762
8 0.568333 0.192063 0.055000 0.104762
28 0.536250 0.416667 0.054167 0.106349
12 0.778750 0.417460 0.055833 0.104762
44 0.082500 0.529365 0.055000 0.106349
13 0.282083 0.642063 0.057500 0.106349
32 0.142083 0.529365 0.055833 0.106349
36 0.645417 0.303968 0.055833 0.106349
