1 0.196281 0.255515 0.048209 0.055147
40 0.674242 0.444853 0.048209 0.058824
52 0.151515 0.316176 0.052342 0.058824
54 0.724518 0.316176 0.049587 0.058824
38 0.670799 0.315257 0.046832 0.056985
4 0.349174 0.256434 0.045455 0.053309
2 0.247245 0.255515 0.048209 0.055147
31 0.641873 0.380515 0.046832 0.058824
8 0.552342 0.257353 0.044077 0.055147
33 0.565427 0.444853 0.048209 0.062500
44 0.135675 0.443934 0.050964 0.060662
57 0.296832 0.443934 0.050964 0.060662
13 0.308540 0.511029 0.052342 0.062500
32 0.188705 0.443015 0.052342 0.062500
37 0.695592 0.379596 0.049587 0.060662
14 0.634986 0.512868 0.052342 0.062500
26 0.803030 0.378676 0.049587 0.058824
27 0.566804 0.317096 0.045455 0.056985
35 0.511708 0.443934 0.048209 0.060662
25 0.482094 0.379596 0.046832 0.056985
12 0.749311 0.378676 0.049587 0.058824
10 0.218320 0.378676 0.048209 0.058824
18 0.619835 0.443934 0.049587 0.060662
21 0.307851 0.317096 0.048209 0.056985
28 0.535124 0.380515 0.045455 0.058824
30 0.496556 0.374081 0.816804 0.395221
55 0.404270 0.443934 0.048209 0.060662
9 0.603994 0.256434 0.045455 0.056985
51 0.411846 0.317096 0.046832 0.056985
24 0.429752 0.379596 0.046832 0.056985
17 0.150826 0.256434 0.037190 0.053309
39 0.778237 0.314338 0.049587 0.058824
0 0.655647 0.256434 0.046832 0.053309
22 0.839532 0.346507 0.064738 0.119485
56 0.255510 0.315257 0.048209 0.056985
49 0.132231 0.510110 0.074380 0.064338
46 0.818871 0.443015 0.119835 0.062500
5 0.400138 0.256434 0.045455 0.053309
36 0.618457 0.317096 0.046832 0.056985
16 0.351240 0.443934 0.049587 0.060662
59 0.463499 0.317096 0.045455 0.056985
11 0.763085 0.256434 0.052342 0.056985
43 0.271350 0.379596 0.046832 0.056985
20 0.825069 0.254596 0.071625 0.056985
3 0.298898 0.255515 0.046832 0.055147
42 0.360193 0.317096 0.045455 0.056985
45 0.154270 0.378676 0.074380 0.058824
34 0.727961 0.444853 0.050964 0.058824
58 0.242424 0.443934 0.049587 0.060662
41 0.203857 0.316176 0.049587 0.058824
6 0.451102 0.257353 0.045455 0.055147
53 0.515840 0.318015 0.045455 0.058824
15 0.457300 0.443934 0.049587 0.060662
19 0.324380 0.380515 0.048209 0.058824
48 0.706612 0.255515 0.046832 0.055147
23 0.377410 0.379596 0.046832 0.056985
47 0.471763 0.512868 0.268595 0.066176
7 0.502066 0.257353 0.045455 0.055147
29 0.588843 0.379596 0.048209 0.056985
