4 0.306211 0.012055 0.041667 0.022013
20 0.564072 0.278826 0.091981 0.094340
59 0.323506 0.080189 0.043239 0.040881
37 0.397799 0.238470 0.051887 0.049266
49 0.089230 0.011530 0.052673 0.020964
10 0.194182 0.008910 0.039308 0.015723
12 0.426887 0.276730 0.056604 0.052411
46 0.423349 0.355346 0.112421 0.123690
42 0.280660 0.035639 0.040881 0.035639
39 0.485849 0.268344 0.055031 0.050314
22 0.514544 0.330189 0.101415 0.111111
41 0.221698 0.008910 0.039308 0.015723
0 0.452044 0.162998 0.051887 0.038784
33 0.288522 0.174528 0.050314 0.045073
27 0.371855 0.135744 0.047170 0.042977
40 0.339623 0.243711 0.055031 0.049266
30 0.519654 0.501048 0.962264 1.000000
35 0.265723 0.144654 0.048742 0.044025
38 0.425708 0.197589 0.051101 0.045073
56 0.240566 0.009958 0.040881 0.017820
48 0.481525 0.194969 0.054245 0.044025
45 0.169025 0.013627 0.058176 0.025157
17 0.229953 0.007338 0.038522 0.012579
13 0.142689 0.058700 0.043239 0.035639
50 0.389937 0.403564 0.080189 0.088050
29 0.343947 0.171384 0.049528 0.047170
54 0.455189 0.233753 0.055031 0.050314
53 0.346698 0.107966 0.045597 0.041929
57 0.183569 0.036688 0.041667 0.037736
24 0.272406 0.085954 0.047956 0.041929
47 0.218947 0.158281 0.156447 0.197065
28 0.319182 0.139937 0.047170 0.045073
16 0.202044 0.061845 0.044025 0.039832
23 0.251965 0.062893 0.044811 0.035639
36 0.397799 0.166143 0.048742 0.045073
34 0.367138 0.280398 0.056604 0.051363
19 0.231918 0.034067 0.040881 0.038784
18 0.312893 0.208595 0.053459 0.048218
3 0.286164 0.008910 0.040881 0.015723
55 0.222484 0.088574 0.045597 0.040881
1 0.247642 0.008910 0.037736 0.015723
43 0.212264 0.016247 0.040881 0.030398
52 0.200472 0.010482 0.048742 0.018868
21 0.260220 0.013103 0.040881 0.024109
5 0.327044 0.029350 0.042453 0.033543
51 0.301494 0.054507 0.043239 0.039832
31 0.369890 0.203354 0.051101 0.046122
6 0.349057 0.053983 0.044025 0.036688
44 0.130110 0.011530 0.047956 0.020964
11 0.512972 0.227463 0.054245 0.044025
32 0.150157 0.009958 0.040881 0.017820
8 0.398192 0.105346 0.046384 0.038784
25 0.295991 0.114256 0.047956 0.041929
2 0.267296 0.008910 0.037736 0.015723
15 0.243711 0.115304 0.047170 0.044025
7 0.373428 0.078092 0.044025 0.036688
9 0.424135 0.134696 0.049528 0.038784
14 0.293632 0.271488 0.058962 0.054507
58 0.165094 0.015723 0.040881 0.029350
26 0.457940 0.313941 0.058962 0.055556
