33 0.426230 0.554645 0.030738 0.046448
30 0.526127 0.482240 0.923156 0.426230
25 0.367828 0.502049 0.030738 0.045082
15 0.346824 0.554645 0.033811 0.046448
23 0.288934 0.502049 0.030738 0.045082
2 0.185963 0.396858 0.031762 0.047814
36 0.478996 0.450137 0.029713 0.045082
45 0.117828 0.499317 0.055328 0.039617
1 0.146516 0.398224 0.030738 0.047814
44 0.106557 0.555328 0.036885 0.045082
39 0.596824 0.449454 0.029713 0.043716
56 0.203381 0.449454 0.031762 0.046448
0 0.501537 0.397541 0.031762 0.046448
26 0.603484 0.502049 0.028689 0.045082
27 0.440061 0.449454 0.029713 0.043716
51 0.322234 0.449454 0.029713 0.046448
49 0.110143 0.614754 0.050205 0.057377
41 0.163934 0.450137 0.032787 0.047814
17 0.106045 0.396858 0.029713 0.045082
6 0.343750 0.396858 0.031762 0.045082
21 0.242828 0.450137 0.030738 0.047814
11 0.579406 0.396858 0.029713 0.045082
32 0.147541 0.553962 0.034836 0.047814
5 0.303279 0.396858 0.030738 0.047814
37 0.525102 0.502049 0.029713 0.045082
16 0.266393 0.553962 0.032787 0.045082
50 0.645492 0.614754 0.063525 0.060109
7 0.383197 0.396175 0.030738 0.046448
58 0.187500 0.554645 0.032787 0.046448
35 0.386270 0.553962 0.030738 0.045082
10 0.170594 0.502049 0.031762 0.045082
8 0.423156 0.396175 0.030738 0.046448
4 0.264857 0.396175 0.029713 0.046448
34 0.544057 0.553279 0.028689 0.043716
38 0.517930 0.450137 0.029713 0.045082
46 0.621414 0.553962 0.101434 0.045082
43 0.209529 0.502049 0.031762 0.045082
42 0.282275 0.449454 0.031762 0.046448
47 0.346824 0.614754 0.212090 0.060109
22 0.645492 0.476776 0.049180 0.098361
20 0.638320 0.397541 0.067623 0.049180
18 0.464652 0.554645 0.029713 0.046448
31 0.486680 0.502049 0.028689 0.045082
48 0.540471 0.396858 0.029713 0.045082
28 0.407275 0.501366 0.029713 0.046448
59 0.361168 0.449454 0.029713 0.046448
55 0.305840 0.554645 0.031762 0.046448
13 0.212090 0.612705 0.043033 0.056011
40 0.505635 0.553279 0.029713 0.043716
19 0.249488 0.502732 0.031762 0.046448
53 0.400615 0.449454 0.030738 0.046448
57 0.226947 0.554645 0.031762 0.046448
14 0.480020 0.612705 0.044057 0.056011
54 0.556865 0.449454 0.029713 0.046448
3 0.224898 0.396858 0.031762 0.047814
12 0.564549 0.502049 0.028689 0.045082
24 0.328381 0.502049 0.029713 0.045082
29 0.446721 0.502049 0.030738 0.045082
52 0.115266 0.450820 0.046107 0.046448
9 0.462602 0.397541 0.029713 0.046448
