25 0.446994 0.441296 0.061709 0.076923
54 0.780063 0.350202 0.060127 0.080972
35 0.477848 0.527328 0.063291 0.078947
5 0.337025 0.262146 0.063291 0.078947
40 0.689873 0.526316 0.063291 0.076923
59 0.428797 0.350202 0.063291 0.080972
36 0.643987 0.356275 0.063291 0.080972
19 0.229430 0.440283 0.063291 0.078947
31 0.659019 0.440283 0.061709 0.078947
6 0.408228 0.262146 0.063291 0.078947
29 0.588608 0.444332 0.063291 0.078947
26 0.865506 0.438259 0.063291 0.078947
4 0.267405 0.262146 0.063291 0.078947
39 0.851266 0.350202 0.063291 0.080972
34 0.761076 0.525304 0.063291 0.078947
37 0.724684 0.438259 0.063291 0.078947
44 0.015823 0.528340 0.028481 0.080972
57 0.196203 0.527328 0.063291 0.078947
28 0.512658 0.439271 0.060127 0.076923
17 0.015823 0.265182 0.028481 0.080972
56 0.143987 0.350202 0.063291 0.080972
53 0.498418 0.351215 0.063291 0.078947
48 0.767405 0.266194 0.063291 0.078947
20 0.925633 0.262146 0.104430 0.078947
42 0.286392 0.351215 0.063291 0.078947
1 0.061709 0.264170 0.063291 0.078947
30 0.498418 0.409919 0.993671 0.544534
8 0.550633 0.262146 0.063291 0.078947
24 0.371835 0.439271 0.063291 0.076923
7 0.480222 0.264170 0.061709 0.078947
10 0.088608 0.440283 0.063291 0.078947
41 0.073576 0.352227 0.064873 0.080972
21 0.215190 0.352227 0.063291 0.080972
22 0.935127 0.395749 0.085443 0.172065
49 0.022152 0.616397 0.041139 0.082996
45 0.026108 0.439271 0.049051 0.080972
58 0.125000 0.527328 0.063291 0.078947
47 0.440665 0.616397 0.368671 0.082996
13 0.217563 0.616397 0.064873 0.078947
16 0.265823 0.527328 0.063291 0.078947
12 0.794304 0.438259 0.063291 0.078947
0 0.691456 0.263158 0.063291 0.080972
14 0.663766 0.616397 0.064873 0.078947
46 0.888449 0.525304 0.175633 0.082996
51 0.357595 0.351215 0.063291 0.078947
38 0.710443 0.349190 0.063291 0.078947
23 0.300633 0.439271 0.063291 0.076923
33 0.548259 0.526316 0.064873 0.080972
52 0.020570 0.351215 0.037975 0.082996
2 0.125791 0.263158 0.064873 0.080972
43 0.159019 0.440283 0.061709 0.078947
18 0.618671 0.526316 0.063291 0.080972
15 0.407437 0.526316 0.064873 0.080972
55 0.337025 0.527328 0.063291 0.078947
27 0.569620 0.349190 0.063291 0.078947
11 0.836234 0.264170 0.061709 0.078947
9 0.621835 0.263158 0.063291 0.080972
3 0.196203 0.263158 0.063291 0.080972
32 0.054589 0.528340 0.064873 0.080972
