21 0.318182 0.464623 0.046225 0.080189
57 0.297381 0.630307 0.043143 0.074292
25 0.515794 0.538325 0.060863 0.081368
50 0.848998 0.629127 0.086287 0.112028
37 0.744222 0.469340 0.061633 0.087264
36 0.662173 0.408608 0.056240 0.083726
52 0.129430 0.458137 0.086287 0.079009
22 0.910247 0.371462 0.100924 0.181604
41 0.205701 0.461085 0.049307 0.080189
16 0.352851 0.631486 0.044684 0.079009
39 0.832435 0.353184 0.059322 0.088443
1 0.181433 0.376769 0.046995 0.079009
3 0.294299 0.380307 0.046225 0.079009
46 0.865948 0.519458 0.106317 0.100236
23 0.385593 0.547759 0.043914 0.074292
4 0.348998 0.380896 0.043143 0.077830
45 0.129045 0.545991 0.090139 0.080189
55 0.409091 0.631486 0.046225 0.076651
15 0.471495 0.628538 0.063174 0.080189
43 0.273498 0.547170 0.044684 0.077830
33 0.613636 0.597877 0.054700 0.084906
49 0.117103 0.728184 0.078582 0.097877
11 0.792758 0.275354 0.057011 0.090802
9 0.623267 0.334316 0.053929 0.090802
38 0.718028 0.390920 0.058552 0.086085
8 0.568952 0.351415 0.050077 0.091981
47 0.497689 0.714033 0.346687 0.152123
29 0.631741 0.504127 0.053929 0.083726
24 0.446841 0.546580 0.057011 0.076651
0 0.680663 0.315448 0.054700 0.090802
2 0.238444 0.379127 0.046995 0.079009
18 0.669877 0.579599 0.056240 0.086085
28 0.576271 0.520637 0.047766 0.081368
26 0.857473 0.435142 0.060092 0.089623
53 0.551618 0.443986 0.050847 0.081368
51 0.432974 0.463443 0.049307 0.075472
35 0.548151 0.616156 0.079353 0.086085
42 0.373652 0.464623 0.047766 0.077830
48 0.736133 0.296580 0.057781 0.090802
59 0.493837 0.457547 0.050847 0.080189
31 0.687596 0.486439 0.054700 0.086085
27 0.607088 0.425708 0.052388 0.082547
19 0.330508 0.547170 0.043143 0.075472
17 0.115948 0.373821 0.062404 0.077830
34 0.781202 0.545991 0.060092 0.084906
40 0.725732 0.561910 0.055470 0.083726
7 0.515794 0.366156 0.045455 0.088443
13 0.278505 0.731132 0.073190 0.103774
14 0.701079 0.673349 0.080123 0.115566
10 0.218413 0.546580 0.045455 0.079009
6 0.459553 0.376179 0.045455 0.082547
20 0.877504 0.250590 0.115562 0.104953
56 0.261556 0.461675 0.045455 0.081368
58 0.241911 0.630896 0.044684 0.077830
32 0.185285 0.630896 0.046995 0.082547
44 0.115562 0.628538 0.070878 0.077830
54 0.775039 0.372642 0.060092 0.087264
5 0.404083 0.380307 0.043914 0.081368
30 0.521186 0.456958 0.959168 0.826651
12 0.801618 0.451061 0.059322 0.083726
