53 0.540870 0.301325 0.057391 0.109272
22 0.935217 0.362583 0.082609 0.231788
45 0.094783 0.419702 0.090435 0.110927
3 0.270000 0.182947 0.058261 0.110927
38 0.730870 0.300497 0.058261 0.110927
31 0.680435 0.417219 0.056522 0.109272
33 0.585652 0.535596 0.058261 0.110927
34 0.775652 0.534768 0.059130 0.109272
46 0.893043 0.535596 0.165217 0.110927
2 0.207391 0.183775 0.058261 0.109272
0 0.714348 0.183775 0.058261 0.112583
1 0.143913 0.183775 0.056522 0.109272
16 0.332609 0.535596 0.058261 0.110927
19 0.300000 0.418874 0.057391 0.109272
6 0.460870 0.182119 0.057391 0.109272
29 0.617391 0.417219 0.057391 0.109272
41 0.160870 0.301325 0.059130 0.109272
4 0.333913 0.182119 0.057391 0.109272
42 0.351304 0.301325 0.057391 0.109272
17 0.079565 0.182119 0.056522 0.109272
20 0.925652 0.182947 0.098261 0.110927
52 0.089130 0.300497 0.075652 0.110927
58 0.205652 0.534768 0.058261 0.109272
47 0.490000 0.654801 0.336522 0.114238
59 0.477826 0.300497 0.056522 0.110927
14 0.691739 0.653974 0.060000 0.109272
15 0.459130 0.534768 0.059130 0.109272
40 0.712609 0.533940 0.058261 0.107616
26 0.870000 0.418046 0.056522 0.110927
37 0.743478 0.418874 0.057391 0.109272
21 0.287826 0.300497 0.059130 0.110927
57 0.269565 0.534768 0.057391 0.109272
10 0.173478 0.418046 0.058261 0.110927
48 0.776957 0.182947 0.058261 0.110927
24 0.426522 0.418046 0.056522 0.107616
39 0.857826 0.300497 0.058261 0.110927
25 0.490000 0.418874 0.056522 0.109272
55 0.395652 0.534768 0.057391 0.109272
43 0.236957 0.418874 0.058261 0.109272
30 0.514348 0.388245 0.948696 0.703642
23 0.363478 0.418046 0.057391 0.107616
11 0.840435 0.182119 0.056522 0.109272
51 0.414348 0.300497 0.056522 0.107616
7 0.524348 0.183775 0.057391 0.109272
49 0.088261 0.653974 0.079130 0.112583
54 0.794348 0.301325 0.058261 0.109272
18 0.649130 0.534768 0.058261 0.109272
9 0.650435 0.183775 0.059130 0.112583
56 0.223478 0.300497 0.057391 0.110927
35 0.522174 0.535596 0.058261 0.110927
5 0.396957 0.183775 0.058261 0.109272
27 0.604348 0.299669 0.057391 0.109272
8 0.586957 0.183775 0.057391 0.109272
28 0.553478 0.418046 0.056522 0.110927
12 0.806522 0.418874 0.058261 0.109272
44 0.080000 0.535596 0.057391 0.110927
13 0.288261 0.653146 0.060000 0.110927
32 0.142174 0.535596 0.058261 0.110927
36 0.667391 0.300497 0.058261 0.110927
