21 0.186055 0.447066 0.040832 0.067602
55 0.231895 0.593750 0.040062 0.059949
24 0.268875 0.540179 0.043143 0.062500
29 0.398690 0.557398 0.031587 0.056122
57 0.152542 0.565051 0.038521 0.061224
26 0.548921 0.563138 0.033128 0.057398
0 0.447227 0.434311 0.033128 0.059949
40 0.453390 0.619898 0.031587 0.058673
23 0.225732 0.525510 0.035439 0.066327
31 0.436441 0.559311 0.031587 0.057398
13 0.129815 0.636480 0.065485 0.091837
12 0.511556 0.560587 0.032357 0.057398
5 0.255393 0.407526 0.039291 0.067602
3 0.177196 0.375638 0.041602 0.065051
41 0.104777 0.413265 0.046225 0.068878
34 0.490370 0.621173 0.031587 0.058673
46 0.546610 0.623087 0.065485 0.059949
28 0.359399 0.555485 0.031587 0.054847
16 0.192604 0.580995 0.041602 0.062500
14 0.427196 0.691964 0.046995 0.075255
9 0.409476 0.432398 0.033128 0.058673
6 0.294684 0.417730 0.034669 0.062500
7 0.334361 0.426020 0.033898 0.063776
44 0.024653 0.517219 0.047766 0.072704
36 0.427196 0.495536 0.031587 0.057398
32 0.070878 0.536352 0.043143 0.072704
18 0.414869 0.619898 0.031587 0.058673
48 0.483821 0.436224 0.032357 0.056122
37 0.473035 0.559311 0.032357 0.057398
39 0.539676 0.500000 0.033128 0.058673
38 0.464176 0.496173 0.031587 0.058673
1 0.096302 0.342474 0.043143 0.067602
52 0.049307 0.393495 0.073960 0.077806
56 0.146379 0.429209 0.038521 0.065051
47 0.279661 0.677296 0.243451 0.117347
15 0.278891 0.608418 0.046225 0.061224
4 0.216872 0.390306 0.037750 0.063776
58 0.113251 0.551020 0.040062 0.063776
33 0.377889 0.618622 0.031587 0.058673
17 0.050077 0.324617 0.055470 0.070153
54 0.501926 0.498724 0.033128 0.061224
30 0.340909 0.485332 0.680277 0.616071
35 0.331664 0.617985 0.050077 0.057398
22 0.586672 0.532526 0.053159 0.121173
19 0.185670 0.512117 0.038521 0.062500
53 0.351310 0.492347 0.032357 0.058673
50 0.528120 0.697704 0.042373 0.058673
43 0.144068 0.495536 0.038521 0.067602
2 0.137904 0.359694 0.041602 0.066327
51 0.268105 0.476403 0.038521 0.062500
8 0.371726 0.429847 0.033128 0.061224
10 0.104391 0.480230 0.037750 0.065051
49 0.023498 0.591837 0.045455 0.089286
27 0.389831 0.494260 0.030817 0.057398
42 0.226117 0.459821 0.040832 0.062500
45 0.041602 0.460459 0.078582 0.081633
11 0.521572 0.437500 0.032357 0.058673
59 0.311248 0.486607 0.036980 0.059949
25 0.317411 0.552296 0.043143 0.058673
20 0.578968 0.438776 0.070108 0.056122
