13 0.165567 0.500000 0.046174 0.047452
0 0.474934 0.284271 0.031662 0.046573
53 0.370383 0.335237 0.031003 0.044815
1 0.086082 0.268014 0.033641 0.047452
38 0.496372 0.338313 0.031003 0.043937
18 0.443272 0.447276 0.031662 0.045694
10 0.116755 0.382250 0.031662 0.047452
58 0.137863 0.440685 0.032982 0.046573
2 0.130937 0.268893 0.033641 0.047452
55 0.272757 0.442004 0.032322 0.045694
31 0.464380 0.391916 0.030343 0.045694
25 0.338061 0.388401 0.031003 0.043937
40 0.484499 0.446397 0.031003 0.043937
27 0.413259 0.336555 0.031003 0.045694
9 0.434697 0.282074 0.031662 0.045694
22 0.628958 0.369947 0.049472 0.098418
17 0.041227 0.265378 0.033641 0.049209
57 0.183377 0.439367 0.032982 0.045694
30 0.491095 0.351933 0.980871 0.473638
43 0.161939 0.382250 0.032322 0.045694
54 0.536939 0.339631 0.029024 0.044815
29 0.422823 0.391916 0.029024 0.045694
21 0.197230 0.327768 0.031662 0.045694
11 0.559037 0.286028 0.029683 0.044815
32 0.092018 0.439807 0.033641 0.048330
20 0.619393 0.288225 0.071240 0.047452
35 0.358179 0.444640 0.031662 0.045694
56 0.151715 0.325571 0.032982 0.046573
4 0.219987 0.271968 0.032322 0.046573
47 0.319261 0.502636 0.238786 0.056239
49 0.043206 0.500000 0.057388 0.052724
59 0.327836 0.333480 0.030343 0.044815
3 0.175132 0.270211 0.033641 0.046573
6 0.307388 0.275483 0.031662 0.046573
50 0.629617 0.503954 0.052111 0.044815
28 0.380607 0.390598 0.030343 0.044815
39 0.577836 0.341388 0.030343 0.044815
26 0.586412 0.395431 0.030343 0.045694
36 0.454485 0.336555 0.030343 0.043937
44 0.041227 0.440685 0.044195 0.048330
41 0.107190 0.323814 0.033641 0.046573
8 0.392810 0.279877 0.031003 0.046573
14 0.469987 0.502197 0.041557 0.044815
52 0.050462 0.323374 0.054749 0.049209
7 0.350594 0.278120 0.031003 0.046573
48 0.516821 0.284710 0.031003 0.045694
24 0.295185 0.386643 0.031003 0.043937
12 0.546504 0.393234 0.029683 0.046573
15 0.315963 0.443322 0.031662 0.044815
42 0.241095 0.328207 0.031003 0.044815
51 0.284960 0.329086 0.030343 0.044815
5 0.263522 0.275044 0.032322 0.045694
33 0.401385 0.445518 0.032322 0.045694
34 0.525066 0.447276 0.030343 0.043937
45 0.048483 0.381810 0.054749 0.048330
37 0.504617 0.393234 0.030343 0.046573
46 0.602243 0.449473 0.100264 0.044815
16 0.228232 0.441564 0.032982 0.046573
19 0.207124 0.384886 0.031662 0.045694
23 0.251319 0.385764 0.030343 0.045694
