13 0.095113 0.433962 0.047254 0.058700
3 0.079564 0.177411 0.047658 0.059224
47 0.256260 0.434224 0.266155 0.061321
17 0.011712 0.175577 0.022617 0.058700
9 0.383481 0.178197 0.047254 0.059748
36 0.397213 0.242138 0.046446 0.058700
11 0.535945 0.176625 0.046042 0.058700
33 0.331179 0.369497 0.046850 0.058700
18 0.382270 0.369497 0.046446 0.058700
54 0.498384 0.242138 0.046850 0.058700
46 0.577141 0.368973 0.131664 0.059748
56 0.042205 0.240828 0.045638 0.059224
24 0.206179 0.306080 0.045638 0.057652
38 0.447900 0.241614 0.046850 0.058700
39 0.549879 0.241614 0.047254 0.058700
37 0.457391 0.306080 0.046446 0.058700
35 0.281099 0.369759 0.046042 0.058176
4 0.130654 0.177149 0.044830 0.058700
25 0.256260 0.306342 0.045638 0.058176
19 0.104402 0.305556 0.046446 0.058700
45 0.018376 0.305818 0.035945 0.059224
22 0.611066 0.273847 0.065428 0.124214
12 0.507674 0.305556 0.046850 0.058700
30 0.327342 0.287474 0.653877 0.389413
0 0.434168 0.178197 0.046042 0.059748
29 0.356422 0.305556 0.045638 0.058700
44 0.011712 0.370021 0.022617 0.058700
23 0.155291 0.306080 0.046446 0.058700
27 0.346527 0.242138 0.046042 0.058700
43 0.052908 0.305556 0.046850 0.058700
7 0.283320 0.178983 0.045638 0.058176
14 0.415994 0.434486 0.047658 0.057652
40 0.432754 0.369235 0.046446 0.057128
34 0.483239 0.369497 0.047254 0.057652
42 0.145194 0.242138 0.046446 0.058700
59 0.246163 0.242138 0.046446 0.058700
51 0.195679 0.242138 0.045638 0.057652
41 0.012722 0.240828 0.024637 0.059224
31 0.406704 0.305818 0.045234 0.058176
26 0.559168 0.305556 0.046446 0.058700
15 0.231220 0.369759 0.046446 0.058176
52 0.015549 0.240828 0.030291 0.059224
1 0.011914 0.176625 0.023021 0.058700
53 0.296446 0.242662 0.046042 0.058700
58 0.027868 0.369759 0.046850 0.058176
21 0.093901 0.241614 0.047254 0.058700
8 0.332795 0.178197 0.046042 0.058700
16 0.130250 0.369759 0.047254 0.058176
32 0.012520 0.369759 0.024233 0.059224
57 0.079160 0.369497 0.046850 0.057652
6 0.232431 0.177935 0.046446 0.059224
49 0.016559 0.434748 0.032310 0.059224
2 0.029281 0.177411 0.048061 0.059224
28 0.306341 0.306080 0.044830 0.058700
5 0.181341 0.177673 0.046042 0.058700
48 0.484653 0.177411 0.046850 0.059224
55 0.181139 0.369759 0.046446 0.058176
10 0.012520 0.304769 0.024233 0.058176
20 0.603998 0.177411 0.078756 0.059224
