14 0.515487 0.714587 0.028445 0.037943
55 0.364728 0.672007 0.027813 0.037099
30 0.507901 0.618465 0.668142 0.267285
2 0.262958 0.545110 0.030341 0.037943
36 0.503161 0.586847 0.027813 0.037099
50 0.586915 0.715852 0.042351 0.038786
52 0.204804 0.588533 0.041719 0.038786
49 0.205436 0.717960 0.045512 0.039629
40 0.525284 0.672007 0.026549 0.037099
59 0.407712 0.587268 0.027813 0.037943
27 0.471871 0.586847 0.027181 0.037099
48 0.553097 0.545110 0.027813 0.037943
38 0.535398 0.586847 0.027813 0.038786
3 0.295196 0.544266 0.030341 0.037943
6 0.393173 0.544266 0.029077 0.037943
12 0.572693 0.629848 0.027813 0.037099
25 0.413717 0.629427 0.027181 0.036256
20 0.637484 0.545531 0.067636 0.038786
54 0.566372 0.587268 0.027813 0.037943
41 0.243995 0.587268 0.030341 0.037943
0 0.521492 0.545110 0.027813 0.037943
11 0.585335 0.545110 0.026549 0.037943
4 0.328698 0.544266 0.029077 0.037943
1 0.229456 0.544688 0.029077 0.038786
31 0.509482 0.629427 0.026549 0.037943
58 0.266751 0.674115 0.027813 0.037943
33 0.461125 0.672007 0.027181 0.037099
24 0.381479 0.629848 0.027181 0.037099
26 0.604614 0.629848 0.027181 0.038786
46 0.607459 0.672428 0.063211 0.037943
16 0.332491 0.672850 0.027813 0.037099
30 0.405499 0.261804 0.612516 0.218381
57 0.299305 0.673693 0.028445 0.037099
56 0.276549 0.587268 0.029709 0.037943
18 0.493363 0.672007 0.027181 0.037099
23 0.349558 0.629427 0.027813 0.037943
51 0.375474 0.586847 0.027813 0.037099
22 0.644753 0.608769 0.051833 0.082631
32 0.234197 0.673693 0.028445 0.037099
42 0.342604 0.587268 0.027813 0.037943
47 0.414349 0.715852 0.167509 0.038786
53 0.439949 0.587268 0.027813 0.037943
37 0.540455 0.629848 0.026549 0.037099
44 0.200695 0.674958 0.030973 0.036256
10 0.250316 0.631113 0.029077 0.037943
29 0.477876 0.629848 0.027813 0.037099
45 0.208913 0.631535 0.047408 0.037099
13 0.310683 0.716695 0.028445 0.038786
5 0.361252 0.544688 0.028445 0.038786
19 0.316056 0.630270 0.029077 0.037943
34 0.556890 0.672007 0.027813 0.037099
7 0.426043 0.545110 0.027813 0.037943
21 0.309418 0.587268 0.028445 0.037943
8 0.457965 0.544688 0.027181 0.038786
43 0.283186 0.630691 0.029077 0.037099
9 0.489570 0.544688 0.028445 0.037099
39 0.598925 0.587268 0.028445 0.037943
28 0.445954 0.629427 0.027181 0.037943
15 0.397282 0.672007 0.028445 0.037099
17 0.197219 0.544688 0.027813 0.037099
35 0.429836 0.672428 0.027813 0.037943
