43 0.185946 0.442529 0.054493 0.083333
28 0.478011 0.440374 0.053537 0.084770
48 0.665870 0.265086 0.054493 0.081897
5 0.315010 0.266523 0.054493 0.081897
17 0.032027 0.268678 0.037285 0.080460
26 0.831740 0.352730 0.089866 0.084770
54 0.696463 0.352011 0.054493 0.083333
8 0.489962 0.266523 0.054493 0.081897
1 0.081740 0.267241 0.052581 0.080460
59 0.403920 0.353448 0.054493 0.083333
29 0.536807 0.440374 0.054493 0.084770
18 0.565488 0.528736 0.054493 0.083333
56 0.169216 0.354167 0.053537 0.081897
55 0.332696 0.530172 0.055449 0.083333
36 0.579350 0.353448 0.055449 0.083333
35 0.449331 0.528736 0.055449 0.083333
38 0.638145 0.352011 0.054493 0.083333
32 0.641969 0.619253 0.056405 0.086207
7 0.432122 0.265805 0.053537 0.083333
6 0.374283 0.265805 0.054493 0.083333
46 0.766252 0.527299 0.100382 0.083333
4 0.256214 0.266523 0.053537 0.081897
0 0.607553 0.264368 0.054493 0.083333
14 0.583174 0.617098 0.055449 0.084770
47 0.399140 0.619253 0.304971 0.086207
39 0.754780 0.352011 0.056405 0.083333
21 0.228011 0.354885 0.054493 0.083333
3 0.197419 0.267241 0.054493 0.083333
34 0.682600 0.528017 0.055449 0.081897
52 0.045889 0.354885 0.066922 0.080460
25 0.419694 0.441092 0.053537 0.083333
20 0.815488 0.262931 0.118547 0.083333
15 0.391013 0.529454 0.055449 0.081897
40 0.623805 0.528736 0.054493 0.083333
37 0.654398 0.441092 0.054493 0.083333
57 0.216061 0.530172 0.055449 0.083333
16 0.274379 0.530172 0.055449 0.083333
13 0.215583 0.619253 0.054493 0.083333
2 0.140535 0.267960 0.053537 0.081897
19 0.244264 0.442529 0.054493 0.083333
58 0.157266 0.530891 0.054493 0.081897
44 0.069790 0.529454 0.112811 0.084770
42 0.286329 0.354167 0.054493 0.081897
24 0.361377 0.441092 0.053537 0.083333
27 0.520076 0.352730 0.053537 0.081897
51 0.344646 0.352730 0.052581 0.081897
12 0.713193 0.439655 0.055449 0.083333
31 0.595602 0.439655 0.053537 0.083333
9 0.548757 0.265086 0.055449 0.081897
22 0.810229 0.438937 0.130975 0.084770
30 0.480402 0.416667 0.958891 0.551724
11 0.724187 0.263649 0.054493 0.081897
53 0.461759 0.353448 0.053537 0.083333
10 0.127629 0.441810 0.054493 0.081897
41 0.111855 0.355603 0.055449 0.081897
23 0.302581 0.441810 0.052581 0.081897
45 0.054015 0.441810 0.083174 0.081897
49 0.039197 0.619971 0.055449 0.084770
33 0.507648 0.529454 0.055449 0.084770
50 0.717017 0.617098 0.087954 0.084770
