54 0.677419 0.349385 0.050691 0.088115
39 0.730991 0.348361 0.051843 0.086066
38 0.624424 0.349385 0.050691 0.088115
22 0.781106 0.438525 0.119816 0.086066
49 0.091590 0.638320 0.079493 0.088115
27 0.516705 0.350410 0.049539 0.086066
24 0.370968 0.446721 0.050691 0.090164
4 0.275922 0.265369 0.049539 0.088115
23 0.317972 0.447746 0.050691 0.088115
1 0.118664 0.271516 0.048387 0.084016
33 0.505760 0.536885 0.052995 0.090164
21 0.250000 0.357582 0.050691 0.088115
58 0.186060 0.543033 0.049539 0.086066
51 0.356567 0.354508 0.049539 0.086066
11 0.703341 0.256148 0.049539 0.086066
14 0.604839 0.628074 0.052995 0.092213
57 0.238479 0.542008 0.050691 0.088115
6 0.382488 0.264344 0.050691 0.086066
59 0.410138 0.353484 0.050691 0.088115
28 0.478111 0.444672 0.050691 0.090164
34 0.666475 0.533811 0.051843 0.088115
44 0.106567 0.543033 0.102535 0.090164
35 0.452189 0.537910 0.051843 0.088115
9 0.542627 0.260246 0.050691 0.086066
50 0.712558 0.628074 0.051843 0.092213
20 0.786866 0.255123 0.108295 0.088115
17 0.074309 0.275615 0.033410 0.084016
56 0.197005 0.359631 0.050691 0.088115
7 0.436060 0.263320 0.049539 0.088115
45 0.092742 0.452869 0.074885 0.086066
32 0.548387 0.631148 0.052995 0.090164
52 0.085829 0.361680 0.058756 0.088115
5 0.328917 0.265369 0.049539 0.088115
19 0.264977 0.449795 0.050691 0.088115
46 0.742512 0.531762 0.091014 0.088115
8 0.489055 0.261270 0.051843 0.088115
15 0.398618 0.538934 0.052995 0.090164
40 0.612903 0.533811 0.050691 0.084016
12 0.693548 0.440574 0.050691 0.090164
30 0.475230 0.420082 0.890553 0.573770
31 0.585829 0.442623 0.049539 0.090164
2 0.171083 0.269467 0.049539 0.088115
48 0.649194 0.258197 0.049539 0.086066
25 0.424539 0.445697 0.049539 0.088115
43 0.211982 0.449795 0.050691 0.088115
53 0.463134 0.352459 0.050691 0.090164
55 0.345622 0.539959 0.050691 0.088115
26 0.800691 0.350410 0.080645 0.090164
42 0.302995 0.356557 0.050691 0.090164
0 0.595622 0.259221 0.050691 0.088115
3 0.223502 0.267418 0.050691 0.088115
41 0.145161 0.360656 0.050691 0.086066
13 0.211982 0.634221 0.050691 0.088115
37 0.639977 0.441598 0.051843 0.088115
16 0.292051 0.542008 0.051843 0.088115
47 0.380760 0.632172 0.284562 0.092213
36 0.570276 0.351434 0.050691 0.088115
10 0.158986 0.451844 0.050691 0.088115
18 0.558756 0.535861 0.050691 0.088115
29 0.532258 0.443648 0.050691 0.092213
