43 0.244492 0.427481 0.048305 0.073791
28 0.503390 0.425573 0.047458 0.075064
48 0.669915 0.270356 0.048305 0.072519
5 0.358898 0.271628 0.048305 0.072519
17 0.108051 0.273537 0.033051 0.071247
26 0.816949 0.347964 0.079661 0.075064
54 0.697034 0.347328 0.048305 0.073791
8 0.513983 0.271628 0.048305 0.072519
1 0.152119 0.272265 0.046610 0.071247
59 0.437712 0.348601 0.048305 0.073791
29 0.555508 0.425573 0.048305 0.075064
18 0.580932 0.503817 0.048305 0.073791
56 0.229661 0.349237 0.047458 0.072519
55 0.374576 0.505089 0.049153 0.073791
36 0.593220 0.348601 0.049153 0.073791
35 0.477966 0.503817 0.049153 0.073791
38 0.645339 0.347328 0.048305 0.073791
32 0.648729 0.583969 0.050000 0.076336
7 0.462712 0.270992 0.047458 0.073791
6 0.411441 0.270992 0.048305 0.073791
46 0.758898 0.502545 0.088983 0.073791
4 0.306780 0.271628 0.047458 0.072519
0 0.618220 0.269720 0.048305 0.073791
14 0.596610 0.582061 0.049153 0.075064
47 0.433475 0.583969 0.270339 0.076336
39 0.748729 0.347328 0.050000 0.073791
21 0.281780 0.349873 0.048305 0.073791
3 0.254661 0.272265 0.048305 0.073791
34 0.684746 0.503181 0.049153 0.072519
52 0.120339 0.349873 0.059322 0.071247
25 0.451695 0.426209 0.047458 0.073791
20 0.802542 0.268448 0.105085 0.073791
15 0.426271 0.504453 0.049153 0.072519
40 0.632627 0.503817 0.048305 0.073791
37 0.659746 0.426209 0.048305 0.073791
57 0.271186 0.505089 0.049153 0.073791
16 0.322881 0.505089 0.049153 0.073791
13 0.270763 0.583969 0.048305 0.073791
2 0.204237 0.272901 0.047458 0.072519
19 0.296186 0.427481 0.048305 0.073791
58 0.219068 0.505725 0.048305 0.072519
44 0.141525 0.504453 0.100000 0.075064
42 0.333475 0.349237 0.048305 0.072519
24 0.400000 0.426209 0.047458 0.073791
27 0.540678 0.347964 0.047458 0.072519
51 0.385169 0.347964 0.046610 0.072519
12 0.711864 0.424936 0.049153 0.073791
31 0.607627 0.424936 0.047458 0.073791
9 0.566102 0.270356 0.049153 0.072519
22 0.797881 0.424300 0.116102 0.075064
30 0.498729 0.404580 0.863559 0.488550
11 0.721610 0.269084 0.048305 0.072519
53 0.488983 0.348601 0.047458 0.073791
10 0.192797 0.426845 0.048305 0.072519
41 0.178814 0.350509 0.049153 0.072519
23 0.347881 0.426845 0.046610 0.072519
45 0.127542 0.426845 0.073729 0.072519
49 0.114407 0.584606 0.049153 0.075064
33 0.529661 0.504453 0.049153 0.075064
50 0.715254 0.582061 0.077966 0.075064
