25 0.546486 0.431731 0.103784 0.121154
13 0.232162 0.849519 0.127027 0.160577
37 0.893243 0.287981 0.098919 0.108654
5 0.351622 0.275962 0.095676 0.103846
34 0.963243 0.376923 0.074595 0.113462
15 0.538108 0.569231 0.105405 0.130769
54 0.911622 0.162500 0.092432 0.096154
21 0.214595 0.447596 0.100541 0.129808
31 0.808378 0.323077 0.100000 0.103846
58 0.153243 0.737981 0.102162 0.135577
0 0.776216 0.103846 0.092973 0.100000
16 0.350270 0.655288 0.105946 0.133654
29 0.723243 0.357212 0.100541 0.112500
27 0.662703 0.261538 0.095135 0.103846
32 0.836757 0.575962 0.104865 0.136538
41 0.037027 0.526442 0.072973 0.125962
59 0.487568 0.335577 0.096216 0.107692
53 0.575135 0.297596 0.097297 0.108654
38 0.830811 0.194231 0.097297 0.101923
18 0.805946 0.449519 0.104865 0.120192
7 0.526216 0.206731 0.095676 0.094231
2 0.079189 0.385096 0.095676 0.112500
57 0.252703 0.695192 0.103243 0.130769
30 0.500541 0.500962 1.000000 1.000000
3 0.172703 0.348077 0.093514 0.109615
36 0.745405 0.230769 0.097297 0.101923
35 0.630541 0.528846 0.106486 0.125000
10 0.075676 0.636058 0.101622 0.133654
48 0.855946 0.070192 0.085946 0.100000
40 0.894324 0.413942 0.104324 0.110577
47 0.554595 0.702404 0.553514 0.320192
9 0.691622 0.128846 0.092432 0.119231
23 0.363514 0.513462 0.104324 0.128846
42 0.307297 0.411058 0.098919 0.122115
28 0.635946 0.395192 0.103243 0.121154
8 0.611081 0.169712 0.094595 0.100962
39 0.971622 0.127404 0.057838 0.097115
55 0.444865 0.612500 0.105946 0.134615
24 0.455135 0.472115 0.102703 0.130769
6 0.437568 0.237500 0.095676 0.094231
4 0.261351 0.309615 0.093514 0.109615
12 0.961892 0.252404 0.077297 0.108654
19 0.270811 0.553365 0.103784 0.127885
14 0.923784 0.539423 0.104865 0.136538
51 0.397568 0.373077 0.097838 0.117308
56 0.122703 0.485096 0.100541 0.129808
43 0.175676 0.592788 0.103784 0.127885
33 0.718108 0.487500 0.106486 0.123077
