57 0.293706 0.399254 0.040559 0.048507
53 0.476573 0.293377 0.038462 0.047575
51 0.392308 0.292910 0.037762 0.046642
16 0.336364 0.399254 0.040559 0.048507
35 0.465734 0.398787 0.040559 0.049440
36 0.561538 0.293843 0.039161 0.046642
9 0.553846 0.242537 0.037762 0.044776
11 0.678671 0.243470 0.037063 0.044776
12 0.659091 0.346082 0.039860 0.048507
4 0.344755 0.242537 0.037762 0.044776
18 0.552448 0.399254 0.039161 0.048507
13 0.268182 0.453825 0.051049 0.051306
34 0.638462 0.399720 0.040559 0.047575
30 0.533916 0.332090 0.865035 0.335821
52 0.168881 0.293377 0.066434 0.045709
58 0.250350 0.399254 0.040559 0.048507
2 0.261538 0.243004 0.037762 0.045709
56 0.266084 0.293843 0.038462 0.046642
5 0.386364 0.243004 0.037063 0.045709
25 0.444755 0.345616 0.039161 0.047575
32 0.589161 0.455224 0.041259 0.050373
0 0.595105 0.242537 0.037762 0.044776
48 0.636713 0.242537 0.037063 0.044776
1 0.219580 0.243004 0.037762 0.045709
40 0.595455 0.399254 0.039860 0.048507
33 0.509091 0.398787 0.040559 0.049440
6 0.428322 0.242537 0.038462 0.044776
38 0.603497 0.293377 0.037762 0.045709
50 0.677273 0.454757 0.041259 0.051306
14 0.545105 0.453825 0.041259 0.051306
21 0.308042 0.294310 0.038462 0.047575
29 0.530769 0.345149 0.039161 0.048507
24 0.402098 0.345616 0.039161 0.047575
42 0.350000 0.293843 0.038462 0.046642
3 0.302797 0.243004 0.037762 0.045709
47 0.407692 0.453825 0.227972 0.051306
43 0.274825 0.346082 0.039161 0.048507
28 0.488112 0.346082 0.039161 0.048507
59 0.434615 0.293377 0.038462 0.047575
23 0.359790 0.345616 0.038462 0.047575
55 0.379720 0.398787 0.040559 0.049440
27 0.519231 0.292910 0.038462 0.046642
45 0.170280 0.345616 0.079021 0.047575
41 0.224126 0.293843 0.039860 0.046642
44 0.177622 0.397854 0.102098 0.049440
37 0.616084 0.346549 0.039161 0.047575
17 0.169231 0.243470 0.057343 0.044776
15 0.422727 0.398787 0.041259 0.049440
7 0.469930 0.242537 0.037762 0.044776
20 0.737413 0.243004 0.072028 0.043843
54 0.645804 0.293843 0.038462 0.046642
10 0.232168 0.345616 0.039161 0.047575
26 0.745105 0.297575 0.065035 0.044776
49 0.160140 0.454757 0.076923 0.049440
31 0.573427 0.345616 0.039161 0.047575
19 0.317133 0.346082 0.039860 0.048507
39 0.688112 0.293843 0.039161 0.046642
46 0.699650 0.398787 0.074825 0.049440
22 0.729371 0.344683 0.095105 0.047575
8 0.511538 0.243004 0.038462 0.045709
