25 0.531250 0.436111 0.100000 0.116667
13 0.228385 0.838426 0.122396 0.154630
37 0.865365 0.297685 0.095312 0.104630
5 0.343490 0.286111 0.092188 0.100000
34 0.946615 0.383333 0.099479 0.109259
15 0.523177 0.568519 0.101562 0.125926
54 0.883073 0.176852 0.089063 0.092593
21 0.211458 0.451389 0.096875 0.125000
31 0.783594 0.331481 0.096354 0.100000
58 0.152344 0.731019 0.098437 0.130556
0 0.752604 0.120370 0.089583 0.096296
16 0.342187 0.651389 0.102083 0.128704
29 0.701562 0.364352 0.096875 0.108333
27 0.643229 0.272222 0.091667 0.100000
32 0.810937 0.575000 0.101042 0.131481
41 0.038021 0.527315 0.075000 0.121296
59 0.474479 0.343519 0.092708 0.103704
53 0.558854 0.306944 0.093750 0.104630
38 0.805208 0.207407 0.093750 0.098148
18 0.781250 0.453241 0.101042 0.115741
7 0.511719 0.219444 0.092188 0.090741
2 0.080990 0.391204 0.092188 0.108333
57 0.248177 0.689815 0.099479 0.125926
30 0.500260 0.501389 0.993229 0.986111
3 0.171094 0.355556 0.090104 0.105556
36 0.722917 0.242593 0.093750 0.098148
35 0.612240 0.529630 0.102604 0.120370
10 0.077604 0.632870 0.097917 0.128704
48 0.829427 0.087963 0.082812 0.096296
40 0.866406 0.418981 0.100521 0.106481
47 0.539062 0.696759 0.533333 0.308333
9 0.671094 0.144444 0.089063 0.114815
23 0.354948 0.514815 0.100521 0.124074
42 0.300781 0.416204 0.095312 0.117593
28 0.617448 0.400926 0.099479 0.116667
8 0.593490 0.183796 0.091146 0.097222
39 0.954948 0.143056 0.083854 0.093519
55 0.433333 0.610185 0.102083 0.129630
24 0.443229 0.475000 0.098958 0.125926
6 0.426302 0.249074 0.092188 0.090741
4 0.256510 0.318519 0.090104 0.105556
12 0.941927 0.263426 0.095312 0.104630
19 0.265625 0.553241 0.100000 0.123148
14 0.894792 0.539815 0.101042 0.131481
51 0.387760 0.379630 0.094271 0.112963
56 0.122917 0.487500 0.096875 0.125000
43 0.173958 0.591204 0.100000 0.123148
33 0.696615 0.489815 0.102604 0.118519
