55 0.364583 0.538889 0.043750 0.055556
40 0.600521 0.536111 0.042708 0.050000
13 0.242708 0.608333 0.052083 0.058333
50 0.691146 0.597917 0.046875 0.056944
43 0.245833 0.479861 0.043750 0.054167
49 0.124479 0.612500 0.086458 0.055556
38 0.610417 0.412500 0.050000 0.055556
42 0.328646 0.415972 0.042708 0.054167
27 0.513542 0.413194 0.041667 0.051389
39 0.700521 0.409722 0.042708 0.055556
54 0.653646 0.410417 0.044792 0.056944
34 0.647917 0.536806 0.041667 0.054167
10 0.198958 0.479861 0.043750 0.056944
12 0.667188 0.476389 0.042708 0.055556
28 0.482292 0.475694 0.039583 0.056944
23 0.339583 0.477083 0.043750 0.054167
51 0.373437 0.415278 0.044792 0.050000
16 0.316667 0.538889 0.043750 0.061111
29 0.527604 0.474306 0.044792 0.054167
7 0.456771 0.349306 0.042708 0.054167
5 0.370312 0.354861 0.042708 0.054167
56 0.234896 0.417361 0.042708 0.051389
37 0.622396 0.475000 0.042708 0.055556
18 0.553125 0.536111 0.041667 0.050000
0 0.594271 0.349306 0.044792 0.054167
35 0.463021 0.541667 0.042708 0.050000
59 0.422917 0.415278 0.045833 0.050000
32 0.546354 0.602778 0.040625 0.058333
25 0.438542 0.476389 0.043750 0.055556
14 0.594792 0.601389 0.045833 0.058333
3 0.273438 0.354861 0.042708 0.054167
21 0.282292 0.418750 0.043750 0.051389
48 0.642708 0.350000 0.041667 0.050000
33 0.507812 0.541667 0.042708 0.050000
6 0.415104 0.353472 0.042708 0.054167
4 0.324479 0.356250 0.042708 0.054167
15 0.412500 0.539583 0.045833 0.056944
30 0.520312 0.460417 0.903125 0.393056
8 0.504167 0.351389 0.043750 0.055556
58 0.221875 0.542361 0.043750 0.056944
45 0.127083 0.481944 0.087500 0.052778
2 0.226562 0.354861 0.042708 0.054167
26 0.766667 0.411111 0.079167 0.058333
22 0.747917 0.470833 0.114583 0.058333
20 0.754687 0.347222 0.082292 0.052778
44 0.139063 0.543750 0.111458 0.056944
47 0.397917 0.609028 0.245833 0.059722
31 0.576562 0.475000 0.044792 0.055556
46 0.714583 0.536806 0.083333 0.056944
1 0.184896 0.354861 0.042708 0.054167
36 0.562500 0.415278 0.050000 0.055556
17 0.129167 0.353472 0.047917 0.054167
57 0.269271 0.541667 0.042708 0.055556
53 0.467708 0.415972 0.041667 0.051389
41 0.186979 0.415972 0.046875 0.056944
11 0.688021 0.347222 0.042708 0.050000
19 0.292708 0.477778 0.045833 0.055556
24 0.388542 0.475694 0.050000 0.056944
9 0.549479 0.352083 0.044792 0.054167
52 0.123958 0.416667 0.072917 0.050000
