13 0.289091 0.547330 0.072727 0.097087
2 0.214091 0.170510 0.071818 0.091019
34 0.871818 0.456917 0.067273 0.091019
20 0.975455 0.185073 0.050909 0.083738
7 0.570909 0.177184 0.069091 0.089806
33 0.661364 0.455097 0.070000 0.094660
11 0.914545 0.183859 0.063636 0.086165
31 0.766364 0.361650 0.067273 0.092233
26 0.992273 0.277913 0.017273 0.089806
39 0.949545 0.274879 0.064545 0.091019
18 0.731364 0.453883 0.068182 0.092233
37 0.835455 0.364078 0.067273 0.092233
53 0.605455 0.267597 0.070909 0.091019
50 0.904545 0.547937 0.067273 0.093447
15 0.519091 0.452670 0.072727 0.094660
6 0.500455 0.175971 0.068182 0.092233
52 0.092727 0.259102 0.090909 0.091019
32 0.354091 0.549757 0.060909 0.099515
22 0.969545 0.365291 0.062727 0.087379
25 0.555000 0.359223 0.070000 0.089806
38 0.814545 0.271238 0.067273 0.088592
10 0.194545 0.354976 0.072727 0.093447
12 0.903636 0.364684 0.065455 0.091019
17 0.075909 0.169903 0.055455 0.092233
28 0.626818 0.359830 0.070000 0.088592
51 0.464091 0.266383 0.068182 0.091019
16 0.376364 0.452670 0.072727 0.094660
59 0.534091 0.267597 0.070000 0.093447
0 0.780000 0.182646 0.067273 0.091019
35 0.590455 0.454490 0.070000 0.093447
5 0.428182 0.174150 0.069091 0.091019
4 0.358636 0.172330 0.068182 0.092233
27 0.677273 0.267597 0.067273 0.086165
49 0.077273 0.547937 0.074545 0.100728
1 0.141818 0.169296 0.070909 0.093447
45 0.101364 0.353762 0.113636 0.093447
30 0.515000 0.334951 0.971818 0.572816
57 0.303636 0.452063 0.072727 0.095874
24 0.482727 0.358617 0.069091 0.093447
36 0.745000 0.269417 0.070000 0.089806
47 0.557727 0.548544 0.344545 0.094660
43 0.267727 0.356796 0.071818 0.094660
41 0.175909 0.263350 0.073636 0.094660
23 0.411818 0.358617 0.069091 0.091019
14 0.766364 0.548544 0.070909 0.094660
8 0.641818 0.179612 0.067273 0.092233
56 0.247727 0.262743 0.071818 0.093447
9 0.711364 0.180218 0.068182 0.091019
29 0.696818 0.361044 0.068182 0.093447
44 0.119545 0.447816 0.150000 0.092233
19 0.340000 0.358010 0.072727 0.094660
58 0.231364 0.451456 0.071818 0.094660
42 0.392727 0.266383 0.070909 0.093447
21 0.320909 0.265170 0.072727 0.095874
48 0.847273 0.184466 0.065455 0.089806
54 0.882273 0.273058 0.066364 0.092233
40 0.802273 0.453883 0.068182 0.089806
55 0.447727 0.453277 0.071818 0.093447
46 0.948182 0.455704 0.085455 0.088592
3 0.285909 0.171117 0.073636 0.094660
