2 0.305937 0.237864 0.028125 0.056865
19 0.357187 0.355062 0.028125 0.055479
56 0.320312 0.294036 0.026875 0.052705
27 0.503750 0.294730 0.026250 0.054092
39 0.621875 0.294730 0.027500 0.056865
51 0.413438 0.294730 0.025625 0.054092
52 0.251250 0.293343 0.038750 0.056865
48 0.576250 0.237864 0.025000 0.054092
34 0.589688 0.416782 0.028125 0.059639
53 0.473750 0.294036 0.026250 0.052705
45 0.252500 0.355756 0.047500 0.059639
38 0.563125 0.294036 0.027500 0.052705
21 0.350938 0.295423 0.026875 0.055479
44 0.259688 0.418863 0.064375 0.061026
26 0.649062 0.295423 0.023125 0.061026
40 0.559063 0.416089 0.028125 0.058252
31 0.542500 0.354369 0.027500 0.056865
7 0.457813 0.237171 0.025625 0.055479
35 0.467813 0.418169 0.026875 0.056865
0 0.547188 0.237171 0.026875 0.055479
41 0.288750 0.296117 0.028750 0.056865
24 0.419687 0.355062 0.028125 0.055479
42 0.382188 0.295423 0.028125 0.055479
12 0.603125 0.353675 0.027500 0.058252
11 0.605313 0.237171 0.026875 0.052705
23 0.389375 0.355756 0.026250 0.054092
18 0.528438 0.417476 0.026875 0.061026
15 0.435937 0.416089 0.028125 0.055479
55 0.405313 0.418863 0.026875 0.055479
50 0.604688 0.479889 0.030625 0.058252
49 0.272188 0.486824 0.030625 0.063800
6 0.428438 0.237171 0.026875 0.055479
5 0.398125 0.237864 0.026250 0.056865
22 0.641563 0.353675 0.045625 0.058252
20 0.639375 0.237171 0.037500 0.052705
10 0.294063 0.355756 0.026875 0.056865
30 0.510938 0.325243 0.599375 0.439667
33 0.497812 0.416089 0.025625 0.058252
28 0.481875 0.355062 0.026250 0.055479
29 0.512500 0.355062 0.026250 0.055479
8 0.488125 0.237171 0.026250 0.055479
46 0.623750 0.416089 0.036250 0.058252
16 0.372812 0.418169 0.026875 0.056865
47 0.458437 0.481276 0.135625 0.058252
9 0.517813 0.235784 0.026875 0.055479
1 0.273750 0.235784 0.026250 0.055479
25 0.452500 0.356449 0.027500 0.052705
13 0.338750 0.484743 0.030000 0.062413
43 0.325313 0.355062 0.026875 0.058252
54 0.593125 0.293343 0.027500 0.054092
17 0.245938 0.235090 0.021875 0.056865
4 0.367500 0.237864 0.028750 0.056865
3 0.335625 0.235784 0.027500 0.058252
58 0.309688 0.420250 0.026875 0.058252
57 0.341562 0.419556 0.026875 0.056865
36 0.533125 0.292649 0.027500 0.052705
14 0.543125 0.479196 0.028750 0.056865
37 0.572500 0.352982 0.027500 0.056865
32 0.371250 0.485437 0.030000 0.063800
59 0.444063 0.295423 0.025625 0.055479
