2 0.280045 0.238449 0.033383 0.067657
19 0.340875 0.377888 0.033383 0.066007
56 0.297107 0.305281 0.031899 0.062706
27 0.514837 0.306106 0.031157 0.064356
39 0.655045 0.306106 0.032641 0.067657
51 0.407641 0.306106 0.030415 0.064356
52 0.215134 0.304455 0.045994 0.067657
48 0.600890 0.238449 0.029674 0.064356
34 0.616840 0.451320 0.033383 0.070957
53 0.479228 0.305281 0.031157 0.062706
45 0.216617 0.378713 0.056380 0.070957
38 0.585312 0.305281 0.032641 0.062706
21 0.333457 0.306931 0.031899 0.066007
44 0.225148 0.453795 0.076409 0.072607
26 0.687315 0.306931 0.027448 0.072607
40 0.580490 0.450495 0.033383 0.069307
31 0.560831 0.377063 0.032641 0.067657
7 0.460312 0.237624 0.030415 0.066007
35 0.472181 0.452970 0.031899 0.067657
0 0.566395 0.237624 0.031899 0.066007
41 0.259644 0.307756 0.034125 0.067657
24 0.415059 0.377888 0.033383 0.066007
42 0.370549 0.306931 0.033383 0.066007
12 0.632789 0.376238 0.032641 0.069307
11 0.635386 0.237624 0.031899 0.062706
23 0.379080 0.378713 0.031157 0.064356
18 0.544139 0.452145 0.031899 0.072607
15 0.434347 0.450495 0.033383 0.066007
55 0.397997 0.453795 0.031899 0.066007
50 0.634644 0.526403 0.036350 0.069307
49 0.239985 0.534653 0.036350 0.075908
6 0.425445 0.237624 0.031899 0.066007
5 0.389466 0.238449 0.031157 0.067657
22 0.678412 0.376238 0.054154 0.069307
20 0.675816 0.237624 0.044510 0.062706
10 0.265950 0.378713 0.031899 0.067657
30 0.523368 0.342409 0.711424 0.523102
33 0.507789 0.450495 0.030415 0.069307
28 0.488872 0.377888 0.031157 0.066007
29 0.525223 0.377888 0.031157 0.066007
8 0.496291 0.237624 0.031157 0.066007
46 0.657270 0.450495 0.043027 0.069307
16 0.359421 0.452970 0.031899 0.067657
47 0.461053 0.528053 0.160979 0.069307
9 0.531528 0.235974 0.031899 0.066007
1 0.241840 0.235974 0.031157 0.066007
25 0.454006 0.379538 0.032641 0.062706
13 0.318991 0.532178 0.035608 0.074257
43 0.303042 0.377888 0.031899 0.069307
54 0.620920 0.304455 0.032641 0.064356
17 0.208828 0.235149 0.025964 0.067657
4 0.353116 0.238449 0.034125 0.067657
3 0.315282 0.235974 0.032641 0.069307
58 0.284496 0.455446 0.031899 0.069307
57 0.322329 0.454620 0.031899 0.067657
36 0.549703 0.303630 0.032641 0.062706
14 0.561573 0.525578 0.034125 0.067657
37 0.596439 0.375413 0.032641 0.067657
32 0.357567 0.533003 0.035608 0.075908
59 0.443991 0.306931 0.030415 0.066007
