31 0.520979 0.424440 0.040559 0.052239
24 0.337762 0.425840 0.040559 0.051306
34 0.591608 0.480877 0.041958 0.049440
15 0.360490 0.481343 0.042657 0.050373
11 0.634615 0.317164 0.038462 0.046642
7 0.410490 0.319030 0.040559 0.046642
22 0.689161 0.423507 0.101399 0.052239
38 0.553497 0.369869 0.039860 0.049440
18 0.499650 0.480877 0.041259 0.049440
12 0.613287 0.424907 0.040559 0.051306
40 0.545455 0.480877 0.040559 0.047575
48 0.589510 0.317164 0.039161 0.046642
37 0.567483 0.424907 0.041259 0.051306
53 0.417832 0.370802 0.041259 0.053172
52 0.084965 0.372668 0.070629 0.053172
4 0.275175 0.319496 0.039860 0.047575
33 0.452797 0.480410 0.042657 0.052239
39 0.644755 0.370336 0.040559 0.048507
58 0.175175 0.483209 0.041259 0.050373
35 0.406993 0.480410 0.041958 0.050373
8 0.455245 0.318563 0.039161 0.047575
21 0.236014 0.372668 0.041259 0.051306
51 0.326923 0.370802 0.039860 0.053172
2 0.184615 0.320429 0.040559 0.049440
14 0.540559 0.536381 0.043357 0.054104
44 0.096154 0.480877 0.109790 0.056903
45 0.087063 0.426306 0.083217 0.052239
6 0.365035 0.318097 0.040559 0.050373
43 0.200000 0.427239 0.041958 0.052239
3 0.230070 0.319963 0.040559 0.050373
16 0.267483 0.482276 0.042657 0.050373
23 0.291958 0.426306 0.039860 0.050373
19 0.246154 0.426772 0.041958 0.053172
49 0.076573 0.538713 0.087413 0.058769
50 0.634266 0.536847 0.043357 0.051306
42 0.281119 0.372201 0.040559 0.052239
10 0.154545 0.427705 0.041958 0.051306
30 0.478671 0.412780 0.906993 0.344216
59 0.372378 0.370802 0.041259 0.053172
5 0.319580 0.318563 0.040559 0.049440
36 0.508042 0.370802 0.041259 0.049440
46 0.657343 0.478078 0.079720 0.055037
25 0.383566 0.425840 0.041259 0.051306
47 0.346154 0.537313 0.246154 0.055970
57 0.222028 0.482743 0.042657 0.051306
54 0.598951 0.369869 0.039860 0.051306
13 0.194406 0.539179 0.053147 0.054104
41 0.144755 0.373601 0.043357 0.053172
20 0.697552 0.315765 0.076224 0.051306
55 0.314685 0.482276 0.041958 0.050373
26 0.703846 0.369403 0.067832 0.050373
0 0.544755 0.317631 0.039161 0.045709
29 0.475524 0.423974 0.041958 0.053172
9 0.500000 0.317164 0.040559 0.050373
1 0.139860 0.320429 0.041958 0.049440
17 0.084615 0.320429 0.061538 0.047575
32 0.491958 0.538246 0.042657 0.052239
56 0.190559 0.372668 0.041259 0.053172
27 0.463287 0.368937 0.039860 0.051306
28 0.429720 0.425373 0.041259 0.052239
