47 0.383059 0.575885 0.203540 0.047218
54 0.593236 0.430438 0.033502 0.041315
58 0.240834 0.526560 0.035398 0.043002
50 0.623578 0.575885 0.036030 0.045531
29 0.491466 0.477234 0.034766 0.043845
3 0.288243 0.386594 0.032870 0.041315
35 0.433628 0.525717 0.035398 0.044688
15 0.395070 0.526138 0.035398 0.043845
59 0.404867 0.430860 0.033502 0.042159
30 0.492099 0.467538 0.747788 0.297639
44 0.177307 0.525295 0.089128 0.045531
8 0.473451 0.385329 0.032870 0.040472
9 0.511062 0.384907 0.033502 0.039629
16 0.317636 0.526138 0.036030 0.043845
17 0.170986 0.387858 0.048673 0.038786
26 0.679520 0.432546 0.056890 0.040472
2 0.251264 0.386594 0.033502 0.041315
25 0.414349 0.477656 0.034766 0.043002
22 0.668774 0.477656 0.084703 0.043002
46 0.643173 0.525717 0.066372 0.044688
36 0.518015 0.430438 0.034766 0.041315
34 0.588812 0.526138 0.036030 0.042159
39 0.630847 0.431282 0.034134 0.041315
43 0.262010 0.478499 0.034766 0.043002
24 0.376106 0.477656 0.034134 0.043002
5 0.361884 0.385750 0.033502 0.039629
32 0.505373 0.576307 0.036030 0.046374
0 0.547724 0.385329 0.033502 0.040472
42 0.329646 0.431282 0.033502 0.041315
31 0.529393 0.477656 0.034766 0.043002
27 0.480405 0.429595 0.034134 0.041315
40 0.550253 0.525717 0.034766 0.043002
49 0.160556 0.575042 0.069532 0.045531
41 0.217762 0.431703 0.034766 0.042159
19 0.300253 0.478078 0.034134 0.043845
45 0.170670 0.478078 0.068268 0.043845
56 0.255057 0.431703 0.033502 0.042159
38 0.555942 0.430438 0.033502 0.041315
11 0.621681 0.386172 0.032238 0.038786
12 0.605879 0.477656 0.034766 0.043002
6 0.399178 0.385329 0.033502 0.040472
37 0.567952 0.477656 0.034766 0.043002
52 0.170038 0.432125 0.056890 0.041315
51 0.367573 0.430860 0.033502 0.040472
18 0.511378 0.525717 0.035398 0.043002
48 0.585019 0.386172 0.032238 0.038786
7 0.436157 0.385329 0.032870 0.040472
10 0.224716 0.478078 0.034766 0.043845
1 0.214602 0.386594 0.033502 0.041315
21 0.292351 0.431703 0.034766 0.042159
14 0.546144 0.575464 0.036662 0.046374
55 0.356511 0.526560 0.035398 0.044688
53 0.442794 0.430860 0.033502 0.042159
23 0.338180 0.478078 0.034134 0.042159
33 0.472503 0.525717 0.036030 0.044688
28 0.453224 0.477234 0.034134 0.043845
57 0.279393 0.526138 0.035398 0.043845
4 0.324905 0.385750 0.032870 0.039629
20 0.672882 0.386594 0.062579 0.039629
13 0.256005 0.575464 0.044248 0.046374
