57 0.191848 0.694588 0.035870 0.095361
52 0.052174 0.476804 0.060870 0.097938
12 0.585870 0.583763 0.036957 0.095361
40 0.514674 0.692010 0.035870 0.095361
50 0.638587 0.801546 0.048913 0.097938
7 0.364674 0.367268 0.038043 0.100515
4 0.225543 0.365979 0.038043 0.097938
10 0.122283 0.585052 0.035870 0.097938
29 0.447826 0.583763 0.036957 0.095361
42 0.250000 0.475515 0.036957 0.095361
1 0.085870 0.367268 0.036957 0.095361
13 0.147283 0.805412 0.035870 0.095361
55 0.284783 0.693299 0.036957 0.097938
17 0.040217 0.367268 0.036957 0.100515
22 0.678804 0.527062 0.059783 0.208763
11 0.596739 0.363402 0.039130 0.097938
44 0.048370 0.695876 0.046739 0.097938
37 0.538587 0.582474 0.038043 0.097938
19 0.214674 0.583763 0.038043 0.095361
47 0.306522 0.818299 0.256522 0.136598
53 0.389130 0.474227 0.036957 0.092784
5 0.271196 0.364691 0.038043 0.100515
56 0.156522 0.474227 0.036957 0.097938
25 0.353804 0.583763 0.035870 0.095361
14 0.465761 0.802835 0.048913 0.095361
2 0.132609 0.367268 0.036957 0.100515
6 0.317391 0.365979 0.039130 0.097938
36 0.482065 0.472938 0.038043 0.095361
18 0.469022 0.693299 0.035870 0.097938
34 0.560870 0.693299 0.036957 0.097938
26 0.632065 0.582474 0.038043 0.097938
8 0.411413 0.367268 0.040217 0.100515
24 0.307065 0.583763 0.035870 0.095361
46 0.650543 0.693299 0.118478 0.097938
0 0.503804 0.365979 0.040217 0.103093
27 0.435326 0.472938 0.035870 0.090206
41 0.110326 0.475515 0.038043 0.100515
23 0.261413 0.583763 0.035870 0.095361
35 0.376630 0.692010 0.038043 0.095361
58 0.146196 0.694588 0.035870 0.095361
20 0.666848 0.363402 0.083696 0.097938
32 0.098913 0.693299 0.036957 0.097938
16 0.238043 0.692010 0.039130 0.095361
21 0.203261 0.474227 0.036957 0.097938
9 0.457065 0.367268 0.040217 0.100515
15 0.329891 0.693299 0.038043 0.097938
45 0.060870 0.587629 0.071739 0.097938
33 0.423370 0.693299 0.038043 0.097938
43 0.168478 0.585052 0.036957 0.092784
31 0.492935 0.583763 0.035870 0.095361
59 0.342935 0.472938 0.035870 0.095361
49 0.048913 0.805412 0.047826 0.100515
3 0.179348 0.365979 0.039130 0.097938
38 0.528261 0.472938 0.036957 0.095361
54 0.573913 0.475515 0.036957 0.100515
39 0.621739 0.472938 0.036957 0.095361
48 0.550000 0.364691 0.039130 0.100515
51 0.295652 0.472938 0.034783 0.095361
28 0.401087 0.582474 0.036957 0.097938
30 0.504891 0.537371 0.992391 0.878866
