2 0.087500 0.337981 0.121154 0.143269
3 0.254808 0.341827 0.130769 0.145192
5 0.587981 0.340865 0.127885 0.147115
21 0.343269 0.496635 0.119231 0.133654
7 0.917788 0.337500 0.125962 0.153846
42 0.506250 0.499519 0.122115 0.137500
19 0.379808 0.664423 0.123077 0.144231
51 0.670673 0.499519 0.122115 0.137500
10 0.056731 0.668269 0.111538 0.142308
15 0.795192 0.825481 0.126923 0.139423
23 0.544712 0.662981 0.124038 0.137500
57 0.304808 0.828846 0.123077 0.138462
56 0.173077 0.496154 0.121154 0.134615
43 0.214904 0.666346 0.125962 0.144231
6 0.752885 0.339904 0.126923 0.149038
35 0.952404 0.822115 0.097115 0.134615
13 0.196154 0.962500 0.155769 0.076923
24 0.709615 0.665385 0.125000 0.144231
25 0.872115 0.663462 0.125000 0.140385
16 0.469231 0.824038 0.123077 0.136538
59 0.835096 0.497115 0.124038 0.134615
4 0.419231 0.339904 0.126923 0.147115
55 0.629808 0.826923 0.123077 0.132692
53 0.973077 0.498558 0.055769 0.139423
47 0.657692 0.958654 0.686538 0.084615
41 0.035096 0.503846 0.068269 0.134615
58 0.139904 0.827885 0.122115 0.138462
