35 0.422468 0.444444 0.039030 0.053968
49 0.125000 0.508730 0.043249 0.058730
43 0.235232 0.387302 0.037975 0.053968
4 0.291139 0.273810 0.035865 0.052381
38 0.557489 0.328571 0.036920 0.050794
13 0.252637 0.507937 0.039030 0.057143
44 0.149262 0.445238 0.081224 0.055556
36 0.516350 0.328571 0.036920 0.050794
42 0.310654 0.329365 0.036920 0.052381
10 0.194093 0.386508 0.037975 0.055556
31 0.526371 0.385714 0.035865 0.053968
6 0.372363 0.273016 0.035865 0.050794
47 0.408228 0.511905 0.267932 0.068254
48 0.577004 0.273810 0.035865 0.049206
57 0.255274 0.446825 0.037975 0.052381
29 0.485232 0.386508 0.037975 0.052381
19 0.277426 0.387302 0.037975 0.053968
56 0.227321 0.328571 0.036920 0.053968
0 0.535865 0.273016 0.035865 0.047619
8 0.454114 0.273016 0.036920 0.050794
15 0.380274 0.446032 0.039030 0.053968
22 0.669831 0.385714 0.073840 0.050794
55 0.338608 0.446032 0.037975 0.053968
16 0.296414 0.446825 0.037975 0.052381
45 0.140823 0.388095 0.060127 0.052381
17 0.132384 0.275397 0.028481 0.049206
26 0.683544 0.328571 0.042194 0.050794
21 0.268460 0.329365 0.036920 0.052381
7 0.413502 0.273016 0.035865 0.050794
11 0.617089 0.273810 0.035865 0.049206
34 0.590717 0.444444 0.037975 0.050794
52 0.138713 0.330952 0.049578 0.049206
23 0.319093 0.387302 0.036920 0.053968
51 0.351266 0.328571 0.035865 0.050794
50 0.694620 0.506349 0.041139 0.057143
5 0.331751 0.273810 0.036920 0.049206
59 0.392405 0.327778 0.035865 0.052381
30 0.477848 0.381746 0.772152 0.369841
18 0.506857 0.444444 0.036920 0.053968
37 0.568565 0.386508 0.037975 0.052381
25 0.401371 0.386508 0.036920 0.052381
12 0.610232 0.385714 0.036920 0.053968
1 0.169304 0.274603 0.036920 0.050794
27 0.475211 0.327778 0.036920 0.049206
54 0.598629 0.328571 0.036920 0.050794
24 0.360232 0.387302 0.036920 0.053968
14 0.564873 0.505556 0.039030 0.058730
20 0.671941 0.273016 0.061181 0.050794
28 0.444093 0.384921 0.035865 0.052381
41 0.186709 0.329365 0.037975 0.052381
39 0.639768 0.328571 0.036920 0.050794
3 0.250527 0.273810 0.036920 0.052381
33 0.464662 0.445238 0.039030 0.055556
58 0.213080 0.446825 0.037975 0.052381
9 0.494726 0.273016 0.037975 0.050794
53 0.433544 0.327778 0.035865 0.052381
46 0.661920 0.443651 0.095992 0.052381
40 0.549051 0.444444 0.036920 0.050794
2 0.210443 0.274603 0.036920 0.050794
