57 0.317188 0.494444 0.032292 0.055556
34 0.603125 0.495370 0.031250 0.053704
0 0.556771 0.312963 0.032292 0.051852
56 0.290104 0.372222 0.032292 0.055556
33 0.495833 0.495370 0.033333 0.057407
7 0.449479 0.312963 0.030208 0.051852
23 0.370312 0.432407 0.032292 0.057407
40 0.568229 0.496296 0.032292 0.055556
12 0.619271 0.433333 0.032292 0.059259
29 0.513021 0.433333 0.032292 0.055556
27 0.504687 0.370370 0.032292 0.055556
35 0.460417 0.495370 0.033333 0.057407
38 0.575521 0.371296 0.032292 0.057407
20 0.672917 0.312963 0.052083 0.051852
2 0.272396 0.312037 0.030208 0.050000
28 0.477604 0.433333 0.030208 0.055556
39 0.644792 0.372222 0.031250 0.055556
19 0.334896 0.435185 0.032292 0.055556
54 0.610417 0.371296 0.033333 0.057407
1 0.236979 0.310185 0.032292 0.053704
5 0.379167 0.313889 0.031250 0.050000
17 0.203646 0.312037 0.026042 0.046296
6 0.414583 0.313889 0.031250 0.050000
14 0.568229 0.559259 0.034375 0.062963
58 0.282813 0.498148 0.032292 0.055556
45 0.216667 0.432407 0.050000 0.053704
44 0.227083 0.492593 0.068750 0.059259
16 0.353125 0.494444 0.033333 0.055556
31 0.548438 0.433333 0.030208 0.055556
11 0.627083 0.313889 0.031250 0.050000
15 0.425000 0.494444 0.033333 0.059259
32 0.641146 0.558333 0.105208 0.064815
9 0.520833 0.313889 0.031250 0.050000
53 0.468750 0.371296 0.033333 0.057407
52 0.211979 0.370370 0.042708 0.055556
10 0.263021 0.434259 0.032292 0.053704
18 0.532813 0.494444 0.032292 0.055556
51 0.397396 0.369444 0.030208 0.053704
13 0.317708 0.559259 0.033333 0.062963
8 0.485417 0.313889 0.031250 0.053704
46 0.661458 0.495370 0.081250 0.057407
24 0.406250 0.432407 0.031250 0.057407
42 0.361979 0.370370 0.032292 0.055556
47 0.442188 0.566667 0.211458 0.081481
41 0.253646 0.370370 0.032292 0.055556
26 0.683854 0.374074 0.038542 0.055556
37 0.584375 0.434259 0.033333 0.057407
30 0.495833 0.451852 0.720833 0.462963
49 0.211458 0.564815 0.033333 0.062963
4 0.343750 0.312963 0.031250 0.051852
48 0.591146 0.313889 0.030208 0.050000
25 0.442188 0.432407 0.032292 0.057407
55 0.389583 0.494444 0.031250 0.055556
21 0.326042 0.370370 0.031250 0.055556
22 0.670833 0.433333 0.064583 0.055556
43 0.298438 0.435185 0.032292 0.055556
36 0.540104 0.372222 0.032292 0.055556
59 0.433333 0.371296 0.031250 0.053704
3 0.307812 0.312963 0.030208 0.048148
