43 0.612105 0.510300 0.074737 0.129213
56 0.590000 0.365169 0.074737 0.131086
21 0.672105 0.366105 0.074737 0.129213
10 0.529474 0.510300 0.075789 0.132959
2 0.547895 0.225655 0.074737 0.129213
4 0.707895 0.226592 0.072632 0.123596
13 0.657368 0.802434 0.074737 0.140449
45 0.425789 0.514045 0.123158 0.132959
47 0.817368 0.817416 0.238947 0.185393
51 0.828947 0.364232 0.070526 0.121723
25 0.915263 0.506554 0.043158 0.125468
3 0.627895 0.227528 0.074737 0.129213
1 0.466316 0.223783 0.073684 0.125468
17 0.391053 0.222846 0.057895 0.127341
52 0.413684 0.364232 0.101053 0.129213
55 0.815789 0.649813 0.075789 0.127341
30 0.590526 0.477528 0.694737 0.951311
42 0.751579 0.365169 0.075789 0.127341
6 0.864211 0.227528 0.073684 0.125468
19 0.692105 0.509363 0.074737 0.131086
15 0.894211 0.648876 0.074737 0.129213
24 0.850526 0.507491 0.073684 0.131086
16 0.735263 0.651685 0.074737 0.131086
57 0.654737 0.651685 0.075789 0.131086
58 0.574737 0.657303 0.075789 0.131086
44 0.446842 0.653558 0.165263 0.134831
59 0.904211 0.365169 0.065263 0.123596
23 0.772105 0.507491 0.072632 0.131086
49 0.405263 0.807116 0.082105 0.142322
5 0.786842 0.226592 0.074737 0.123596
41 0.507895 0.365169 0.074737 0.131086
