32 0.631119 0.541525 0.045455 0.069492
31 0.583333 0.394915 0.043124 0.067797
8 0.495338 0.249153 0.046620 0.067797
28 0.483683 0.394068 0.044289 0.066102
1 0.138695 0.247458 0.044289 0.064407
47 0.418998 0.545763 0.269231 0.084746
6 0.393939 0.248305 0.046620 0.066102
45 0.110723 0.392373 0.072261 0.066102
24 0.381702 0.394068 0.045455 0.066102
26 0.778555 0.321186 0.055944 0.066102
18 0.558275 0.466102 0.044289 0.064407
10 0.175408 0.393220 0.043124 0.061017
58 0.203380 0.471186 0.047786 0.064407
52 0.104312 0.319492 0.059441 0.066102
16 0.305361 0.466102 0.046620 0.064407
27 0.521562 0.321186 0.045455 0.066102
41 0.163170 0.320339 0.046620 0.067797
2 0.189394 0.247458 0.045455 0.064407
29 0.533217 0.394068 0.045455 0.066102
3 0.240093 0.247458 0.046620 0.064407
12 0.684732 0.394068 0.045455 0.066102
44 0.125874 0.465254 0.097902 0.066102
43 0.227273 0.393220 0.044289 0.061017
23 0.330420 0.394068 0.045455 0.066102
22 0.759324 0.393220 0.092075 0.064407
46 0.745338 0.464407 0.120047 0.064407
40 0.608392 0.466102 0.044289 0.064407
25 0.432401 0.394915 0.044289 0.064407
15 0.407925 0.466949 0.046620 0.066102
38 0.622960 0.322034 0.045455 0.067797
30 0.501166 0.373729 1.000000 0.483051
54 0.673077 0.321186 0.045455 0.066102
49 0.099650 0.546610 0.047786 0.069492
20 0.766900 0.247458 0.079254 0.064407
42 0.318182 0.321186 0.046620 0.066102
33 0.508159 0.466949 0.046620 0.066102
17 0.091492 0.247458 0.036131 0.064407
14 0.581002 0.539831 0.045455 0.069492
53 0.470862 0.322034 0.046620 0.067797
59 0.420163 0.322034 0.045455 0.067797
13 0.254662 0.541525 0.047786 0.069492
51 0.368881 0.321186 0.045455 0.066102
19 0.279138 0.394068 0.045455 0.062712
56 0.214452 0.319492 0.044289 0.062712
36 0.572261 0.322881 0.046620 0.066102
57 0.254662 0.466102 0.047786 0.064407
4 0.291375 0.247458 0.044289 0.064407
55 0.356643 0.466949 0.046620 0.066102
35 0.458042 0.466949 0.046620 0.066102
9 0.546037 0.249153 0.045455 0.067797
37 0.634615 0.394915 0.045455 0.064407
48 0.647436 0.248305 0.045455 0.066102
21 0.266317 0.321186 0.045455 0.066102
5 0.342657 0.249153 0.046620 0.064407
0 0.596737 0.248305 0.046620 0.066102
39 0.723193 0.321186 0.045455 0.066102
11 0.697552 0.247458 0.045455 0.064407
7 0.445221 0.248305 0.044289 0.066102
34 0.658508 0.466102 0.044289 0.064407
