50 0.643812 0.823171 0.028833 0.036585
13 0.321730 0.813321 0.028833 0.037523
6 0.417370 0.673546 0.024613 0.030019
35 0.451828 0.777205 0.027426 0.034709
58 0.302039 0.774390 0.027426 0.034709
49 0.229958 0.812383 0.030942 0.037523
43 0.319269 0.738743 0.026723 0.032833
18 0.511603 0.779081 0.026020 0.034709
56 0.315401 0.703565 0.027426 0.031895
47 0.434599 0.817542 0.195499 0.045966
34 0.571378 0.779550 0.027426 0.033771
55 0.391702 0.775797 0.026723 0.033771
31 0.524965 0.742495 0.026020 0.032833
10 0.290084 0.738274 0.027426 0.033771
46 0.620605 0.780488 0.065401 0.035647
33 0.481364 0.778143 0.027426 0.034709
9 0.502110 0.674953 0.025316 0.029081
40 0.541491 0.779081 0.026723 0.034709
51 0.401899 0.704972 0.024613 0.030957
32 0.612869 0.822233 0.028833 0.036585
15 0.421589 0.776735 0.027426 0.033771
52 0.250352 0.703096 0.040788 0.030957
57 0.331927 0.774859 0.026723 0.033771
11 0.587553 0.676829 0.024613 0.029081
48 0.558368 0.676829 0.025316 0.029081
54 0.574895 0.708724 0.026020 0.030957
28 0.466596 0.741088 0.024613 0.033771
7 0.445851 0.673546 0.025316 0.030019
8 0.473629 0.674015 0.024613 0.029081
29 0.495781 0.742495 0.025316 0.032833
4 0.361111 0.672139 0.024613 0.029081
16 0.361814 0.775797 0.027426 0.033771
3 0.332630 0.672139 0.025316 0.029081
0 0.530591 0.675422 0.024613 0.028143
5 0.388889 0.673546 0.025316 0.030019
59 0.431083 0.705441 0.025316 0.030019
44 0.253868 0.772045 0.066104 0.035647
39 0.602672 0.710131 0.026723 0.030019
30 0.474684 0.738274 0.611814 0.236398
22 0.624824 0.745310 0.048523 0.032833
36 0.517932 0.708255 0.026020 0.030019
45 0.249648 0.737336 0.049226 0.033771
27 0.488748 0.707317 0.025316 0.030019
26 0.632208 0.711538 0.025316 0.030957
1 0.276371 0.670732 0.025316 0.030019
14 0.549930 0.817073 0.028129 0.037523
12 0.583685 0.743902 0.026723 0.033771
19 0.348805 0.739212 0.026723 0.033771
38 0.546414 0.708724 0.025316 0.030957
41 0.286568 0.703096 0.027426 0.030957
25 0.437060 0.740619 0.026020 0.032833
24 0.407876 0.740619 0.025316 0.032833
37 0.554501 0.742964 0.026020 0.033771
53 0.459916 0.706848 0.025316 0.030957
17 0.248242 0.671201 0.025316 0.027205
21 0.344585 0.704034 0.026723 0.030957
23 0.378340 0.739681 0.025316 0.032833
2 0.304852 0.671670 0.026020 0.030019
42 0.373418 0.704972 0.025316 0.030957
20 0.622714 0.677298 0.038678 0.030019
