49 0.141691 0.379947 0.050445 0.079156
17 0.208457 0.124670 0.037092 0.067282
19 0.310460 0.337731 0.048220 0.073879
15 0.390208 0.467678 0.050445 0.075198
22 0.683976 0.586412 0.083086 0.101583
18 0.509644 0.547493 0.050445 0.076517
39 0.670623 0.496702 0.048961 0.072559
27 0.511869 0.393140 0.050445 0.073879
8 0.507047 0.317282 0.046736 0.069921
41 0.242582 0.216359 0.047478 0.068602
13 0.256677 0.457784 0.050445 0.079156
1 0.240727 0.142480 0.046736 0.068602
59 0.433234 0.342348 0.048961 0.072559
16 0.313056 0.416227 0.048961 0.075198
34 0.589392 0.599604 0.049703 0.075198
26 0.712537 0.527704 0.051187 0.081794
0 0.585312 0.368074 0.047478 0.071240
36 0.550816 0.419525 0.049703 0.073879
5 0.391320 0.241425 0.046736 0.068602
31 0.544510 0.493404 0.048961 0.076517
44 0.179154 0.325858 0.086795 0.102902
23 0.349036 0.362137 0.046736 0.072559
38 0.590134 0.445910 0.049703 0.073879
50 0.670623 0.741425 0.048961 0.084433
55 0.351261 0.441293 0.049703 0.075198
20 0.717730 0.454485 0.071958 0.091029
3 0.315653 0.191293 0.046736 0.068602
6 0.429525 0.267150 0.047478 0.069921
45 0.186573 0.255937 0.067507 0.089710
29 0.504822 0.467678 0.049703 0.075198
48 0.625371 0.393799 0.048961 0.069921
12 0.625000 0.546174 0.049703 0.076517
25 0.426558 0.414908 0.048961 0.075198
4 0.353487 0.215699 0.048220 0.069921
30 0.505564 0.480871 0.821217 0.911609
57 0.274110 0.389842 0.048220 0.075198
35 0.430267 0.494063 0.050445 0.075198
42 0.356825 0.291557 0.047478 0.071240
21 0.318249 0.265172 0.047478 0.071240
33 0.468843 0.519789 0.050445 0.076517
58 0.235905 0.364116 0.048961 0.073879
52 0.200297 0.190633 0.057864 0.077836
7 0.468101 0.290897 0.047478 0.072559
10 0.234050 0.286280 0.048220 0.071240
54 0.630564 0.471636 0.048961 0.075198
56 0.280045 0.240106 0.048220 0.071240
37 0.584570 0.519789 0.048961 0.076517
24 0.386869 0.388522 0.048220 0.072559
46 0.657641 0.648417 0.103116 0.114776
53 0.472552 0.367414 0.048961 0.075198
2 0.277819 0.167546 0.046736 0.068602
14 0.548220 0.654354 0.050445 0.081794
43 0.271513 0.312005 0.047478 0.072559
11 0.665430 0.420185 0.048961 0.072559
40 0.549332 0.573219 0.049703 0.075198
47 0.399110 0.563325 0.262611 0.237467
28 0.465875 0.440633 0.048961 0.076517
9 0.545994 0.343008 0.047478 0.071240
51 0.395030 0.316623 0.049703 0.071240
