25 0.405387 0.530387 0.045580 0.058932
28 0.456492 0.529006 0.044199 0.059853
26 0.756561 0.461786 0.057320 0.061694
15 0.379834 0.597606 0.046961 0.060773
17 0.060773 0.396869 0.034530 0.058932
13 0.224102 0.669890 0.047652 0.063536
40 0.584599 0.595304 0.044890 0.059853
19 0.250691 0.531308 0.045580 0.057090
48 0.621202 0.395488 0.044890 0.059853
27 0.494820 0.462247 0.044890 0.058932
34 0.635704 0.595304 0.046271 0.059853
33 0.482735 0.596685 0.046961 0.062615
11 0.672307 0.394567 0.044890 0.059853
16 0.276588 0.598987 0.047652 0.061694
2 0.160221 0.397330 0.046961 0.059853
41 0.133633 0.464549 0.047652 0.061694
38 0.596340 0.462247 0.044890 0.060773
56 0.185773 0.463628 0.045580 0.059853
42 0.289710 0.464088 0.046271 0.060773
58 0.173343 0.599448 0.046961 0.060773
29 0.507251 0.528545 0.046271 0.060773
39 0.699586 0.461786 0.045580 0.061694
53 0.444061 0.463168 0.045580 0.060773
0 0.570097 0.395948 0.044890 0.058932
36 0.545235 0.463168 0.046271 0.058932
51 0.340815 0.463168 0.044890 0.060773
23 0.302141 0.530847 0.046271 0.059853
49 0.063191 0.670350 0.050414 0.064457
30 0.512431 0.514733 0.976519 0.441989
24 0.353936 0.531308 0.046271 0.060773
5 0.315608 0.397790 0.045580 0.058932
4 0.263467 0.396869 0.044890 0.058932
47 0.390884 0.672652 0.276243 0.080110
1 0.107390 0.396869 0.046271 0.058932
55 0.328729 0.598066 0.048343 0.061694
22 0.737914 0.528085 0.095994 0.061694
37 0.609807 0.530387 0.045580 0.060773
45 0.078729 0.530847 0.074586 0.059853
3 0.211671 0.397330 0.047652 0.059853
20 0.743439 0.393646 0.082182 0.059853
57 0.224448 0.598987 0.046961 0.059853
52 0.072169 0.463628 0.061464 0.059853
7 0.418163 0.397330 0.044890 0.059853
46 0.724448 0.595304 0.122928 0.061694
31 0.558356 0.529006 0.044890 0.059853
54 0.647790 0.462247 0.045580 0.060773
14 0.557320 0.665285 0.046961 0.065378
59 0.393301 0.464088 0.046271 0.060773
43 0.198204 0.531768 0.045580 0.056169
8 0.468232 0.397330 0.045580 0.059853
6 0.367058 0.397790 0.046271 0.058932
12 0.660912 0.528085 0.045580 0.061694
10 0.145373 0.531768 0.044890 0.056169
35 0.430939 0.597145 0.046961 0.061694
18 0.533149 0.595764 0.045580 0.060773
32 0.608771 0.666667 0.046271 0.066298
44 0.091506 0.598987 0.101519 0.059853
9 0.519337 0.396869 0.045580 0.058932
21 0.237569 0.464549 0.046961 0.061694
