11 0.678646 0.268519 0.040625 0.111111
47 0.415104 0.814815 0.263542 0.166667
16 0.307812 0.658951 0.046875 0.126543
24 0.382812 0.523148 0.044792 0.120370
17 0.117708 0.251543 0.033333 0.114198
8 0.492708 0.265432 0.041667 0.117284
30 0.502604 0.490741 0.980208 0.913580
22 0.740104 0.532407 0.088542 0.120370
34 0.646354 0.665123 0.042708 0.120370
0 0.586458 0.266975 0.041667 0.114198
33 0.502604 0.662037 0.044792 0.126543
25 0.431771 0.524691 0.042708 0.123457
58 0.209896 0.666667 0.046875 0.123457
40 0.598437 0.663580 0.042708 0.117284
52 0.126042 0.382716 0.056250 0.117284
12 0.669271 0.529321 0.042708 0.120370
53 0.469271 0.393519 0.042708 0.120370
57 0.257812 0.657407 0.046875 0.123457
59 0.421354 0.390432 0.044792 0.120370
45 0.126562 0.516975 0.069792 0.120370
4 0.304167 0.256173 0.043750 0.117284
48 0.632292 0.268519 0.039583 0.111111
7 0.446875 0.262346 0.041667 0.117284
14 0.572396 0.805556 0.044792 0.135802
31 0.573958 0.529321 0.041667 0.120370
54 0.657292 0.398148 0.041667 0.117284
13 0.254688 0.804012 0.048958 0.132716
56 0.228646 0.384259 0.040625 0.108025
46 0.728646 0.666667 0.113542 0.123457
43 0.236458 0.520062 0.041667 0.108025
18 0.550521 0.663580 0.042708 0.123457
35 0.454688 0.660494 0.044792 0.123457
49 0.106250 0.802469 0.052083 0.135802
41 0.179167 0.384259 0.047917 0.120370
23 0.333854 0.521605 0.044792 0.123457
42 0.325521 0.387346 0.044792 0.120370
9 0.540104 0.266975 0.042708 0.114198
15 0.405208 0.660494 0.045833 0.123457
27 0.516667 0.393519 0.041667 0.114198
26 0.755729 0.401235 0.051042 0.117284
6 0.400000 0.262346 0.043750 0.117284
2 0.207813 0.251543 0.046875 0.120370
21 0.276562 0.385802 0.046875 0.123457
29 0.527604 0.526235 0.042708 0.120370
3 0.256250 0.253086 0.045833 0.117284
10 0.188021 0.518519 0.042708 0.111111
38 0.610417 0.398148 0.041667 0.117284
55 0.356250 0.660494 0.045833 0.123457
37 0.622396 0.530864 0.042708 0.117284
19 0.286458 0.521605 0.041667 0.111111
44 0.135937 0.654321 0.094792 0.129630
20 0.743229 0.270062 0.073958 0.114198
36 0.563542 0.398148 0.043750 0.117284
32 0.620833 0.810185 0.043750 0.132716
39 0.704167 0.399691 0.041667 0.114198
1 0.159375 0.248457 0.043750 0.114198
51 0.372917 0.388889 0.043750 0.117284
28 0.479687 0.526235 0.042708 0.120370
5 0.352083 0.260802 0.043750 0.114198
