23 0.420132 0.483003 0.040643 0.062323
46 0.802457 0.548159 0.102079 0.065156
34 0.724480 0.548867 0.042533 0.063739
22 0.812854 0.479462 0.077505 0.063739
4 0.387524 0.351275 0.039698 0.059490
27 0.594045 0.413598 0.040643 0.059490
43 0.328922 0.485127 0.041588 0.063739
44 0.234405 0.553824 0.096408 0.065156
58 0.305766 0.553116 0.040643 0.063739
8 0.569943 0.349150 0.041588 0.060907
26 0.828450 0.411473 0.042533 0.060907
33 0.583176 0.550283 0.043478 0.063739
12 0.747637 0.480170 0.041588 0.062323
36 0.639887 0.413598 0.041588 0.059490
53 0.547732 0.415014 0.040643 0.062323
45 0.223535 0.486544 0.072779 0.060907
40 0.677694 0.549575 0.041588 0.062323
7 0.524102 0.349150 0.040643 0.060907
10 0.284499 0.485127 0.039698 0.063739
19 0.374764 0.483711 0.040643 0.063739
38 0.687146 0.412181 0.041588 0.059490
52 0.219282 0.419972 0.060491 0.060907
31 0.652174 0.480878 0.041588 0.063739
41 0.274575 0.419263 0.042533 0.062323
9 0.616257 0.348442 0.041588 0.059490
54 0.734405 0.411473 0.041588 0.060907
55 0.442817 0.551700 0.042533 0.063739
47 0.513705 0.628187 0.301512 0.080737
28 0.559546 0.482295 0.041588 0.060907
15 0.489603 0.552408 0.043478 0.062323
30 0.557656 0.473088 0.886578 0.433428
16 0.396030 0.553116 0.043478 0.063739
5 0.432420 0.351275 0.040643 0.059490
13 0.338847 0.623229 0.042533 0.065156
37 0.700851 0.480878 0.042533 0.060907
35 0.536389 0.550992 0.042533 0.062323
57 0.350662 0.553116 0.041588 0.063739
49 0.202741 0.623938 0.042533 0.063739
6 0.478261 0.349858 0.041588 0.059490
24 0.466446 0.483711 0.040643 0.060907
39 0.780718 0.410765 0.043478 0.062323
0 0.662098 0.346317 0.040643 0.060907
25 0.512760 0.483711 0.040643 0.060907
42 0.409735 0.416431 0.040643 0.062323
32 0.789698 0.623229 0.046314 0.065156
21 0.364367 0.416431 0.040643 0.062323
11 0.754726 0.344193 0.040643 0.059490
51 0.455577 0.416431 0.039698 0.059490
56 0.318526 0.417847 0.041588 0.062323
59 0.501418 0.415722 0.040643 0.060907
18 0.630435 0.549575 0.041588 0.062323
48 0.708412 0.344901 0.040643 0.058074
2 0.298204 0.353399 0.040643 0.060907
29 0.605860 0.481586 0.041588 0.062323
14 0.689981 0.619688 0.043478 0.066572
17 0.210775 0.355524 0.037807 0.059490
20 0.814745 0.344193 0.064272 0.059490
3 0.342628 0.351983 0.040643 0.060907
50 0.836011 0.620397 0.046314 0.065156
1 0.253781 0.353399 0.040643 0.060907
