23 0.411538 0.461538 0.036752 0.056410
46 0.757265 0.520513 0.092308 0.058974
34 0.686752 0.521154 0.038462 0.057692
22 0.766667 0.458333 0.070085 0.057692
4 0.382051 0.342308 0.035897 0.053846
27 0.568803 0.398718 0.036752 0.053846
43 0.329060 0.463462 0.037607 0.057692
44 0.243590 0.525641 0.087179 0.058974
58 0.308120 0.525000 0.036752 0.057692
8 0.547009 0.340385 0.037607 0.055128
26 0.780769 0.396795 0.038462 0.055128
33 0.558974 0.522436 0.039316 0.057692
12 0.707692 0.458974 0.037607 0.056410
36 0.610256 0.398718 0.037607 0.053846
53 0.526923 0.400000 0.036752 0.056410
45 0.233761 0.464744 0.065812 0.055128
40 0.644444 0.521795 0.037607 0.056410
7 0.505556 0.340385 0.036752 0.055128
10 0.288889 0.463462 0.035897 0.057692
19 0.370513 0.462179 0.036752 0.057692
38 0.652991 0.397436 0.037607 0.053846
52 0.229915 0.404487 0.054701 0.055128
31 0.621368 0.459615 0.037607 0.057692
41 0.279915 0.403846 0.038462 0.056410
9 0.588889 0.339744 0.037607 0.053846
54 0.695726 0.396795 0.037607 0.055128
55 0.432051 0.523718 0.038462 0.057692
47 0.496154 0.592949 0.272650 0.073077
28 0.537607 0.460897 0.037607 0.055128
15 0.474359 0.524359 0.039316 0.056410
30 0.551282 0.452564 0.832479 0.392308
16 0.389744 0.525000 0.039316 0.057692
5 0.422650 0.342308 0.036752 0.053846
13 0.338034 0.588462 0.038462 0.058974
37 0.665385 0.459615 0.038462 0.055128
35 0.516667 0.523077 0.038462 0.056410
57 0.348718 0.525000 0.037607 0.057692
49 0.214957 0.589103 0.038462 0.057692
6 0.464103 0.341026 0.037607 0.053846
24 0.453419 0.462179 0.036752 0.055128
39 0.737607 0.396154 0.039316 0.056410
0 0.630342 0.337821 0.036752 0.055128
25 0.495299 0.462179 0.036752 0.055128
42 0.402137 0.401282 0.036752 0.056410
32 0.745726 0.588462 0.041880 0.058974
21 0.361111 0.401282 0.036752 0.056410
11 0.714103 0.335897 0.036752 0.053846
51 0.443590 0.401282 0.035897 0.053846
56 0.319658 0.402564 0.037607 0.056410
59 0.485043 0.400641 0.036752 0.055128
18 0.601709 0.521795 0.037607 0.056410
48 0.672222 0.336538 0.036752 0.052564
2 0.301282 0.344231 0.036752 0.055128
29 0.579487 0.460256 0.037607 0.056410
14 0.655556 0.585256 0.039316 0.060256
17 0.222222 0.346154 0.034188 0.053846
20 0.768376 0.335897 0.058120 0.053846
3 0.341453 0.342949 0.036752 0.055128
50 0.787607 0.585897 0.041880 0.058974
1 0.261111 0.344231 0.036752 0.055128
