57 0.462500 0.577917 0.027500 0.034167
31 0.604688 0.476250 0.025625 0.032500
28 0.558750 0.498333 0.026250 0.033333
14 0.641563 0.530417 0.028125 0.035833
10 0.419063 0.566667 0.026875 0.033333
40 0.624375 0.505417 0.027500 0.034167
39 0.658750 0.417500 0.026250 0.031667
8 0.547813 0.433333 0.025625 0.031667
59 0.521250 0.480417 0.026250 0.032500
17 0.364375 0.520833 0.022500 0.031667
12 0.650000 0.455417 0.027500 0.032500
34 0.648125 0.495417 0.027500 0.034167
50 0.712500 0.501250 0.027500 0.034167
45 0.387813 0.577083 0.039375 0.042500
56 0.428438 0.524167 0.026875 0.033333
13 0.470625 0.611250 0.027500 0.037500
52 0.377500 0.547500 0.032500 0.038333
21 0.452813 0.515417 0.026875 0.032500
9 0.570312 0.422917 0.025625 0.030833
48 0.616563 0.402500 0.024375 0.031667
44 0.402187 0.605833 0.051875 0.046667
16 0.485312 0.567083 0.026875 0.034167
46 0.685937 0.474167 0.058125 0.046667
11 0.638437 0.392500 0.026875 0.031667
55 0.509062 0.556667 0.028125 0.033333
0 0.593437 0.412917 0.024375 0.030833
24 0.512188 0.519167 0.026875 0.033333
47 0.557500 0.572917 0.153750 0.105833
18 0.601250 0.513750 0.027500 0.034167
38 0.613437 0.437917 0.025625 0.030833
22 0.682813 0.442500 0.045625 0.041667
42 0.475313 0.502083 0.026875 0.032500
2 0.410313 0.501250 0.025625 0.032500
53 0.544375 0.470417 0.026250 0.032500
1 0.386562 0.511250 0.025625 0.032500
51 0.498125 0.491250 0.027500 0.034167
23 0.488750 0.530000 0.026250 0.033333
19 0.465938 0.540833 0.026875 0.035000
30 0.601875 0.570000 0.527500 0.543333
15 0.532188 0.545833 0.028125 0.033333
25 0.535625 0.508333 0.026250 0.033333
54 0.635938 0.427500 0.026875 0.031667
37 0.627500 0.465833 0.026250 0.033333
58 0.438125 0.589167 0.027500 0.033333
4 0.457188 0.478750 0.025625 0.032500
6 0.502500 0.454583 0.025000 0.032500
36 0.590625 0.448750 0.026250 0.030833
20 0.669063 0.379583 0.040625 0.037500
26 0.682500 0.405833 0.028750 0.031667
43 0.442812 0.556667 0.026875 0.033333
27 0.567187 0.459167 0.026875 0.033333
49 0.398125 0.645417 0.028750 0.037500
35 0.555312 0.535000 0.028125 0.033333
5 0.479063 0.465417 0.025625 0.032500
41 0.406562 0.536667 0.026875 0.033333
29 0.581250 0.487083 0.026250 0.032500
3 0.432812 0.490417 0.025625 0.032500
32 0.689375 0.511250 0.027500 0.034167
7 0.525312 0.444167 0.025625 0.031667
33 0.578750 0.523750 0.027500 0.032500
