49 0.214375 0.364444 0.042500 0.066667
17 0.270625 0.149444 0.031250 0.056667
19 0.356563 0.328889 0.040625 0.062222
15 0.423750 0.438333 0.042500 0.063333
22 0.671250 0.538333 0.070000 0.085556
18 0.524375 0.505556 0.042500 0.064444
39 0.660000 0.462778 0.041250 0.061111
27 0.526250 0.375556 0.042500 0.062222
8 0.522188 0.311667 0.039375 0.058889
41 0.299375 0.226667 0.040000 0.057778
13 0.311250 0.430000 0.042500 0.066667
1 0.297812 0.164444 0.039375 0.057778
59 0.460000 0.332778 0.041250 0.061111
16 0.358750 0.395000 0.041250 0.063333
34 0.591562 0.549444 0.041875 0.063333
26 0.695312 0.488889 0.043125 0.068889
0 0.588125 0.354444 0.040000 0.060000
36 0.559063 0.397778 0.041875 0.062222
5 0.424687 0.247778 0.039375 0.057778
31 0.553750 0.460000 0.041250 0.064444
44 0.245938 0.318889 0.073125 0.086667
23 0.389062 0.349444 0.039375 0.061111
38 0.592187 0.420000 0.041875 0.062222
50 0.660000 0.668889 0.041250 0.071111
55 0.390937 0.416111 0.041875 0.063333
20 0.699688 0.427222 0.060625 0.076667
3 0.360938 0.205556 0.039375 0.057778
6 0.456875 0.269444 0.040000 0.058889
45 0.252188 0.260000 0.056875 0.075556
29 0.520312 0.438333 0.041875 0.063333
48 0.621875 0.376111 0.041250 0.058889
12 0.621563 0.504444 0.041875 0.064444
25 0.454375 0.393889 0.041250 0.063333
4 0.392813 0.226111 0.040625 0.058889
30 0.520938 0.449444 0.691875 0.767778
57 0.325937 0.372778 0.040625 0.063333
35 0.457500 0.460556 0.042500 0.063333
42 0.395625 0.290000 0.040000 0.060000
21 0.363125 0.267778 0.040000 0.060000
33 0.490000 0.482222 0.042500 0.064444
58 0.293750 0.351111 0.041250 0.062222
52 0.263750 0.205000 0.048750 0.065556
7 0.489375 0.289444 0.040000 0.061111
10 0.292187 0.285556 0.040625 0.060000
54 0.626250 0.441667 0.041250 0.063333
56 0.330937 0.246667 0.040625 0.060000
37 0.587500 0.482222 0.041250 0.064444
24 0.420938 0.371667 0.040625 0.061111
46 0.649062 0.590556 0.086875 0.096667
53 0.493125 0.353889 0.041250 0.063333
2 0.329062 0.185556 0.039375 0.057778
14 0.556875 0.595556 0.042500 0.068889
43 0.323750 0.307222 0.040000 0.061111
11 0.655625 0.398333 0.041250 0.061111
40 0.557813 0.527222 0.041875 0.063333
47 0.431250 0.518889 0.221250 0.200000
28 0.487500 0.415556 0.041250 0.064444
9 0.555000 0.333333 0.040000 0.060000
51 0.427812 0.311111 0.041875 0.060000
