12 0.671963 0.529359 0.041667 0.097865
4 0.256709 0.275801 0.040254 0.103203
32 0.099929 0.654804 0.043079 0.099644
10 0.128884 0.528470 0.041667 0.099644
24 0.346045 0.530249 0.040960 0.099644
47 0.377825 0.790925 0.343220 0.094306
49 0.033192 0.782918 0.056497 0.103203
37 0.617585 0.530249 0.041667 0.099644
43 0.182910 0.528470 0.040960 0.099644
58 0.153955 0.653915 0.042373 0.097865
17 0.042726 0.279359 0.040254 0.092527
53 0.442797 0.403915 0.040960 0.103203
27 0.496469 0.403025 0.040960 0.101423
1 0.096045 0.274911 0.040960 0.104982
39 0.712218 0.407473 0.041667 0.106762
52 0.054379 0.403025 0.069209 0.104982
29 0.509181 0.529359 0.042373 0.101423
22 0.780014 0.464413 0.069915 0.238434
14 0.585805 0.801601 0.060028 0.129893
42 0.281073 0.403915 0.040960 0.103203
59 0.388771 0.403915 0.040254 0.103203
45 0.055791 0.528470 0.083333 0.099644
55 0.318856 0.653915 0.041667 0.101423
48 0.629237 0.278470 0.040960 0.101423
46 0.749294 0.653915 0.139831 0.097865
5 0.310028 0.275801 0.040960 0.106762
16 0.263771 0.653915 0.043079 0.101423
25 0.400071 0.530249 0.040254 0.096085
6 0.362994 0.276690 0.040960 0.101423
51 0.334746 0.403025 0.039548 0.101423
26 0.726342 0.530249 0.040254 0.103203
28 0.454449 0.530249 0.040254 0.099644
44 0.037782 0.655694 0.060028 0.101423
38 0.603814 0.403025 0.040960 0.101423
31 0.563206 0.529359 0.041667 0.097865
7 0.416314 0.276690 0.040254 0.101423
19 0.236935 0.529359 0.041667 0.101423
3 0.203390 0.275801 0.040960 0.106762
40 0.592514 0.654804 0.040960 0.099644
15 0.373588 0.653915 0.042373 0.101423
11 0.682910 0.276690 0.040960 0.101423
50 0.792726 0.798043 0.058616 0.137011
56 0.174082 0.405694 0.040254 0.103203
20 0.761653 0.276690 0.093927 0.101423
36 0.550141 0.403025 0.040960 0.101423
2 0.150424 0.276690 0.040960 0.104982
54 0.656780 0.403025 0.040960 0.104982
23 0.291667 0.530249 0.040960 0.099644
8 0.469280 0.276690 0.040254 0.104982
35 0.428319 0.653915 0.041667 0.101423
0 0.576271 0.274911 0.042373 0.104982
34 0.647952 0.655694 0.041667 0.097865
13 0.170904 0.794484 0.057910 0.129893
33 0.482698 0.653915 0.043079 0.104982
21 0.227754 0.403915 0.041667 0.103203
41 0.120056 0.404804 0.042373 0.104982
9 0.522246 0.274911 0.041667 0.104982
30 0.500706 0.500890 1.000000 0.902135
18 0.538136 0.654804 0.040960 0.099644
57 0.208686 0.654804 0.041667 0.099644
