53 0.448958 0.418056 0.036806 0.039815
8 0.469444 0.375926 0.036111 0.038889
58 0.217708 0.510648 0.042361 0.045370
5 0.347569 0.375926 0.036806 0.038889
43 0.245139 0.464352 0.040278 0.043519
15 0.393750 0.510185 0.040278 0.044444
23 0.331250 0.463426 0.038889 0.041667
21 0.282986 0.419444 0.038194 0.040741
44 0.148264 0.508796 0.096528 0.047222
49 0.153472 0.565278 0.047222 0.060185
56 0.240972 0.418519 0.038889 0.040741
38 0.574306 0.417130 0.037500 0.039815
48 0.592014 0.374074 0.036806 0.038889
33 0.481597 0.509722 0.039583 0.045370
12 0.631944 0.461574 0.040278 0.041667
25 0.416667 0.462963 0.037500 0.042593
9 0.510417 0.375000 0.036111 0.038889
39 0.659375 0.416667 0.039583 0.040741
10 0.202431 0.463426 0.040972 0.043519
32 0.144792 0.375463 0.038194 0.037963
7 0.429514 0.376389 0.035417 0.037963
6 0.388194 0.375926 0.036111 0.038889
52 0.147222 0.417130 0.059722 0.041667
16 0.306250 0.511574 0.041667 0.045370
26 0.701736 0.416204 0.040972 0.041667
57 0.261806 0.510648 0.040278 0.045370
35 0.437500 0.510185 0.038889 0.044444
18 0.525347 0.509722 0.039583 0.043519
19 0.288194 0.463889 0.038889 0.042593
14 0.581250 0.563889 0.044444 0.057407
36 0.532292 0.417130 0.038194 0.039815
20 0.685764 0.373148 0.060417 0.038889
42 0.324306 0.418981 0.037500 0.039815
13 0.199306 0.564815 0.047222 0.059259
30 0.501736 0.458333 0.860417 0.322222
40 0.570139 0.509722 0.040278 0.043519
11 0.632986 0.373611 0.036806 0.037963
59 0.407639 0.418056 0.036111 0.039815
55 0.349653 0.510648 0.039583 0.045370
3 0.266319 0.376389 0.038194 0.037963
0 0.551042 0.374074 0.036806 0.038889
47 0.389931 0.563889 0.217361 0.055556
54 0.617014 0.416667 0.038194 0.040741
45 0.144444 0.462500 0.072222 0.043519
51 0.365972 0.418981 0.036111 0.039815
27 0.490972 0.417593 0.036111 0.038889
37 0.589236 0.461574 0.039583 0.041667
4 0.306944 0.376389 0.036111 0.039815
34 0.614583 0.510185 0.041667 0.044444
24 0.373611 0.463426 0.037500 0.041667
46 0.688194 0.508796 0.098611 0.045370
22 0.692014 0.460648 0.074306 0.043519
29 0.502431 0.462500 0.038194 0.041667
2 0.226042 0.376389 0.038194 0.037963
31 0.545833 0.462037 0.038889 0.042593
1 0.184722 0.375926 0.038889 0.038889
28 0.459028 0.462500 0.037500 0.041667
41 0.198958 0.418056 0.040972 0.041667
