53 0.501563 0.445878 0.033125 0.035803
8 0.520000 0.407993 0.032500 0.034971
58 0.293438 0.529142 0.038125 0.040799
5 0.410313 0.407993 0.033125 0.034971
43 0.318125 0.487510 0.036250 0.039134
15 0.451875 0.528726 0.036250 0.039967
23 0.395625 0.486678 0.035000 0.037469
21 0.352187 0.447127 0.034375 0.036636
44 0.230937 0.527477 0.086875 0.042465
49 0.235625 0.578268 0.042500 0.054122
56 0.314375 0.446295 0.035000 0.036636
38 0.614375 0.445046 0.033750 0.035803
48 0.630313 0.406328 0.033125 0.034971
33 0.530937 0.528310 0.035625 0.040799
12 0.666250 0.485012 0.036250 0.037469
25 0.472500 0.486261 0.033750 0.038301
9 0.556875 0.407161 0.032500 0.034971
39 0.690937 0.444629 0.035625 0.036636
10 0.279687 0.486678 0.036875 0.039134
32 0.227813 0.407577 0.034375 0.034138
7 0.484063 0.408410 0.031875 0.034138
6 0.446875 0.407993 0.032500 0.034971
52 0.230000 0.445046 0.053750 0.037469
16 0.373125 0.529975 0.037500 0.040799
26 0.729062 0.444213 0.036875 0.037469
57 0.333125 0.529142 0.036250 0.040799
35 0.491250 0.528726 0.035000 0.039967
18 0.570312 0.528310 0.035625 0.039134
19 0.356875 0.487094 0.035000 0.038301
14 0.620625 0.577019 0.040000 0.051624
36 0.576562 0.445046 0.034375 0.035803
20 0.714688 0.405495 0.054375 0.034971
42 0.389375 0.446711 0.033750 0.035803
13 0.276875 0.577852 0.042500 0.053289
30 0.549063 0.482098 0.774375 0.289759
40 0.610625 0.528310 0.036250 0.039134
11 0.667188 0.405912 0.033125 0.034138
59 0.464375 0.445878 0.032500 0.035803
55 0.412187 0.529142 0.035625 0.040799
3 0.337187 0.408410 0.034375 0.034138
0 0.593437 0.406328 0.033125 0.034971
47 0.448437 0.577019 0.195625 0.049958
54 0.652813 0.444629 0.034375 0.036636
45 0.227500 0.485845 0.065000 0.039134
51 0.426875 0.446711 0.032500 0.035803
27 0.539375 0.445462 0.032500 0.034971
37 0.627812 0.485012 0.035625 0.037469
4 0.373750 0.408410 0.032500 0.035803
34 0.650625 0.528726 0.037500 0.039967
24 0.433750 0.486678 0.033750 0.037469
46 0.716875 0.527477 0.088750 0.040799
22 0.720313 0.484180 0.066875 0.039134
29 0.549687 0.485845 0.034375 0.037469
2 0.300938 0.408410 0.034375 0.034138
31 0.588750 0.485429 0.035000 0.038301
1 0.263750 0.407993 0.035000 0.034971
28 0.510625 0.485845 0.033750 0.037469
41 0.276562 0.445878 0.036875 0.037469
