4 0.307188 0.201667 0.030625 0.036667
29 0.465625 0.288333 0.032500 0.040000
31 0.500000 0.289167 0.031250 0.038333
22 0.627500 0.271667 0.040000 0.081667
58 0.235625 0.321250 0.032500 0.039167
43 0.256875 0.280833 0.032500 0.038333
7 0.409375 0.204583 0.031250 0.037500
24 0.361563 0.284583 0.031875 0.039167
20 0.623125 0.210000 0.048750 0.036667
44 0.160938 0.317917 0.043125 0.039167
53 0.424687 0.245000 0.031875 0.038333
49 0.159688 0.363750 0.055625 0.047500
14 0.524687 0.377083 0.051875 0.047500
30 0.538438 0.292500 0.849375 0.303333
12 0.570312 0.290833 0.031875 0.040000
15 0.376563 0.327083 0.033125 0.039167
45 0.174375 0.276667 0.058750 0.038333
41 0.217812 0.237083 0.033125 0.037500
21 0.286875 0.240000 0.032500 0.038333
27 0.458750 0.246250 0.031250 0.037500
16 0.306250 0.324167 0.033750 0.040000
0 0.511875 0.207917 0.031250 0.037500
26 0.600625 0.292083 0.022500 0.039167
5 0.340938 0.202500 0.030625 0.036667
51 0.355625 0.242500 0.031250 0.038333
19 0.291875 0.281667 0.032500 0.038333
8 0.443750 0.206250 0.031250 0.037500
36 0.493125 0.247917 0.031250 0.037500
32 0.200937 0.320000 0.034375 0.040000
35 0.411562 0.328333 0.033125 0.040000
50 0.623750 0.380417 0.052500 0.049167
17 0.171563 0.196250 0.030625 0.035833
55 0.341562 0.325417 0.033125 0.039167
25 0.396250 0.285417 0.031250 0.039167
42 0.321562 0.242083 0.031875 0.037500
23 0.326562 0.283333 0.031875 0.038333
28 0.430937 0.286250 0.030625 0.039167
54 0.562187 0.249167 0.031875 0.038333
34 0.551875 0.332917 0.032500 0.039167
52 0.175313 0.235833 0.049375 0.036667
13 0.258125 0.367917 0.053750 0.047500
39 0.591875 0.250417 0.022500 0.039167
37 0.535000 0.290417 0.031250 0.039167
33 0.445937 0.329583 0.033125 0.040833
56 0.252188 0.238333 0.033125 0.038333
46 0.610000 0.333333 0.076250 0.040000
2 0.239063 0.197917 0.031875 0.035833
3 0.272813 0.199167 0.031875 0.036667
47 0.390937 0.373750 0.211875 0.049167
6 0.375625 0.203333 0.031250 0.036667
57 0.270937 0.322917 0.033125 0.039167
40 0.516875 0.331667 0.031250 0.038333
48 0.545937 0.209167 0.030625 0.036667
9 0.477812 0.207083 0.030625 0.035833
1 0.205000 0.197083 0.031250 0.035833
38 0.527500 0.248750 0.031250 0.037500
18 0.481875 0.330833 0.032500 0.040000
10 0.222188 0.278750 0.033125 0.039167
59 0.390000 0.244167 0.031250 0.038333
11 0.580313 0.209167 0.030625 0.036667
