29 0.501357 0.480561 0.036635 0.053345
44 0.047151 0.558318 0.053596 0.055154
58 0.160448 0.555606 0.040027 0.055154
28 0.450136 0.480561 0.037313 0.053345
42 0.281886 0.415913 0.038670 0.054250
4 0.254749 0.348101 0.038670 0.054250
45 0.063433 0.488246 0.079376 0.056058
5 0.307327 0.347197 0.039349 0.054250
18 0.528494 0.547016 0.037992 0.054250
36 0.538670 0.412297 0.037992 0.052441
20 0.739145 0.340868 0.087517 0.052441
12 0.652307 0.476492 0.037313 0.054250
33 0.477951 0.548373 0.038670 0.055154
30 0.493555 0.456600 0.957259 0.475588
48 0.613976 0.344937 0.037992 0.053345
37 0.601764 0.478300 0.037992 0.054250
59 0.386703 0.415009 0.036635 0.054250
41 0.123813 0.417722 0.040027 0.056058
24 0.347354 0.483725 0.037992 0.054250
21 0.228969 0.417269 0.038670 0.055154
17 0.046133 0.350814 0.036635 0.052441
53 0.437924 0.414557 0.037313 0.053345
13 0.177069 0.626130 0.054274 0.056962
50 0.766961 0.611212 0.052239 0.054250
3 0.202171 0.347197 0.037992 0.054250
16 0.267639 0.553797 0.040027 0.055154
57 0.214043 0.554702 0.040027 0.055154
1 0.097693 0.349458 0.037992 0.053345
10 0.134668 0.487342 0.038670 0.054250
9 0.512551 0.346745 0.038670 0.055154
25 0.398915 0.482369 0.036635 0.053345
49 0.045455 0.627034 0.054274 0.055154
52 0.058684 0.419530 0.064450 0.054250
39 0.689620 0.410488 0.038670 0.054250
8 0.462008 0.348101 0.037992 0.054250
2 0.149932 0.349005 0.037992 0.054250
46 0.726255 0.542043 0.129579 0.053345
32 0.106852 0.556962 0.041384 0.056058
27 0.488467 0.413201 0.036635 0.052441
14 0.573609 0.613472 0.053596 0.055154
23 0.294437 0.484177 0.039349 0.055154
31 0.551900 0.479656 0.037313 0.053345
40 0.579037 0.545660 0.037313 0.053345
19 0.240502 0.485081 0.038670 0.055154
22 0.753053 0.441682 0.065129 0.123870
54 0.639417 0.410940 0.037313 0.053345
7 0.411126 0.347649 0.037992 0.053345
11 0.663840 0.344033 0.035957 0.053345
34 0.629579 0.543852 0.039349 0.053345
35 0.426052 0.548373 0.037992 0.053345
43 0.187585 0.486890 0.038670 0.055154
38 0.588535 0.410488 0.037313 0.052441
47 0.375848 0.621609 0.324288 0.060579
55 0.321235 0.551537 0.040027 0.054250
6 0.360583 0.347649 0.038670 0.053345
0 0.563433 0.346745 0.038670 0.053345
15 0.374491 0.550181 0.039349 0.053345
51 0.334464 0.415461 0.037992 0.053345
56 0.175712 0.417269 0.037992 0.055154
26 0.702510 0.475588 0.038670 0.054250
