29 0.483125 0.510417 0.033750 0.049167
44 0.064687 0.582083 0.049375 0.050833
58 0.169063 0.579583 0.036875 0.050833
28 0.435937 0.510417 0.034375 0.049167
42 0.280938 0.450833 0.035625 0.050000
4 0.255937 0.388333 0.035625 0.050000
45 0.079687 0.517500 0.073125 0.051667
5 0.304375 0.387500 0.036250 0.050000
18 0.508125 0.571667 0.035000 0.050000
36 0.517500 0.447500 0.035000 0.048333
20 0.702187 0.381667 0.080625 0.048333
12 0.622188 0.506667 0.034375 0.050000
33 0.461562 0.572917 0.035625 0.050833
30 0.475938 0.488333 0.881875 0.438333
48 0.586875 0.385417 0.035000 0.049167
37 0.575625 0.508333 0.035000 0.050000
59 0.377500 0.450000 0.033750 0.050000
41 0.135313 0.452500 0.036875 0.051667
24 0.341250 0.513333 0.035000 0.050000
21 0.232187 0.452083 0.035625 0.050833
17 0.063750 0.390833 0.033750 0.048333
53 0.424687 0.449583 0.034375 0.049167
13 0.184375 0.644583 0.050000 0.052500
50 0.727812 0.630833 0.048125 0.050000
3 0.207500 0.387500 0.035000 0.050000
16 0.267813 0.577917 0.036875 0.050833
57 0.218438 0.578750 0.036875 0.050833
1 0.111250 0.389583 0.035000 0.049167
10 0.145313 0.516667 0.035625 0.050000
9 0.493437 0.387083 0.035625 0.050833
25 0.388750 0.512083 0.033750 0.049167
49 0.063125 0.645417 0.050000 0.050833
52 0.075313 0.454167 0.059375 0.050000
39 0.656563 0.445833 0.035625 0.050000
8 0.446875 0.388333 0.035000 0.050000
2 0.159375 0.389167 0.035000 0.050000
46 0.690312 0.567083 0.119375 0.049167
32 0.119688 0.580833 0.038125 0.051667
27 0.471250 0.448333 0.033750 0.048333
14 0.549687 0.632917 0.049375 0.050833
23 0.292500 0.513750 0.036250 0.050833
31 0.529687 0.509583 0.034375 0.049167
40 0.554688 0.570417 0.034375 0.049167
19 0.242812 0.514583 0.035625 0.050833
22 0.715000 0.474583 0.060000 0.114167
54 0.610313 0.446250 0.034375 0.049167
7 0.400000 0.387917 0.035000 0.049167
11 0.632812 0.384583 0.033125 0.049167
34 0.601250 0.568750 0.036250 0.049167
35 0.413750 0.572917 0.035000 0.049167
43 0.194062 0.516250 0.035625 0.050833
38 0.563438 0.445833 0.034375 0.048333
47 0.367500 0.640417 0.298750 0.055833
55 0.317188 0.575833 0.036875 0.050000
6 0.353438 0.387917 0.035625 0.049167
0 0.540312 0.387083 0.035625 0.049167
15 0.366250 0.574583 0.036250 0.049167
51 0.329375 0.450417 0.035000 0.049167
56 0.183125 0.452083 0.035000 0.050833
26 0.668438 0.505833 0.035625 0.050000
