12 0.674949 0.542882 0.040163 0.094340
4 0.274677 0.298456 0.038802 0.099485
32 0.123553 0.663808 0.041525 0.096055
10 0.151464 0.542024 0.040163 0.096055
24 0.360790 0.543739 0.039483 0.096055
47 0.391423 0.795026 0.330837 0.090909
49 0.059224 0.787307 0.054459 0.099485
37 0.622532 0.543739 0.040163 0.096055
43 0.203540 0.542024 0.039483 0.096055
58 0.175630 0.662950 0.040844 0.094340
17 0.068414 0.301887 0.038802 0.089194
53 0.454050 0.421955 0.039483 0.099485
27 0.505786 0.421098 0.039483 0.097770
1 0.119809 0.297599 0.039483 0.101201
39 0.713751 0.425386 0.040163 0.102916
52 0.079646 0.421098 0.066712 0.101201
29 0.518039 0.542882 0.040844 0.097770
22 0.779101 0.480274 0.067393 0.229846
14 0.591899 0.805317 0.057862 0.125214
42 0.298162 0.421955 0.039483 0.099485
59 0.401974 0.421955 0.038802 0.099485
45 0.081007 0.542024 0.080327 0.096055
55 0.334581 0.662950 0.040163 0.097770
48 0.633764 0.301029 0.039483 0.097770
46 0.749489 0.662950 0.134786 0.094340
5 0.326072 0.298456 0.039483 0.102916
16 0.281484 0.662950 0.041525 0.097770
25 0.412866 0.543739 0.038802 0.092624
6 0.377127 0.299314 0.039483 0.097770
51 0.349898 0.421098 0.038121 0.097770
26 0.727366 0.543739 0.038802 0.099485
28 0.465283 0.543739 0.038802 0.096055
44 0.063649 0.664666 0.057862 0.097770
38 0.609258 0.421098 0.039483 0.097770
31 0.570116 0.542882 0.040163 0.094340
7 0.428523 0.299314 0.038802 0.097770
19 0.255616 0.542882 0.040163 0.097770
3 0.223281 0.298456 0.039483 0.102916
40 0.598366 0.663808 0.039483 0.096055
15 0.387338 0.662950 0.040844 0.097770
11 0.685500 0.299314 0.039483 0.097770
50 0.791355 0.801887 0.056501 0.132075
56 0.195031 0.423671 0.038802 0.099485
20 0.761402 0.299314 0.090538 0.097770
36 0.557522 0.421098 0.039483 0.097770
2 0.172226 0.299314 0.039483 0.101201
54 0.660313 0.421098 0.039483 0.101201
23 0.308373 0.543739 0.039483 0.096055
8 0.479578 0.299314 0.038802 0.101201
35 0.440095 0.662950 0.040163 0.097770
0 0.582709 0.297599 0.040844 0.101201
34 0.651804 0.664666 0.040163 0.094340
13 0.191967 0.798456 0.055820 0.125214
33 0.492512 0.662950 0.041525 0.101201
21 0.246767 0.421955 0.040163 0.099485
41 0.142954 0.422813 0.040844 0.101201
9 0.530633 0.297599 0.040163 0.101201
30 0.505446 0.515437 0.980939 0.869640
18 0.545950 0.663808 0.039483 0.096055
57 0.228387 0.663808 0.040163 0.096055
