58 0.241125 0.722140 0.053583 0.112927
8 0.586068 0.335810 0.052244 0.112927
11 0.826524 0.332838 0.050904 0.112927
48 0.766242 0.335067 0.052244 0.111441
7 0.529806 0.336553 0.046885 0.114413
6 0.465841 0.332095 0.054253 0.117385
39 0.856999 0.464339 0.052914 0.114413
37 0.752177 0.594354 0.052244 0.112927
29 0.631949 0.593611 0.051574 0.114413
47 0.481246 0.864042 0.287341 0.132244
15 0.481246 0.722140 0.054253 0.115899
54 0.796718 0.465082 0.052914 0.115899
55 0.421299 0.722140 0.053583 0.115899
10 0.210650 0.592125 0.052914 0.114413
33 0.601808 0.725111 0.054253 0.115899
42 0.376423 0.463596 0.053583 0.115899
12 0.812458 0.594354 0.052244 0.112927
13 0.227060 0.861813 0.056263 0.136701
20 0.902210 0.334324 0.083054 0.112927
32 0.105492 0.332838 0.052914 0.115899
31 0.692565 0.595840 0.052244 0.112927
43 0.270596 0.592125 0.053583 0.114413
5 0.404889 0.332838 0.054253 0.115899
1 0.165774 0.332838 0.052914 0.115899
46 0.880442 0.724368 0.127930 0.114413
41 0.195914 0.462110 0.054253 0.115899
56 0.255526 0.461367 0.052914 0.117385
22 0.895177 0.594354 0.099799 0.112927
27 0.617214 0.465082 0.051574 0.112927
57 0.301407 0.721397 0.053583 0.114413
34 0.781648 0.725111 0.053583 0.112927
23 0.390824 0.592125 0.052914 0.114413
45 0.128265 0.591382 0.098459 0.115899
36 0.676490 0.464339 0.053583 0.114413
18 0.661085 0.724368 0.053583 0.114413
59 0.495311 0.461367 0.051574 0.117385
26 0.917616 0.465082 0.052244 0.112927
52 0.120898 0.462853 0.086403 0.117385
16 0.361018 0.722140 0.053583 0.115899
3 0.285666 0.333581 0.054253 0.114413
38 0.736772 0.464339 0.053583 0.114413
28 0.571668 0.594354 0.051574 0.112927
40 0.721701 0.724368 0.052914 0.114413
19 0.330543 0.591382 0.054253 0.115899
24 0.450435 0.591382 0.052914 0.115899
53 0.556597 0.465082 0.052244 0.115899
30 0.513396 0.549777 0.910248 0.852897
25 0.513731 0.597325 0.052244 0.109955
9 0.646350 0.336553 0.053583 0.111441
51 0.436035 0.461367 0.052244 0.114413
35 0.541527 0.724368 0.052914 0.114413
21 0.316142 0.463596 0.053583 0.115899
44 0.143336 0.719911 0.129940 0.117385
4 0.346283 0.332095 0.052244 0.114413
2 0.226055 0.332095 0.054253 0.114413
0 0.706966 0.335810 0.052914 0.112927
49 0.166778 0.862556 0.054923 0.135215
