35 0.414062 0.572500 0.044375 0.041667
57 0.229375 0.561250 0.048750 0.042500
49 0.110312 0.605417 0.058125 0.054167
18 0.505938 0.577917 0.041875 0.042500
9 0.500625 0.455833 0.037500 0.033333
38 0.563125 0.497083 0.038750 0.035833
29 0.485625 0.532500 0.040000 0.038333
26 0.695312 0.505833 0.040625 0.036667
52 0.126875 0.470417 0.068750 0.037500
23 0.308750 0.522500 0.045000 0.038333
22 0.682813 0.544583 0.076875 0.039167
0 0.542188 0.458333 0.036875 0.033333
32 0.131875 0.434167 0.043750 0.033333
25 0.397188 0.527500 0.041875 0.038333
48 0.584375 0.461250 0.037500 0.034167
54 0.606875 0.499583 0.040000 0.035833
20 0.679063 0.466250 0.060625 0.034167
51 0.350000 0.484583 0.041250 0.035833
8 0.460000 0.454167 0.037500 0.033333
28 0.441563 0.530417 0.041875 0.039167
19 0.263750 0.520000 0.045000 0.040000
14 0.559688 0.632083 0.045625 0.055833
13 0.156875 0.607500 0.055000 0.055000
4 0.295000 0.443333 0.041250 0.035000
27 0.477812 0.492083 0.039375 0.035833
33 0.460000 0.575000 0.043750 0.043333
10 0.175625 0.514167 0.047500 0.038333
41 0.179375 0.474167 0.046250 0.036667
5 0.336250 0.446250 0.041250 0.034167
2 0.213125 0.438333 0.043750 0.033333
59 0.392813 0.486667 0.040625 0.035000
58 0.184062 0.557917 0.049375 0.042500
34 0.599375 0.584583 0.043750 0.042500
36 0.520312 0.494583 0.039375 0.035833
37 0.574688 0.538750 0.040625 0.039167
24 0.352500 0.525000 0.043750 0.038333
7 0.419063 0.451250 0.038125 0.034167
30 0.386875 0.550833 0.746250 0.340000
12 0.620000 0.540833 0.041250 0.038333
1 0.172187 0.436250 0.043125 0.034167
31 0.530000 0.535417 0.040000 0.039167
56 0.221875 0.476667 0.045000 0.036667
42 0.306875 0.482083 0.043750 0.035833
6 0.377500 0.448333 0.040000 0.033333
45 0.115937 0.510000 0.081875 0.040000
46 0.676250 0.587917 0.103750 0.045833
55 0.321875 0.567083 0.047500 0.042500
43 0.219375 0.516667 0.046250 0.038333
21 0.264062 0.479167 0.045625 0.036667
40 0.552188 0.580417 0.041875 0.040833
39 0.650625 0.502917 0.040000 0.035833
3 0.253750 0.440417 0.042500 0.034167
16 0.275938 0.564167 0.048125 0.041667
44 0.111562 0.552083 0.109375 0.044167
53 0.435000 0.489583 0.040000 0.035833
47 0.355938 0.620833 0.236875 0.061667
15 0.368125 0.569583 0.046250 0.042500
11 0.625938 0.463333 0.038125 0.033333
