4 0.272786 0.433647 0.037227 0.057363
39 0.713415 0.502568 0.040436 0.056507
41 0.139602 0.501712 0.040436 0.058219
9 0.532413 0.433219 0.039153 0.054795
52 0.074454 0.501712 0.065469 0.056507
45 0.078306 0.571490 0.080873 0.059075
48 0.635430 0.434503 0.038511 0.053938
53 0.455392 0.502140 0.037869 0.055651
40 0.598203 0.639555 0.038511 0.056507
21 0.245186 0.502568 0.038511 0.058219
3 0.219512 0.432363 0.038511 0.056507
26 0.726893 0.569777 0.040436 0.057363
36 0.558087 0.501284 0.039153 0.053938
49 0.058408 0.714041 0.055199 0.058219
18 0.546213 0.639555 0.038511 0.056507
27 0.506098 0.500856 0.037869 0.053082
44 0.060976 0.643408 0.056483 0.057363
20 0.764121 0.431507 0.090501 0.054795
0 0.583761 0.434075 0.039153 0.056507
54 0.661104 0.501284 0.038511 0.055651
16 0.283055 0.642123 0.039795 0.058219
42 0.298780 0.501712 0.039153 0.054795
19 0.256418 0.571062 0.039153 0.058219
12 0.674583 0.568921 0.038511 0.057363
24 0.362965 0.571062 0.037869 0.056507
47 0.391849 0.712329 0.327985 0.061644
22 0.777279 0.535959 0.066752 0.130137
55 0.336970 0.641695 0.039795 0.057363
56 0.192555 0.501284 0.037227 0.057363
51 0.351091 0.501712 0.038511 0.054795
58 0.176187 0.642123 0.039153 0.058219
38 0.609114 0.500856 0.038511 0.054795
10 0.150513 0.571062 0.040436 0.056507
37 0.621951 0.569777 0.039795 0.055651
57 0.229461 0.642551 0.037869 0.059075
50 0.791078 0.710616 0.053273 0.059932
11 0.687099 0.433647 0.037869 0.053938
31 0.570603 0.569777 0.038511 0.053938
23 0.310013 0.570634 0.038511 0.057363
25 0.415276 0.570634 0.038511 0.055651
30 0.512195 0.544949 0.976893 0.490582
32 0.120988 0.642123 0.040436 0.058219
1 0.114249 0.433647 0.038511 0.053938
8 0.480424 0.435360 0.037869 0.055651
43 0.203145 0.571918 0.037869 0.058219
14 0.592426 0.709760 0.053915 0.059932
46 0.749358 0.639555 0.131579 0.058219
2 0.166560 0.431935 0.039153 0.055651
35 0.441913 0.639555 0.039153 0.056507
6 0.377728 0.433219 0.039153 0.054795
33 0.494865 0.639983 0.039795 0.057363
59 0.404044 0.502568 0.037869 0.054795
29 0.518935 0.569349 0.039153 0.056507
13 0.191592 0.713613 0.054557 0.059075
15 0.389602 0.639983 0.039795 0.057363
34 0.650513 0.639555 0.040436 0.056507
17 0.061297 0.434503 0.037869 0.052226
7 0.429397 0.434932 0.037227 0.054795
5 0.325096 0.434075 0.037869 0.054795
28 0.466624 0.569777 0.038511 0.055651
