26 0.780197 0.395760 0.049157 0.123675
59 0.394663 0.395760 0.049157 0.123675
55 0.325492 0.665194 0.049860 0.121908
42 0.284761 0.394876 0.049860 0.121908
20 0.766854 0.258834 0.077247 0.121908
31 0.573385 0.530035 0.048455 0.123675
9 0.531952 0.261484 0.051264 0.120141
29 0.518258 0.530035 0.049157 0.123675
2 0.147121 0.260601 0.049860 0.121908
11 0.696980 0.258834 0.048455 0.121908
30 0.500702 0.484982 1.000000 0.916961
0 0.587079 0.260601 0.050562 0.121908
12 0.683638 0.530919 0.049860 0.121908
40 0.601124 0.665194 0.050562 0.121908
36 0.559340 0.394876 0.049860 0.121908
21 0.229635 0.395760 0.050562 0.123675
44 0.071980 0.664311 0.120084 0.123675
38 0.614466 0.393993 0.050562 0.123675
56 0.174157 0.393993 0.049157 0.123675
47 0.379213 0.810954 0.264045 0.144876
15 0.380618 0.666078 0.050562 0.123675
52 0.051615 0.394876 0.079354 0.125442
24 0.352879 0.530919 0.049860 0.121908
19 0.242978 0.530035 0.050562 0.123675
49 0.038272 0.811837 0.051264 0.146643
1 0.091643 0.260601 0.049860 0.121908
8 0.476475 0.262367 0.049860 0.121908
13 0.210323 0.810954 0.066713 0.144876
10 0.132725 0.530035 0.050562 0.120141
3 0.201545 0.260601 0.050562 0.121908
54 0.669944 0.394876 0.050562 0.125442
51 0.339537 0.393993 0.048455 0.123675
16 0.270716 0.665194 0.049860 0.121908
17 0.036868 0.260601 0.048455 0.118375
14 0.547753 0.810071 0.066011 0.143110
53 0.449438 0.394876 0.049157 0.125442
34 0.655899 0.666078 0.050562 0.123675
28 0.463132 0.530919 0.049860 0.121908
23 0.297753 0.530919 0.049157 0.121908
35 0.435393 0.665194 0.050562 0.121908
58 0.160815 0.665194 0.050562 0.121908
4 0.257022 0.260601 0.049157 0.121908
41 0.119733 0.395760 0.051264 0.123675
6 0.366924 0.260601 0.049860 0.121908
27 0.504565 0.393110 0.048455 0.121908
46 0.746840 0.665194 0.118680 0.125442
39 0.725070 0.394876 0.049860 0.121908
50 0.609551 0.810954 0.050562 0.144876
48 0.641503 0.260601 0.049860 0.121908
7 0.422402 0.262367 0.049860 0.121908
43 0.187851 0.530919 0.049860 0.121908
33 0.490520 0.666078 0.051264 0.123675
37 0.628511 0.530919 0.049157 0.121908
18 0.545646 0.665194 0.050562 0.121908
22 0.759480 0.530919 0.091994 0.121908
5 0.311798 0.260601 0.050562 0.121908
25 0.408006 0.530035 0.049157 0.120141
45 0.057584 0.530035 0.091292 0.123675
57 0.215590 0.666078 0.050562 0.123675
