58 0.214506 0.593750 0.054527 0.085526
36 0.648148 0.404605 0.055556 0.085526
48 0.737654 0.312500 0.055556 0.085526
12 0.786523 0.500000 0.056584 0.088816
27 0.588992 0.403783 0.054527 0.083882
26 0.892490 0.407072 0.054527 0.087171
33 0.574588 0.592105 0.056584 0.088816
53 0.528807 0.404605 0.053498 0.085526
28 0.543724 0.497533 0.054527 0.087171
2 0.203189 0.314145 0.054527 0.082237
0 0.677984 0.311678 0.055556 0.087171
52 0.096193 0.404605 0.085391 0.085526
57 0.275206 0.592928 0.054527 0.087171
59 0.470165 0.404605 0.053498 0.085526
14 0.708333 0.696546 0.058642 0.103618
44 0.117798 0.592105 0.130658 0.088816
42 0.351337 0.404605 0.052469 0.085526
25 0.484053 0.497533 0.052469 0.083882
21 0.291667 0.404605 0.054527 0.085526
39 0.831276 0.406250 0.055556 0.085526
43 0.245370 0.498355 0.054527 0.085526
55 0.394547 0.591283 0.054527 0.087171
15 0.454733 0.592105 0.055556 0.088816
24 0.424383 0.496711 0.054527 0.085526
16 0.334877 0.592928 0.054527 0.087171
19 0.305041 0.497533 0.054527 0.087171
30 0.488683 0.471217 0.915638 0.629934
3 0.262346 0.312500 0.055556 0.082237
47 0.453189 0.694079 0.287037 0.105263
37 0.725309 0.500000 0.055556 0.088816
51 0.409979 0.403783 0.052469 0.083882
1 0.142490 0.314145 0.054527 0.082237
38 0.708848 0.405428 0.055556 0.087171
34 0.757202 0.594572 0.057613 0.087171
5 0.380658 0.311678 0.053498 0.083882
11 0.798868 0.312500 0.054527 0.085526
22 0.870370 0.500000 0.100823 0.088816
20 0.875514 0.311678 0.086420 0.087171
18 0.634774 0.592928 0.055556 0.087171
29 0.604424 0.497533 0.054527 0.087171
9 0.617284 0.312500 0.055556 0.085526
7 0.499486 0.313322 0.052469 0.083882
41 0.171811 0.405428 0.055556 0.087171
10 0.185700 0.498355 0.054527 0.085526
32 0.083333 0.314145 0.053498 0.082237
45 0.102881 0.498355 0.100823 0.085526
46 0.857510 0.594572 0.132716 0.090461
40 0.695988 0.592928 0.056584 0.087171
56 0.230967 0.404605 0.052469 0.085526
6 0.439300 0.312500 0.053498 0.085526
49 0.138374 0.697368 0.056584 0.101974
8 0.558128 0.313322 0.054527 0.083882
31 0.665123 0.499178 0.054527 0.087171
23 0.364712 0.497533 0.052469 0.083882
54 0.770062 0.406250 0.056584 0.088816
35 0.514403 0.591283 0.055556 0.087171
4 0.322016 0.313322 0.051440 0.083882
13 0.198560 0.696546 0.057613 0.103618
