20 0.900000 0.436667 0.118667 0.054667
34 0.758000 0.619333 0.056000 0.054667
3 0.251667 0.436667 0.056667 0.054667
24 0.419667 0.558333 0.054000 0.055333
5 0.374667 0.437000 0.056000 0.055333
28 0.542667 0.559000 0.053333 0.055333
8 0.558000 0.437333 0.056000 0.056000
53 0.527333 0.498333 0.054667 0.056667
31 0.666000 0.558667 0.054667 0.056000
38 0.712000 0.497667 0.056000 0.056667
13 0.253333 0.681000 0.056000 0.055333
23 0.359000 0.558667 0.054000 0.054667
32 0.145000 0.619667 0.055333 0.055333
15 0.451333 0.619333 0.056000 0.056000
42 0.344333 0.498000 0.055333 0.056000
10 0.175333 0.559000 0.054667 0.055333
1 0.128333 0.436667 0.054000 0.053333
49 0.067667 0.681667 0.056667 0.055333
7 0.497333 0.437333 0.054667 0.056000
43 0.236667 0.559000 0.054667 0.055333
25 0.481667 0.559000 0.054000 0.055333
56 0.221667 0.497333 0.055333 0.056000
37 0.727000 0.558667 0.055333 0.056000
44 0.076000 0.621333 0.072000 0.054667
46 0.877333 0.620000 0.168000 0.056000
4 0.313667 0.436667 0.054000 0.054667
9 0.619667 0.437333 0.055333 0.054667
51 0.405333 0.496667 0.053333 0.054667
16 0.329000 0.619667 0.056667 0.055333
54 0.773333 0.497667 0.056000 0.056667
39 0.835333 0.497333 0.054667 0.054667
27 0.589000 0.497333 0.054000 0.054667
55 0.390000 0.619667 0.054667 0.055333
41 0.160000 0.498000 0.056000 0.056000
2 0.190667 0.436667 0.054667 0.054667
17 0.066667 0.436667 0.053333 0.053333
59 0.466667 0.498000 0.054667 0.056000
11 0.804667 0.435667 0.054667 0.054000
36 0.650333 0.497667 0.056667 0.055333
47 0.467333 0.681667 0.365333 0.056667
14 0.682333 0.680333 0.056667 0.056667
19 0.298333 0.558667 0.055333 0.056000
29 0.604333 0.558000 0.054000 0.056000
22 0.914333 0.528000 0.090000 0.118667
35 0.512000 0.619667 0.054667 0.055333
45 0.092000 0.560000 0.101333 0.054667
52 0.084333 0.499000 0.087333 0.055333
26 0.850667 0.558333 0.054667 0.055333
57 0.268667 0.619667 0.056000 0.055333
40 0.697000 0.619333 0.055333 0.054667
30 0.501333 0.511333 0.944000 0.473333
12 0.789000 0.558667 0.055333 0.056000
21 0.283000 0.497667 0.055333 0.055333
6 0.435667 0.436333 0.055333 0.055333
58 0.206333 0.619667 0.054000 0.055333
18 0.635333 0.619000 0.056000 0.055333
0 0.681667 0.437000 0.055333 0.055333
33 0.573333 0.619667 0.056000 0.056667
48 0.742333 0.437333 0.055333 0.054667
