38 0.627923 0.336887 0.045392 0.068230
54 0.681912 0.336887 0.044704 0.070362
41 0.132393 0.338486 0.046080 0.071429
30 0.466300 0.394989 0.922971 0.632196
14 0.578748 0.598614 0.061210 0.082090
26 0.752063 0.422708 0.044704 0.069296
22 0.807772 0.380064 0.073590 0.156716
1 0.106259 0.253731 0.044704 0.068230
55 0.339065 0.507463 0.044017 0.068230
32 0.117950 0.508529 0.044704 0.072495
11 0.709766 0.251599 0.044017 0.068230
7 0.435695 0.254264 0.044704 0.069296
43 0.201857 0.423241 0.044704 0.070362
39 0.737276 0.337953 0.044017 0.070362
21 0.243122 0.338486 0.044704 0.069296
27 0.517538 0.337420 0.044704 0.067164
23 0.311554 0.423241 0.044017 0.068230
28 0.476616 0.422175 0.044017 0.070362
56 0.187758 0.337953 0.045392 0.070362
35 0.449794 0.506930 0.044017 0.067164
33 0.504127 0.507463 0.044017 0.068230
46 0.745186 0.507463 0.084594 0.070362
37 0.640990 0.421642 0.045392 0.069296
49 0.055021 0.601279 0.063274 0.085288
20 0.794017 0.252132 0.101100 0.069296
4 0.271664 0.253198 0.044017 0.067164
53 0.462517 0.337953 0.044704 0.070362
5 0.325997 0.253731 0.044017 0.068230
19 0.257221 0.422708 0.044017 0.069296
50 0.704952 0.599147 0.061898 0.083156
40 0.614512 0.507463 0.044704 0.068230
47 0.408528 0.598614 0.262724 0.084222
45 0.069807 0.422175 0.088721 0.070362
31 0.587001 0.422175 0.043329 0.068230
9 0.545736 0.253731 0.044704 0.068230
34 0.669532 0.507463 0.044704 0.068230
59 0.407840 0.337420 0.044017 0.069296
16 0.284388 0.507996 0.044704 0.069296
58 0.174691 0.509062 0.044017 0.069296
29 0.531981 0.421642 0.043329 0.069296
44 0.055021 0.509062 0.060523 0.071429
18 0.558803 0.507463 0.044704 0.068230
6 0.381362 0.253198 0.044704 0.067164
15 0.394085 0.506930 0.045392 0.069296
12 0.697043 0.422175 0.044704 0.068230
8 0.490028 0.253731 0.044704 0.068230
42 0.298143 0.337953 0.044704 0.068230
36 0.571871 0.336887 0.046080 0.068230
2 0.160935 0.252665 0.045392 0.068230
3 0.215956 0.252665 0.045392 0.068230
10 0.146149 0.422708 0.044704 0.069296
48 0.653714 0.253198 0.044704 0.069296
17 0.049519 0.252132 0.044017 0.069296
25 0.421252 0.422708 0.044704 0.067164
57 0.229367 0.507996 0.044704 0.069296
13 0.237620 0.599680 0.061210 0.082090
24 0.366575 0.422708 0.044017 0.069296
0 0.599381 0.252665 0.044704 0.068230
52 0.062586 0.337953 0.074278 0.072495
51 0.353851 0.338486 0.043329 0.067164
