54 0.584119 0.208333 0.048742 0.086111
42 0.186321 0.206944 0.050314 0.088889
17 0.013758 0.106250 0.025943 0.090278
50 0.613208 0.512500 0.051887 0.091667
49 0.018475 0.512500 0.035377 0.094444
20 0.699686 0.108333 0.110063 0.088889
28 0.370676 0.306944 0.049528 0.088889
45 0.025550 0.311111 0.049528 0.091667
33 0.398978 0.408333 0.051101 0.088889
1 0.013758 0.107639 0.025943 0.087500
35 0.341981 0.408333 0.050314 0.088889
53 0.356525 0.206944 0.049528 0.088889
14 0.497248 0.511806 0.051101 0.090278
2 0.043632 0.108333 0.052673 0.088889
31 0.485063 0.308333 0.048742 0.088889
30 0.420991 0.305556 0.840409 0.608333
25 0.314072 0.307639 0.047956 0.084722
26 0.713443 0.211111 0.082547 0.091667
10 0.028302 0.309722 0.051887 0.088889
43 0.085692 0.309722 0.051887 0.088889
23 0.199686 0.309028 0.050314 0.090278
37 0.542060 0.309028 0.049528 0.087500
44 0.018082 0.411111 0.034591 0.091667
29 0.428066 0.308333 0.049528 0.088889
4 0.157233 0.107639 0.050314 0.087500
34 0.569969 0.410417 0.050314 0.087500
27 0.413129 0.207639 0.049528 0.087500
13 0.077044 0.512500 0.069182 0.091667
3 0.101022 0.108333 0.052673 0.088889
32 0.013758 0.410417 0.025943 0.090278
55 0.228381 0.409028 0.051101 0.087500
57 0.114387 0.409028 0.051101 0.087500
58 0.055818 0.409722 0.051887 0.088889
46 0.649764 0.411806 0.098270 0.093056
18 0.455975 0.409722 0.050314 0.088889
19 0.143082 0.309028 0.051887 0.090278
22 0.692217 0.311111 0.125000 0.091667
47 0.290881 0.513194 0.349057 0.098611
41 0.021226 0.207639 0.040881 0.090278
56 0.071541 0.206944 0.050314 0.088889
51 0.242531 0.207639 0.049528 0.087500
59 0.299528 0.207639 0.050314 0.087500
36 0.470519 0.207639 0.051101 0.090278
39 0.640723 0.208333 0.050314 0.088889
12 0.599450 0.309028 0.049528 0.087500
5 0.214623 0.107639 0.051887 0.087500
38 0.527123 0.208333 0.049528 0.088889
21 0.128931 0.207639 0.051887 0.090278
16 0.171384 0.409028 0.051887 0.090278
52 0.021619 0.208333 0.041667 0.091667
11 0.613208 0.107639 0.048742 0.087500
0 0.500000 0.108333 0.050314 0.091667
8 0.385220 0.109028 0.050314 0.090278
9 0.442610 0.107639 0.050314 0.087500
7 0.328223 0.108333 0.051101 0.088889
15 0.284198 0.409028 0.051101 0.090278
24 0.256682 0.309028 0.051101 0.090278
40 0.512972 0.409028 0.049528 0.087500
6 0.271226 0.108333 0.051887 0.088889
48 0.556604 0.108333 0.048742 0.086111
