54 0.582260 0.227848 0.044349 0.078481
42 0.220315 0.226582 0.045780 0.081013
17 0.012518 0.134810 0.023605 0.082278
50 0.608727 0.505063 0.047210 0.083544
49 0.016810 0.505063 0.032189 0.086076
20 0.687411 0.136709 0.100143 0.081013
28 0.388054 0.317722 0.045064 0.081013
45 0.024320 0.321519 0.047210 0.083544
33 0.413805 0.410127 0.046495 0.081013
1 0.037554 0.136076 0.047926 0.079747
35 0.361946 0.410127 0.045780 0.081013
53 0.375179 0.226582 0.045064 0.081013
14 0.503219 0.504430 0.046495 0.082278
2 0.090486 0.136709 0.047926 0.081013
31 0.492132 0.318987 0.044349 0.081013
30 0.408441 0.297468 0.815451 0.592405
25 0.336552 0.318354 0.043634 0.077215
26 0.699928 0.230380 0.075107 0.083544
10 0.076538 0.320253 0.047210 0.081013
43 0.128755 0.320253 0.047210 0.081013
23 0.232475 0.319620 0.045780 0.082278
37 0.543991 0.319620 0.045064 0.079747
44 0.016452 0.412658 0.031474 0.083544
29 0.440272 0.318987 0.045064 0.081013
4 0.193848 0.136076 0.045780 0.079747
34 0.569385 0.412025 0.045780 0.079747
27 0.426681 0.227215 0.045064 0.079747
13 0.120887 0.505063 0.062947 0.083544
3 0.142704 0.136709 0.047926 0.081013
32 0.049714 0.412025 0.047926 0.082278
55 0.258584 0.410759 0.046495 0.079747
57 0.154864 0.410759 0.046495 0.079747
58 0.101574 0.411392 0.047210 0.081013
46 0.641989 0.413291 0.089413 0.084810
18 0.465665 0.411392 0.045780 0.081013
19 0.180973 0.319620 0.047210 0.082278
22 0.680615 0.321519 0.113734 0.083544
47 0.315451 0.505696 0.317597 0.089873
41 0.063662 0.227215 0.050072 0.082278
56 0.115880 0.226582 0.045780 0.081013
51 0.271459 0.227215 0.045064 0.079747
59 0.323319 0.227215 0.045780 0.079747
36 0.478898 0.227215 0.046495 0.082278
39 0.633763 0.227848 0.045780 0.081013
12 0.596209 0.319620 0.045064 0.079747
5 0.246066 0.136076 0.047210 0.079747
38 0.530401 0.227848 0.045064 0.081013
21 0.168097 0.227215 0.047210 0.082278
16 0.206724 0.410759 0.047210 0.082278
52 0.019671 0.227848 0.037911 0.083544
11 0.608727 0.136076 0.044349 0.079747
0 0.505722 0.136709 0.045780 0.083544
8 0.401288 0.137342 0.045780 0.082278
9 0.453505 0.136076 0.045780 0.079747
7 0.349428 0.136709 0.046495 0.081013
15 0.309371 0.410759 0.046495 0.082278
24 0.284335 0.319620 0.046495 0.082278
40 0.517525 0.410759 0.045064 0.079747
6 0.297568 0.136709 0.047210 0.081013
48 0.557225 0.136709 0.044349 0.078481
