54 0.595333 0.266196 0.041333 0.073027
42 0.258000 0.265018 0.042667 0.075383
17 0.037667 0.179623 0.044667 0.076561
50 0.620000 0.524146 0.044000 0.077739
49 0.042667 0.524146 0.060000 0.080094
20 0.693333 0.181390 0.093333 0.075383
28 0.414333 0.349823 0.042000 0.075383
45 0.055000 0.353357 0.084667 0.077739
33 0.438333 0.435807 0.043333 0.075383
1 0.087667 0.180801 0.044667 0.074205
35 0.390000 0.435807 0.042667 0.075383
53 0.402333 0.265018 0.042000 0.075383
14 0.521667 0.523557 0.043333 0.076561
2 0.137000 0.181390 0.044667 0.075383
31 0.511333 0.351001 0.041333 0.075383
30 0.408667 0.305654 0.809333 0.601885
25 0.366333 0.350412 0.040667 0.071849
26 0.705000 0.268551 0.070000 0.077739
10 0.124000 0.352179 0.044000 0.075383
43 0.172667 0.352179 0.044000 0.075383
23 0.269333 0.351590 0.042667 0.076561
37 0.559667 0.351590 0.042000 0.074205
44 0.042333 0.438163 0.059333 0.077739
29 0.463000 0.351001 0.042000 0.075383
4 0.233333 0.180801 0.042667 0.074205
34 0.583333 0.437574 0.042667 0.074205
27 0.450333 0.265607 0.042000 0.074205
13 0.165333 0.524146 0.058667 0.077739
3 0.185667 0.181390 0.044667 0.075383
32 0.099000 0.437574 0.044667 0.076561
55 0.293667 0.436396 0.043333 0.074205
57 0.197000 0.436396 0.043333 0.074205
58 0.147333 0.436985 0.044000 0.075383
46 0.651000 0.438751 0.083333 0.078916
18 0.486667 0.436985 0.042667 0.075383
19 0.221333 0.351590 0.044000 0.076561
22 0.687000 0.353357 0.106000 0.077739
47 0.346667 0.524735 0.296000 0.083628
41 0.112000 0.265607 0.046667 0.076561
56 0.160667 0.265018 0.042667 0.075383
51 0.305667 0.265607 0.042000 0.074205
59 0.354000 0.265607 0.042667 0.074205
36 0.499000 0.265607 0.043333 0.076561
39 0.643333 0.266196 0.042667 0.075383
12 0.608333 0.351590 0.042000 0.074205
5 0.282000 0.180801 0.044000 0.074205
38 0.547000 0.266196 0.042000 0.075383
21 0.209333 0.265607 0.044000 0.076561
16 0.245333 0.436396 0.044000 0.076561
52 0.049333 0.266196 0.070667 0.077739
11 0.620000 0.180801 0.041333 0.074205
0 0.524000 0.181390 0.042667 0.077739
8 0.426667 0.181979 0.042667 0.076561
9 0.475333 0.180801 0.042667 0.074205
7 0.378333 0.181390 0.043333 0.075383
15 0.341000 0.436396 0.043333 0.076561
24 0.317667 0.351590 0.043333 0.076561
40 0.535000 0.436396 0.042000 0.074205
6 0.330000 0.181390 0.044000 0.075383
48 0.572000 0.181390 0.041333 0.073027
