53 0.357752 0.407895 0.042674 0.087719
25 0.322546 0.504386 0.041963 0.087719
1 0.050498 0.313596 0.042674 0.083333
58 0.110242 0.600146 0.042674 0.086257
14 0.440256 0.701754 0.054054 0.096491
2 0.098862 0.313596 0.042674 0.086257
52 0.024182 0.409357 0.046942 0.087719
49 0.012802 0.701754 0.024182 0.099415
31 0.462304 0.502924 0.042674 0.087719
56 0.122333 0.407895 0.042674 0.087719
4 0.193457 0.312865 0.041252 0.084795
51 0.263869 0.407164 0.041252 0.086257
24 0.275605 0.504386 0.043385 0.087719
16 0.205192 0.600146 0.043385 0.089181
46 0.609531 0.597953 0.100996 0.087719
29 0.416074 0.502924 0.041252 0.087719
19 0.181366 0.503655 0.042674 0.089181
32 0.062233 0.600146 0.043385 0.086257
35 0.346017 0.600146 0.043385 0.086257
13 0.151849 0.702485 0.056188 0.097953
54 0.544452 0.407164 0.041963 0.086257
57 0.158250 0.600146 0.043385 0.086257
34 0.532361 0.599415 0.041963 0.084795
6 0.287696 0.312865 0.041963 0.084795
7 0.334637 0.313596 0.041963 0.086257
44 0.018492 0.601608 0.035562 0.086257
59 0.310811 0.408626 0.042674 0.086257
39 0.584993 0.408626 0.029161 0.089181
21 0.170341 0.407895 0.043385 0.087719
12 0.556543 0.502924 0.041963 0.087719
47 0.296942 0.701754 0.225462 0.102339
55 0.252134 0.599415 0.043385 0.087719
28 0.369488 0.504386 0.041963 0.087719
30 0.500711 0.483187 1.000000 0.609649
3 0.146159 0.312865 0.043385 0.084795
42 0.217283 0.408626 0.041963 0.086257
48 0.521337 0.312865 0.042674 0.084795
20 0.627667 0.312865 0.064723 0.084795
15 0.298720 0.600146 0.044097 0.086257
5 0.240398 0.312865 0.042674 0.084795
36 0.450925 0.407895 0.042674 0.087719
0 0.475107 0.313596 0.042674 0.086257
38 0.497511 0.407895 0.041963 0.084795
8 0.381223 0.313596 0.042674 0.086257
50 0.614509 0.701754 0.096728 0.099415
23 0.228663 0.503655 0.041963 0.086257
37 0.509602 0.502924 0.043385 0.087719
26 0.597440 0.504386 0.028450 0.087719
45 0.030939 0.504386 0.060455 0.087719
10 0.087127 0.504386 0.043385 0.087719
41 0.075036 0.408626 0.044808 0.089181
27 0.404339 0.406433 0.041963 0.084795
33 0.392248 0.600877 0.044808 0.087719
18 0.439189 0.599415 0.041963 0.087719
40 0.485775 0.599415 0.041252 0.084795
43 0.134068 0.504386 0.043385 0.087719
17 0.012091 0.314327 0.022760 0.081871
22 0.631223 0.454678 0.053343 0.184211
9 0.428165 0.313596 0.042674 0.086257
11 0.568279 0.312135 0.041252 0.083333
