16 0.332333 0.573038 0.059333 0.058020
27 0.614333 0.438567 0.058000 0.056655
20 0.931333 0.374403 0.094667 0.058020
48 0.779333 0.373038 0.060000 0.058020
45 0.073667 0.506143 0.110000 0.058020
36 0.680667 0.439932 0.060000 0.058020
47 0.462667 0.644027 0.316000 0.070307
15 0.465333 0.572355 0.060000 0.058020
11 0.846333 0.372355 0.058000 0.056655
37 0.763667 0.505802 0.059333 0.057338
4 0.316000 0.374403 0.058667 0.058020
13 0.258667 0.644369 0.078667 0.066894
17 0.048333 0.374744 0.059333 0.057338
19 0.299333 0.506485 0.058667 0.058703
34 0.796333 0.572014 0.059333 0.057338
53 0.548000 0.439249 0.058667 0.058020
14 0.664667 0.644027 0.078667 0.068942
29 0.631333 0.505119 0.058667 0.058703
0 0.713000 0.373379 0.059333 0.058703
33 0.598333 0.572014 0.060667 0.058703
39 0.870667 0.440273 0.041333 0.057338
1 0.116000 0.374061 0.058667 0.055973
8 0.580000 0.373720 0.060000 0.058020
54 0.813000 0.439932 0.059333 0.058020
6 0.448667 0.373720 0.060000 0.058020
32 0.132333 0.572696 0.060667 0.058703
59 0.482000 0.439590 0.058667 0.057338
12 0.830000 0.505461 0.058667 0.058020
18 0.663667 0.571672 0.058000 0.058020
42 0.349333 0.439932 0.058667 0.056655
28 0.564667 0.505461 0.057333 0.058020
30 0.497667 0.489078 0.992667 0.421160
38 0.747333 0.439249 0.058667 0.058020
24 0.431667 0.506485 0.058000 0.058703
52 0.064667 0.440614 0.094667 0.058020
10 0.166333 0.506143 0.059333 0.058020
46 0.906667 0.572355 0.144000 0.059386
50 0.740000 0.644027 0.060000 0.067577
9 0.647000 0.373038 0.060667 0.058020
56 0.216333 0.439590 0.058000 0.057338
57 0.266667 0.572355 0.058667 0.058020
35 0.531333 0.572355 0.060000 0.059386
31 0.697000 0.505461 0.058000 0.058020
41 0.150000 0.440614 0.061333 0.058020
58 0.199667 0.572696 0.059333 0.057338
21 0.283333 0.440614 0.060000 0.058020
26 0.887667 0.506485 0.040667 0.058703
43 0.232667 0.506826 0.058667 0.058020
40 0.730333 0.571331 0.058000 0.057338
2 0.183000 0.374061 0.059333 0.057338
55 0.399333 0.572355 0.060000 0.058020
51 0.415333 0.439249 0.057333 0.056655
5 0.382333 0.373720 0.059333 0.058020
44 0.056667 0.572696 0.077333 0.057338
22 0.939000 0.473379 0.078000 0.124915
7 0.514000 0.374061 0.058667 0.058703
25 0.498000 0.505802 0.057333 0.057338
49 0.048667 0.644027 0.061333 0.067577
3 0.249333 0.374403 0.060000 0.058020
23 0.365333 0.506143 0.057333 0.058020
