52 0.041022 0.573925 0.078947 0.099462
5 0.337461 0.469086 0.049536 0.094086
24 0.383127 0.680108 0.047988 0.091398
36 0.617647 0.576613 0.052632 0.094086
18 0.603715 0.787634 0.046440 0.096774
32 0.102941 0.786290 0.051084 0.099462
42 0.305728 0.572581 0.051084 0.091398
4 0.273220 0.470430 0.047988 0.096774
44 0.032508 0.787634 0.061920 0.096774
40 0.666409 0.782258 0.047988 0.086022
47 0.404799 0.892473 0.308050 0.096774
16 0.291796 0.784946 0.051084 0.091398
10 0.133127 0.682796 0.049536 0.102151
23 0.320433 0.678763 0.049536 0.094086
31 0.633901 0.678763 0.044892 0.083333
13 0.213622 0.889785 0.049536 0.091398
48 0.712074 0.473118 0.052632 0.096774
57 0.229102 0.780914 0.046440 0.083333
39 0.806502 0.576613 0.046440 0.094086
11 0.773994 0.467742 0.046440 0.086022
3 0.211300 0.470430 0.051084 0.096774
20 0.868421 0.467742 0.114551 0.086022
17 0.023994 0.466398 0.044892 0.088710
51 0.369195 0.575269 0.051084 0.096774
45 0.048762 0.682796 0.094427 0.102151
37 0.695046 0.685484 0.049536 0.096774
41 0.118421 0.577957 0.054180 0.096774
35 0.479876 0.783602 0.049536 0.088710
22 0.885449 0.630376 0.083591 0.212366
27 0.555728 0.572581 0.049536 0.091398
56 0.179567 0.573925 0.049536 0.094086
54 0.743034 0.576613 0.049536 0.099462
14 0.592105 0.895161 0.054180 0.102151
33 0.541796 0.791667 0.052632 0.104839
2 0.149381 0.471774 0.051084 0.099462
43 0.195046 0.681452 0.052632 0.099462
53 0.492260 0.576613 0.049536 0.099462
25 0.446594 0.684140 0.051084 0.099462
19 0.257740 0.682796 0.051084 0.102151
28 0.508514 0.680108 0.047988 0.091398
1 0.085913 0.473118 0.047988 0.096774
9 0.587461 0.473118 0.051084 0.096774
58 0.167183 0.782258 0.046440 0.086022
38 0.681115 0.572581 0.049536 0.091398
21 0.243808 0.573925 0.051084 0.099462
15 0.417183 0.782258 0.051084 0.086022
12 0.757740 0.681452 0.047988 0.094086
6 0.399381 0.470430 0.049536 0.096774
8 0.524768 0.473118 0.052632 0.102151
0 0.649381 0.471774 0.047988 0.094086
29 0.570433 0.684140 0.051084 0.099462
50 0.717492 0.896505 0.054180 0.104839
55 0.354489 0.782258 0.046440 0.086022
46 0.815015 0.784946 0.097523 0.091398
26 0.819659 0.681452 0.047988 0.094086
30 0.501548 0.661290 1.000000 0.666667
59 0.431115 0.576613 0.051084 0.099462
34 0.728328 0.787634 0.051084 0.102151
49 0.026316 0.896505 0.049536 0.104839
7 0.462074 0.473118 0.051084 0.102151
