45 0.124436 0.301184 0.242099 0.165821
21 0.559537 0.097716 0.131490 0.171743
24 0.897573 0.213198 0.134876 0.170897
43 0.469244 0.261844 0.137133 0.164975
49 0.069695 0.684010 0.138262 0.190355
44 0.092269 0.484349 0.183409 0.185279
56 0.422404 0.107022 0.129233 0.158206
13 0.388544 0.638325 0.142777 0.190355
32 0.261569 0.469966 0.143905 0.192047
16 0.708804 0.407783 0.144470 0.181049
51 0.833521 0.065567 0.127540 0.129442
15 0.968397 0.373096 0.064334 0.187817
23 0.757336 0.228849 0.135440 0.173435
17 0.074774 0.035956 0.124718 0.070220
1 0.207957 0.033841 0.123589 0.065990
30 0.500564 0.500846 1.000000 1.000000
3 0.477144 0.023266 0.128104 0.044839
42 0.699210 0.070220 0.127540 0.138748
58 0.408296 0.444162 0.147291 0.182741
57 0.558409 0.424281 0.142777 0.190355
55 0.856941 0.386633 0.145034 0.186125
19 0.613149 0.245347 0.136005 0.172589
41 0.283014 0.129865 0.132619 0.166667
47 0.811512 0.582064 0.373589 0.228426
2 0.344526 0.028765 0.128104 0.055838
52 0.108070 0.139594 0.207111 0.153976
59 0.954853 0.065990 0.091422 0.130288
10 0.326185 0.278342 0.136569 0.165821
