27 0.567210 0.318252 0.048880 0.069018
0 0.651222 0.242331 0.049898 0.070552
51 0.399695 0.317485 0.047862 0.070552
39 0.787169 0.317485 0.048880 0.070552
38 0.678208 0.319018 0.048880 0.070552
2 0.208248 0.240031 0.047862 0.069018
36 0.622200 0.319018 0.048880 0.070552
10 0.191955 0.394939 0.047862 0.069018
41 0.178717 0.318252 0.049898 0.069018
47 0.442974 0.555982 0.270876 0.081288
58 0.220978 0.474693 0.048880 0.072086
33 0.553971 0.476227 0.050916 0.072086
35 0.497454 0.473926 0.049898 0.070552
40 0.665479 0.474693 0.049898 0.072086
11 0.760692 0.239264 0.048880 0.070552
16 0.330957 0.473926 0.048880 0.070552
1 0.152240 0.240798 0.047862 0.070552
3 0.262220 0.239264 0.049898 0.070552
54 0.732179 0.318252 0.048880 0.072086
42 0.344705 0.317485 0.047862 0.070552
15 0.441446 0.473926 0.049898 0.070552
45 0.125255 0.397239 0.075356 0.070552
56 0.233707 0.317485 0.047862 0.070552
17 0.104888 0.241564 0.034623 0.069018
53 0.511202 0.318252 0.048880 0.072086
21 0.289715 0.317485 0.049898 0.070552
52 0.117617 0.318252 0.062118 0.072086
28 0.525458 0.395706 0.048880 0.070552
59 0.455193 0.317485 0.046843 0.070552
8 0.540224 0.242331 0.049898 0.070552
20 0.830448 0.240031 0.076375 0.069018
5 0.372200 0.240031 0.047862 0.069018
13 0.276986 0.556748 0.048880 0.079755
43 0.247454 0.395706 0.048880 0.070552
7 0.484725 0.241564 0.048880 0.069018
6 0.428208 0.240031 0.047862 0.069018
24 0.412933 0.394939 0.047862 0.069018
22 0.843686 0.358129 0.047862 0.148773
44 0.114562 0.473926 0.056008 0.070552
23 0.357943 0.395706 0.047862 0.070552
48 0.705703 0.240798 0.048880 0.070552
49 0.110998 0.555982 0.048880 0.078221
25 0.469450 0.395706 0.048880 0.070552
30 0.478615 0.377301 0.812627 0.487730
37 0.691955 0.396472 0.049898 0.072086
34 0.720468 0.475460 0.049898 0.070552
29 0.581466 0.396472 0.048880 0.072086
46 0.810081 0.475460 0.115071 0.073620
4 0.317719 0.239264 0.048880 0.070552
57 0.275967 0.473160 0.048880 0.072086
14 0.609470 0.555982 0.049898 0.078221
31 0.636965 0.395706 0.047862 0.070552
19 0.302444 0.394939 0.048880 0.072086
32 0.167006 0.474693 0.046843 0.072086
26 0.801426 0.395706 0.046843 0.070552
55 0.386456 0.472393 0.047862 0.070552
18 0.608961 0.473926 0.048880 0.070552
9 0.596741 0.242331 0.048880 0.070552
12 0.746945 0.395706 0.047862 0.070552
