52 0.131707 0.666304 0.095122 0.080435
35 0.567683 0.833696 0.062195 0.089130
30 0.502439 0.738043 0.997561 0.528261
1 0.196341 0.586957 0.060976 0.082609
49 0.052439 0.950000 0.085366 0.104348
25 0.535366 0.740217 0.058537 0.084783
36 0.700000 0.650000 0.058537 0.073913
20 0.918902 0.572826 0.108537 0.071739
13 0.266463 0.943478 0.074390 0.108696
15 0.500610 0.832609 0.067073 0.091304
5 0.429878 0.580435 0.054878 0.073913
57 0.297561 0.843478 0.068293 0.095652
21 0.334756 0.661957 0.062195 0.084783
6 0.488415 0.579348 0.054878 0.076087
44 0.084756 0.845652 0.093902 0.095652
27 0.640244 0.652174 0.056098 0.073913
24 0.469512 0.740217 0.060976 0.084783
53 0.579268 0.653261 0.058537 0.076087
12 0.853659 0.736957 0.065854 0.082609
9 0.664024 0.575000 0.054878 0.076087
55 0.434146 0.838043 0.063415 0.093478
39 0.882927 0.654348 0.065854 0.082609
32 0.161585 0.846739 0.076829 0.102174
51 0.457927 0.657609 0.057317 0.076087
40 0.768902 0.830435 0.067073 0.091304
45 0.121341 0.752174 0.118293 0.091304
34 0.835976 0.830435 0.067073 0.091304
59 0.518293 0.652174 0.056098 0.073913
54 0.820732 0.652174 0.058537 0.078261
58 0.228049 0.844565 0.070732 0.097826
38 0.760976 0.652174 0.058537 0.078261
56 0.272561 0.663043 0.062195 0.082609
48 0.778659 0.571739 0.054878 0.078261
43 0.277439 0.746739 0.064634 0.084783
0 0.721951 0.575000 0.053659 0.080435
11 0.835976 0.571739 0.059756 0.078261
42 0.396951 0.658696 0.059756 0.078261
17 0.135976 0.589130 0.064634 0.078261
28 0.598171 0.740217 0.057317 0.084783
3 0.313415 0.583696 0.058537 0.080435
50 0.881098 0.929348 0.074390 0.106522
29 0.662195 0.738043 0.060976 0.084783
33 0.634756 0.832609 0.064634 0.095652
18 0.701220 0.832609 0.065854 0.095652
16 0.364634 0.839130 0.068293 0.091304
47 0.505488 0.932609 0.415854 0.095652
22 0.955488 0.694565 0.091463 0.158696
23 0.406098 0.744565 0.060976 0.089130
7 0.548171 0.578261 0.054878 0.078261
37 0.787195 0.736957 0.064634 0.082609
14 0.742683 0.930435 0.070732 0.100000
46 0.932927 0.826087 0.136585 0.091304
19 0.340854 0.746739 0.064634 0.084783
8 0.607317 0.576087 0.053659 0.078261
31 0.723780 0.736957 0.057317 0.082609
10 0.211585 0.750000 0.067073 0.086957
26 0.912805 0.735870 0.069512 0.080435
41 0.210366 0.665217 0.067073 0.082609
2 0.254878 0.584783 0.060976 0.078261
4 0.372561 0.581522 0.054878 0.076087
