26 0.538422 0.419399 0.025615 0.035519
24 0.284836 0.413251 0.026639 0.036885
43 0.173668 0.410519 0.027664 0.036885
50 0.578381 0.516393 0.052254 0.046448
6 0.300205 0.324454 0.026639 0.036885
20 0.565574 0.331284 0.063525 0.034153
11 0.512807 0.330601 0.025615 0.035519
5 0.264857 0.323087 0.027664 0.039617
4 0.227459 0.320355 0.026639 0.036885
19 0.211066 0.411202 0.026639 0.038251
44 0.070697 0.450820 0.040984 0.032787
41 0.133709 0.362705 0.027664 0.034153
55 0.263320 0.458333 0.030738 0.039617
34 0.484119 0.463798 0.027664 0.036885
57 0.186988 0.456284 0.029713 0.038251
40 0.448258 0.462432 0.027664 0.034153
46 0.554303 0.464481 0.092213 0.035519
25 0.321721 0.413934 0.026639 0.035519
56 0.170082 0.363388 0.028689 0.035519
38 0.457992 0.373634 0.026639 0.036885
18 0.411373 0.461066 0.027664 0.036885
29 0.394980 0.415984 0.029713 0.036885
48 0.478484 0.329918 0.026639 0.036885
30 0.469775 0.407104 0.892418 0.344262
15 0.300205 0.458333 0.028689 0.036885
35 0.337602 0.458333 0.027664 0.036885
36 0.424180 0.372268 0.026639 0.036885
7 0.336578 0.325820 0.025615 0.039617
49 0.067111 0.497951 0.052254 0.036885
58 0.149078 0.454918 0.029713 0.035519
53 0.351434 0.370219 0.026639 0.038251
23 0.247951 0.413251 0.028689 0.039617
39 0.530225 0.375683 0.027664 0.038251
45 0.087602 0.406421 0.056352 0.034153
28 0.357582 0.414617 0.026639 0.036885
32 0.112705 0.452186 0.030738 0.035519
3 0.191086 0.319672 0.027664 0.038251
51 0.279713 0.368852 0.026639 0.035519
22 0.575820 0.398224 0.045082 0.080601
12 0.504098 0.418033 0.026639 0.035519
27 0.387807 0.370902 0.027664 0.036885
37 0.467213 0.418033 0.026639 0.035519
14 0.446721 0.509563 0.049180 0.038251
52 0.087602 0.361339 0.046107 0.036885
21 0.206967 0.365437 0.026639 0.036885
13 0.162398 0.505464 0.052254 0.049180
47 0.304816 0.510929 0.222336 0.051913
59 0.315574 0.369536 0.026639 0.036885
8 0.371926 0.325820 0.026639 0.039617
10 0.136270 0.407787 0.026639 0.036885
54 0.494365 0.374317 0.027664 0.038251
1 0.120902 0.316940 0.026639 0.035519
33 0.373463 0.459699 0.027664 0.036885
17 0.084529 0.316257 0.025615 0.034153
9 0.406250 0.328552 0.025615 0.039617
16 0.224898 0.457650 0.029713 0.040984
0 0.441598 0.327869 0.024590 0.038251
42 0.243340 0.367486 0.027664 0.038251
2 0.155738 0.318306 0.028689 0.035519
31 0.430840 0.416667 0.025615 0.035519
