29 0.451327 0.562868 0.029499 0.043222
8 0.420354 0.455305 0.030973 0.046169
19 0.242257 0.564342 0.031711 0.046169
35 0.389381 0.617878 0.030973 0.045187
53 0.400074 0.509332 0.030236 0.044204
23 0.285767 0.563851 0.030236 0.043222
59 0.358776 0.508841 0.030236 0.043222
30 0.525074 0.528487 0.951327 0.432220
41 0.148230 0.509332 0.032448 0.046169
57 0.221239 0.619352 0.030973 0.046169
3 0.212021 0.455305 0.031711 0.046169
49 0.091077 0.680747 0.055310 0.053045
16 0.263643 0.618861 0.031711 0.045187
6 0.338496 0.455796 0.030973 0.047151
28 0.411136 0.562868 0.030236 0.045187
37 0.533555 0.562868 0.030236 0.043222
51 0.317478 0.507859 0.030236 0.043222
56 0.190265 0.508841 0.030973 0.045187
20 0.644174 0.455305 0.074484 0.050098
15 0.348083 0.617387 0.030973 0.044204
21 0.233038 0.509332 0.030973 0.046169
33 0.430310 0.618369 0.031711 0.046169
25 0.369100 0.562868 0.030236 0.043222
5 0.297198 0.455796 0.030973 0.045187
54 0.563422 0.508350 0.029499 0.044204
4 0.254794 0.454813 0.031711 0.047151
45 0.100664 0.567289 0.064159 0.048134
40 0.513274 0.617387 0.029499 0.044204
26 0.614676 0.561886 0.031711 0.045187
43 0.199853 0.563851 0.030973 0.045187
32 0.134956 0.620334 0.032448 0.048134
22 0.656342 0.535855 0.053097 0.101179
14 0.498156 0.673379 0.040560 0.048134
2 0.170354 0.454813 0.030973 0.045187
31 0.492257 0.561886 0.028761 0.043222
9 0.461652 0.454813 0.030973 0.043222
10 0.158555 0.564342 0.030973 0.046169
36 0.481563 0.508350 0.030973 0.042240
11 0.583333 0.453831 0.029499 0.043222
39 0.603982 0.507859 0.030973 0.045187
58 0.178466 0.619843 0.030973 0.045187
1 0.127950 0.454813 0.030236 0.045187
18 0.471239 0.617387 0.030973 0.044204
7 0.379794 0.455305 0.030973 0.046169
55 0.306416 0.617878 0.030236 0.045187
0 0.501475 0.454322 0.030973 0.044204
48 0.542773 0.455305 0.030973 0.046169
34 0.554204 0.616405 0.030236 0.044204
12 0.574484 0.561886 0.030973 0.045187
27 0.440265 0.508350 0.029499 0.042240
38 0.522124 0.508350 0.029499 0.042240
17 0.085546 0.454813 0.030973 0.047151
44 0.087758 0.622790 0.041298 0.047151
13 0.204277 0.677800 0.044248 0.051081
47 0.352507 0.677308 0.233038 0.055992
46 0.632375 0.615914 0.102507 0.045187
50 0.658555 0.675835 0.057522 0.053045
52 0.095870 0.513261 0.053097 0.050098
24 0.327802 0.563360 0.030236 0.042240
42 0.275442 0.509332 0.031711 0.044204
