2 0.161250 0.268229 0.032500 0.088542
47 0.330625 0.731771 0.241250 0.116319
53 0.384375 0.387153 0.032500 0.083333
25 0.351562 0.495660 0.031875 0.088542
40 0.493437 0.612847 0.034375 0.093750
39 0.584375 0.395833 0.032500 0.090278
8 0.405625 0.284722 0.035000 0.097222
57 0.202187 0.602431 0.033125 0.090278
26 0.594375 0.504340 0.032500 0.088542
46 0.610938 0.612847 0.103125 0.090278
12 0.544375 0.394097 0.032500 0.086806
1 0.120000 0.265625 0.032500 0.090278
34 0.534062 0.612847 0.033125 0.090278
33 0.411562 0.611111 0.034375 0.097222
16 0.243750 0.604167 0.033750 0.093750
7 0.365000 0.281250 0.033750 0.097222
58 0.159375 0.600694 0.032500 0.090278
41 0.136875 0.375868 0.032500 0.088542
21 0.219688 0.379340 0.033125 0.088542
14 0.477812 0.727431 0.046875 0.100694
9 0.445625 0.283854 0.033750 0.092014
59 0.343438 0.383681 0.031875 0.083333
56 0.178125 0.376736 0.032500 0.086806
30 0.508125 0.473090 0.983750 0.824653
28 0.393125 0.495660 0.033750 0.088542
45 0.084062 0.484375 0.065625 0.090278
32 0.117813 0.603299 0.036875 0.098958
44 0.069062 0.598958 0.045625 0.090278
4 0.242812 0.272569 0.033125 0.090278
43 0.184375 0.489583 0.032500 0.090278
15 0.328125 0.606771 0.035000 0.092014
10 0.142813 0.486111 0.031875 0.086806
0 0.485312 0.284722 0.031875 0.090278
52 0.084062 0.372396 0.054375 0.085069
24 0.310000 0.493924 0.033750 0.088542
49 0.068437 0.712674 0.059375 0.095486
36 0.514687 0.500868 0.031875 0.088542
27 0.424687 0.386285 0.030625 0.081597
48 0.524375 0.287326 0.033750 0.088542
18 0.452813 0.611111 0.034375 0.093750
6 0.325313 0.277778 0.034375 0.093750
55 0.285938 0.605903 0.034375 0.093750
5 0.284375 0.276042 0.033750 0.090278
38 0.464687 0.389757 0.031875 0.081597
17 0.078437 0.263021 0.031875 0.085069
31 0.474375 0.499132 0.031250 0.088542
23 0.268125 0.491319 0.032500 0.086806
3 0.202813 0.269965 0.033125 0.092014
50 0.639062 0.730903 0.058125 0.100694
19 0.226562 0.489583 0.031875 0.086806
13 0.181562 0.718750 0.046875 0.100694
37 0.555000 0.501736 0.032500 0.086806
42 0.261250 0.380208 0.032500 0.083333
22 0.634687 0.452257 0.054375 0.206597
11 0.563750 0.285590 0.030000 0.081597
51 0.302187 0.382812 0.033125 0.085069
54 0.505000 0.391493 0.032500 0.085069
20 0.624375 0.285590 0.070000 0.085069
35 0.370312 0.607639 0.033125 0.090278
29 0.434063 0.496528 0.031875 0.086806
