34 0.547552 0.394654 0.026573 0.036688
43 0.213636 0.347484 0.027273 0.032495
36 0.479720 0.307652 0.026573 0.032495
5 0.311189 0.266771 0.027972 0.032495
56 0.212238 0.306080 0.031469 0.035639
3 0.237063 0.266771 0.030769 0.036688
50 0.657343 0.441300 0.041958 0.041929
19 0.252098 0.348008 0.028671 0.035639
29 0.447902 0.349581 0.025874 0.034591
55 0.306643 0.391509 0.030070 0.036688
30 0.525874 0.356918 0.949650 0.309224
9 0.461538 0.267820 0.027972 0.034591
35 0.386364 0.392558 0.028671 0.036688
23 0.290909 0.348532 0.027972 0.034591
26 0.606643 0.351153 0.027273 0.035639
44 0.103497 0.389413 0.043357 0.036688
42 0.288112 0.306080 0.029371 0.033543
6 0.350000 0.265723 0.028671 0.032495
2 0.201399 0.266247 0.033566 0.035639
58 0.187413 0.390461 0.030769 0.036688
41 0.173077 0.305031 0.030070 0.033543
28 0.409091 0.349581 0.026573 0.034591
53 0.402448 0.307652 0.027273 0.034591
13 0.194056 0.435010 0.044056 0.039832
32 0.147902 0.389413 0.032867 0.038784
45 0.122378 0.346960 0.058741 0.035639
40 0.506993 0.393606 0.026573 0.034591
39 0.595105 0.309748 0.026573 0.034591
54 0.556294 0.309748 0.027273 0.034591
18 0.466783 0.392558 0.027273 0.036688
22 0.645105 0.331761 0.049650 0.078616
7 0.386713 0.267820 0.029371 0.036688
47 0.347203 0.438155 0.251049 0.039832
57 0.227273 0.390461 0.030769 0.036688
8 0.424126 0.267820 0.028671 0.036688
10 0.174825 0.346436 0.027972 0.034591
21 0.249301 0.305031 0.028671 0.033543
24 0.330070 0.349057 0.026573 0.033543
59 0.363636 0.306080 0.027972 0.033543
27 0.440909 0.307652 0.025874 0.032495
14 0.502098 0.439203 0.040559 0.039832
46 0.623077 0.395178 0.099301 0.035639
4 0.273776 0.266247 0.030070 0.033543
15 0.346503 0.392034 0.028671 0.037736
38 0.517832 0.308700 0.025874 0.034591
37 0.527622 0.351153 0.025874 0.035639
49 0.094056 0.433962 0.046853 0.039832
17 0.126923 0.266247 0.034266 0.033543
52 0.126224 0.305031 0.049650 0.033543
0 0.499650 0.266771 0.027273 0.032495
48 0.537063 0.269916 0.027972 0.034591
33 0.425874 0.393082 0.029371 0.037736
51 0.325524 0.306604 0.027273 0.032495
1 0.162937 0.264675 0.030769 0.030398
16 0.266084 0.390461 0.030070 0.036688
25 0.369231 0.349057 0.026573 0.033543
11 0.574825 0.270440 0.026573 0.033543
20 0.631469 0.270440 0.065734 0.035639
12 0.567133 0.350629 0.026573 0.034591
31 0.487413 0.350629 0.025175 0.034591
