34 0.539153 0.427264 0.024390 0.033719
43 0.232670 0.383911 0.025032 0.029865
36 0.476893 0.347303 0.024390 0.029865
5 0.322208 0.309730 0.025674 0.029865
56 0.231386 0.345857 0.028883 0.032755
3 0.254172 0.309730 0.028241 0.033719
50 0.639923 0.470135 0.038511 0.038536
19 0.267972 0.384393 0.026316 0.032755
29 0.447689 0.385838 0.023748 0.031792
55 0.318036 0.424374 0.027599 0.033719
30 0.522144 0.392582 0.877407 0.284200
9 0.460205 0.310694 0.025674 0.031792
35 0.391207 0.425337 0.026316 0.033719
23 0.303594 0.384875 0.025674 0.031792
26 0.593389 0.387283 0.025032 0.032755
44 0.131579 0.422447 0.039795 0.033719
42 0.301027 0.345857 0.026958 0.030829
6 0.357831 0.308767 0.026316 0.029865
2 0.221438 0.309249 0.030809 0.032755
58 0.208601 0.423410 0.028241 0.033719
41 0.195443 0.344894 0.027599 0.030829
28 0.412067 0.385838 0.024390 0.031792
53 0.405969 0.347303 0.025032 0.031792
13 0.214698 0.464355 0.040436 0.036609
32 0.172336 0.422447 0.030167 0.035645
45 0.148909 0.383430 0.053915 0.032755
40 0.501926 0.426301 0.024390 0.031792
39 0.582798 0.349229 0.024390 0.031792
54 0.547176 0.349229 0.025032 0.031792
18 0.465019 0.425337 0.025032 0.033719
22 0.628691 0.369461 0.045571 0.072254
7 0.391528 0.310694 0.026958 0.033719
47 0.355263 0.467245 0.230424 0.036609
57 0.245186 0.423410 0.028241 0.033719
8 0.425866 0.310694 0.026316 0.033719
10 0.197047 0.382948 0.025674 0.031792
21 0.265404 0.344894 0.026316 0.030829
24 0.339538 0.385356 0.024390 0.030829
59 0.370347 0.345857 0.025674 0.030829
27 0.441271 0.347303 0.023748 0.029865
14 0.497433 0.468208 0.037227 0.036609
46 0.608472 0.427746 0.091142 0.032755
4 0.287869 0.309249 0.027599 0.030829
15 0.354621 0.424855 0.026316 0.034682
38 0.511874 0.348266 0.023748 0.031792
37 0.520860 0.387283 0.023748 0.032755
49 0.122914 0.463391 0.043004 0.036609
17 0.153081 0.309249 0.031451 0.030829
52 0.152439 0.344894 0.045571 0.030829
0 0.495186 0.309730 0.025032 0.029865
48 0.529525 0.312620 0.025674 0.031792
33 0.427471 0.425819 0.026958 0.034682
51 0.335366 0.346339 0.025032 0.029865
1 0.186136 0.307803 0.028241 0.027938
16 0.280809 0.423410 0.027599 0.033719
25 0.375481 0.385356 0.024390 0.030829
11 0.564185 0.313102 0.024390 0.030829
20 0.616175 0.313102 0.060334 0.032755
12 0.557125 0.386802 0.024390 0.031792
31 0.483954 0.386802 0.023107 0.031792
