3 0.080000 0.354556 0.035556 0.059579
19 0.114815 0.502921 0.035556 0.064252
30 0.500741 0.464953 1.000000 0.570093
43 0.067778 0.502921 0.034815 0.061916
31 0.397037 0.502921 0.034074 0.061916
13 0.061852 0.651285 0.048148 0.064252
37 0.444074 0.503505 0.036296 0.063084
16 0.138889 0.575935 0.036296 0.060748
27 0.339259 0.428154 0.034074 0.059579
38 0.432963 0.428154 0.034815 0.061916
51 0.198148 0.427570 0.033333 0.060748
17 0.008889 0.354556 0.016296 0.059579
20 0.572963 0.355140 0.082222 0.060748
7 0.268889 0.355140 0.032593 0.056075
47 0.238889 0.652453 0.288148 0.068925
39 0.526296 0.428738 0.034815 0.065421
55 0.185926 0.575935 0.035556 0.060748
32 0.010000 0.575935 0.018519 0.060748
5 0.174815 0.354556 0.034074 0.057243
15 0.232963 0.574182 0.034815 0.059579
33 0.326296 0.577687 0.036296 0.061916
36 0.385926 0.428738 0.034074 0.060748
53 0.291852 0.428154 0.034074 0.061916
11 0.502963 0.355140 0.034074 0.060748
54 0.480000 0.429322 0.034074 0.064252
22 0.583704 0.464953 0.059259 0.137850
26 0.537407 0.502921 0.034815 0.064252
52 0.015185 0.428738 0.028889 0.060748
1 0.009259 0.353972 0.017037 0.060748
58 0.045185 0.575935 0.034074 0.060748
46 0.555926 0.576519 0.116296 0.061916
18 0.373704 0.576519 0.034815 0.061916
50 0.590741 0.651285 0.049630 0.061916
48 0.455926 0.355724 0.034815 0.059579
59 0.244815 0.427570 0.033333 0.060748
12 0.491111 0.502921 0.034074 0.064252
14 0.413704 0.651285 0.051111 0.061916
28 0.303333 0.502336 0.033333 0.060748
34 0.467407 0.576519 0.034074 0.061916
23 0.162222 0.502336 0.032593 0.060748
35 0.280370 0.576519 0.033333 0.059579
6 0.223333 0.354556 0.033333 0.057243
29 0.350000 0.502921 0.034815 0.061916
56 0.055926 0.428154 0.034815 0.061916
41 0.014074 0.429322 0.026667 0.061916
57 0.092222 0.575935 0.034815 0.060748
40 0.421111 0.575935 0.033333 0.060748
0 0.409630 0.353972 0.034074 0.058411
25 0.256667 0.502921 0.033333 0.061916
42 0.150741 0.427570 0.034815 0.060748
49 0.012593 0.651285 0.023704 0.061916
21 0.103704 0.428154 0.034074 0.061916
8 0.315556 0.354556 0.034074 0.057243
24 0.209259 0.502921 0.033333 0.061916
10 0.021111 0.502921 0.034815 0.061916
2 0.032963 0.354556 0.036296 0.059579
9 0.362593 0.354556 0.034815 0.057243
44 0.012593 0.576519 0.023704 0.059579
45 0.018519 0.503505 0.035556 0.063084
4 0.127037 0.355140 0.036296 0.058411
