5 0.334229 0.088216 0.054199 0.057943
26 0.819092 0.215495 0.064941 0.066406
42 0.299316 0.153646 0.055664 0.059896
15 0.390869 0.293620 0.058105 0.066406
50 0.720703 0.364258 0.060547 0.069661
27 0.548340 0.149089 0.052734 0.058594
16 0.259277 0.295573 0.059570 0.066406
33 0.519775 0.292643 0.057129 0.068359
11 0.757812 0.084961 0.054688 0.056641
45 0.042725 0.225911 0.083496 0.065104
54 0.734619 0.149089 0.058105 0.061198
53 0.486572 0.151367 0.054199 0.060547
29 0.566162 0.219076 0.055176 0.064453
31 0.629395 0.219076 0.056641 0.060547
43 0.183105 0.225260 0.057617 0.062500
7 0.454834 0.086589 0.052246 0.058594
25 0.438965 0.220378 0.054688 0.063151
36 0.609863 0.149414 0.054688 0.060547
0 0.636963 0.084635 0.054199 0.057292
52 0.037598 0.153646 0.074219 0.062500
2 0.149170 0.090495 0.055176 0.055990
4 0.272949 0.090169 0.052734 0.055339
41 0.111084 0.155924 0.059082 0.059245
24 0.375244 0.221354 0.055176 0.062500
20 0.847168 0.084310 0.119141 0.056641
18 0.583984 0.291016 0.057617 0.066406
39 0.795410 0.149089 0.059570 0.058594
51 0.360840 0.152669 0.053711 0.057943
40 0.649170 0.289714 0.057129 0.065104
13 0.188232 0.373372 0.061035 0.068359
32 0.061523 0.299805 0.061523 0.065755
12 0.755615 0.216797 0.059082 0.061198
56 0.173828 0.155599 0.055664 0.059896
1 0.086426 0.089844 0.055664 0.055990
48 0.696289 0.085612 0.054688 0.056641
46 0.842285 0.285807 0.191406 0.065104
47 0.388672 0.370443 0.329102 0.070312
22 0.875488 0.182943 0.103516 0.131510
35 0.455078 0.292969 0.056641 0.066406
38 0.672119 0.148763 0.056152 0.060547
19 0.247314 0.223307 0.057129 0.062500
14 0.587891 0.366862 0.058594 0.069661
17 0.027100 0.089844 0.052246 0.057292
9 0.576172 0.085286 0.052734 0.057292
57 0.194092 0.296224 0.057129 0.065104
6 0.395020 0.086914 0.054688 0.059245
23 0.311279 0.222005 0.056152 0.062500
8 0.514648 0.086263 0.056641 0.057943
55 0.324951 0.294596 0.059082 0.065755
58 0.127930 0.297852 0.058594 0.064453
59 0.423340 0.152018 0.054688 0.059245
34 0.714111 0.288737 0.059082 0.065755
10 0.118652 0.225911 0.057617 0.062500
3 0.211670 0.089844 0.055176 0.057292
21 0.236328 0.154297 0.056641 0.059896
30 0.479492 0.215169 0.958008 0.425130
28 0.502197 0.220378 0.054199 0.063151
37 0.692383 0.217448 0.058594 0.062500
