2 0.157274 0.250912 0.034076 0.093066
47 0.334862 0.738139 0.252949 0.122263
53 0.391219 0.375912 0.034076 0.087591
25 0.356815 0.489964 0.033421 0.093066
40 0.505570 0.613139 0.036042 0.098540
39 0.600917 0.385036 0.034076 0.094891
8 0.413499 0.268248 0.036697 0.102190
57 0.200197 0.602190 0.034731 0.094891
26 0.611402 0.499088 0.034076 0.093066
46 0.628768 0.613139 0.108126 0.094891
12 0.558978 0.383212 0.034076 0.091241
1 0.114024 0.248175 0.034076 0.094891
34 0.548165 0.613139 0.034731 0.094891
33 0.419725 0.611314 0.036042 0.102190
16 0.243775 0.604015 0.035387 0.098540
7 0.370904 0.264599 0.035387 0.102190
58 0.155308 0.600365 0.034076 0.094891
41 0.131717 0.364051 0.034076 0.093066
21 0.218545 0.367701 0.034731 0.093066
14 0.489187 0.733577 0.049148 0.105839
9 0.455439 0.267336 0.035387 0.096715
59 0.348296 0.372263 0.033421 0.087591
56 0.174967 0.364964 0.034076 0.091241
30 0.502949 0.466241 0.995413 0.866788
28 0.400393 0.489964 0.035387 0.093066
45 0.076343 0.478102 0.068807 0.094891
32 0.111730 0.603102 0.038663 0.104015
44 0.060616 0.598540 0.047837 0.094891
4 0.242792 0.255474 0.034731 0.094891
43 0.181520 0.483577 0.034076 0.094891
15 0.332241 0.606752 0.036697 0.096715
10 0.137942 0.479927 0.033421 0.091241
0 0.497051 0.268248 0.033421 0.094891
52 0.076343 0.360401 0.057012 0.089416
24 0.313237 0.488139 0.035387 0.093066
49 0.059961 0.718066 0.062254 0.100365
36 0.527851 0.495438 0.033421 0.093066
27 0.433486 0.375000 0.032110 0.085766
48 0.538008 0.270985 0.035387 0.093066
18 0.462975 0.611314 0.036042 0.098540
6 0.329292 0.260949 0.036042 0.098540
55 0.288008 0.605839 0.036042 0.098540
5 0.286370 0.259124 0.035387 0.094891
38 0.475426 0.378650 0.033421 0.085766
17 0.070446 0.245438 0.033421 0.089416
31 0.485583 0.493613 0.032765 0.093066
23 0.269332 0.485401 0.034076 0.091241
3 0.200852 0.252737 0.034731 0.096715
50 0.658257 0.737226 0.060944 0.105839
19 0.225754 0.483577 0.033421 0.091241
13 0.178571 0.724453 0.049148 0.105839
37 0.570118 0.496350 0.034076 0.091241
42 0.262123 0.368613 0.034076 0.087591
22 0.653670 0.444343 0.057012 0.217153
11 0.579292 0.269161 0.031455 0.085766
51 0.305046 0.371350 0.034731 0.089416
54 0.517693 0.380474 0.034076 0.089416
20 0.642857 0.269161 0.073394 0.089416
35 0.376474 0.607664 0.034731 0.094891
29 0.443316 0.490876 0.033421 0.091241
