29 0.435000 0.501667 0.025000 0.036667
8 0.408750 0.410417 0.026250 0.039167
19 0.257812 0.502917 0.026875 0.039167
35 0.382500 0.548333 0.026250 0.038333
53 0.391562 0.456250 0.025625 0.037500
23 0.294687 0.502500 0.025625 0.036667
59 0.356563 0.455833 0.025625 0.036667
30 0.504687 0.472500 0.820625 0.366667
41 0.178125 0.456250 0.027500 0.039167
57 0.240000 0.549583 0.026250 0.039167
3 0.232187 0.410417 0.026875 0.039167
49 0.129688 0.601667 0.046875 0.045000
16 0.275938 0.549167 0.026875 0.038333
6 0.339375 0.410833 0.026250 0.040000
28 0.400938 0.501667 0.025625 0.038333
37 0.504687 0.501667 0.025625 0.036667
51 0.321562 0.455000 0.025625 0.036667
56 0.213750 0.455833 0.026250 0.038333
20 0.598437 0.410417 0.063125 0.042500
15 0.347500 0.547917 0.026250 0.037500
21 0.250000 0.456250 0.026250 0.039167
33 0.417187 0.548750 0.026875 0.039167
25 0.365312 0.501667 0.025625 0.036667
5 0.304375 0.410833 0.026250 0.038333
54 0.530000 0.455417 0.025000 0.037500
4 0.268437 0.410000 0.026875 0.040000
45 0.137813 0.505417 0.054375 0.040833
40 0.487500 0.547917 0.025000 0.037500
26 0.573438 0.500833 0.026875 0.038333
43 0.221875 0.502500 0.026250 0.038333
32 0.166875 0.550417 0.027500 0.040833
22 0.608750 0.478750 0.045000 0.085833
14 0.474687 0.595417 0.034375 0.040833
2 0.196875 0.410000 0.026250 0.038333
31 0.469687 0.500833 0.024375 0.036667
9 0.443750 0.410000 0.026250 0.036667
10 0.186875 0.502917 0.026250 0.039167
36 0.460625 0.455417 0.026250 0.035833
11 0.546875 0.409167 0.025000 0.036667
39 0.564375 0.455000 0.026250 0.038333
58 0.203750 0.550000 0.026250 0.038333
1 0.160938 0.410000 0.025625 0.038333
18 0.451875 0.547917 0.026250 0.037500
7 0.374375 0.410417 0.026250 0.039167
55 0.312188 0.548333 0.025625 0.038333
0 0.477500 0.409583 0.026250 0.037500
48 0.512500 0.410417 0.026250 0.039167
34 0.522188 0.547083 0.025625 0.037500
12 0.539375 0.500833 0.026250 0.038333
27 0.425625 0.455417 0.025000 0.035833
38 0.495000 0.455417 0.025000 0.035833
17 0.125000 0.410000 0.026250 0.040000
44 0.126875 0.552500 0.035000 0.040000
13 0.225625 0.599167 0.037500 0.043333
47 0.351250 0.598750 0.197500 0.047500
46 0.588437 0.546667 0.086875 0.038333
50 0.610625 0.597500 0.048750 0.045000
52 0.133750 0.459583 0.045000 0.042500
24 0.330313 0.502083 0.025625 0.035833
42 0.285938 0.456250 0.026875 0.037500
