41 0.128418 0.235531 0.124023 0.088645
15 0.403076 0.653480 0.155762 0.155311
58 0.042480 0.399634 0.083008 0.113553
23 0.349365 0.482784 0.145996 0.126007
52 0.054199 0.182051 0.104492 0.088645
5 0.506836 0.343956 0.127930 0.110623
16 0.198730 0.521978 0.145508 0.125275
31 0.919434 0.849084 0.152344 0.172894
53 0.708008 0.580220 0.147461 0.126007
56 0.214844 0.284615 0.127930 0.095971
47 0.338135 0.735165 0.635254 0.473993
57 0.103027 0.457875 0.147461 0.115751
2 0.239014 0.193040 0.116699 0.094505
29 0.793945 0.768132 0.159180 0.153114
3 0.324463 0.239927 0.121582 0.095971
24 0.449707 0.552015 0.147461 0.128205
55 0.297363 0.585348 0.151367 0.134799
9 0.931396 0.589377 0.136230 0.131136
1 0.154297 0.149084 0.109375 0.078388
7 0.708496 0.459707 0.140625 0.117949
36 0.935791 0.726007 0.129395 0.152381
19 0.252930 0.422344 0.137695 0.119414
42 0.396484 0.393040 0.138672 0.103297
21 0.303467 0.335531 0.134277 0.098168
51 0.494385 0.449451 0.141113 0.115018
13 0.049072 0.539560 0.093262 0.129670
35 0.514893 0.728938 0.162598 0.162637
4 0.412109 0.289377 0.125977 0.104029
25 0.556641 0.617582 0.153320 0.134799
59 0.596924 0.513553 0.147949 0.120147
6 0.605225 0.401465 0.134277 0.115751
18 0.756836 0.891209 0.178711 0.164835
27 0.822998 0.648352 0.152832 0.136264
8 0.820068 0.524908 0.142090 0.126740
28 0.670654 0.692674 0.156738 0.142857
43 0.161377 0.362637 0.134277 0.120147
10 0.075195 0.307692 0.132812 0.111355
33 0.631836 0.815018 0.178711 0.164835
