38 0.852941 0.612816 0.060852 0.081227
42 0.461968 0.606498 0.059838 0.079422
58 0.319980 0.802347 0.059838 0.084838
0 0.811359 0.518051 0.058824 0.079422
50 0.865619 0.909747 0.063895 0.090253
52 0.188134 0.601083 0.074037 0.083032
2 0.292596 0.509025 0.057809 0.079422
39 0.962982 0.613718 0.047667 0.083032
45 0.198783 0.701264 0.093306 0.084838
11 0.938134 0.518953 0.058824 0.077617
8 0.682049 0.518051 0.057809 0.079422
12 0.938134 0.710289 0.048682 0.084838
23 0.483266 0.703971 0.059838 0.083032
44 0.183570 0.801444 0.060852 0.086643
43 0.349391 0.703069 0.059838 0.084838
35 0.655172 0.805054 0.060852 0.086643
33 0.722110 0.806859 0.062880 0.086643
57 0.387931 0.802347 0.059838 0.084838
17 0.169371 0.508123 0.040568 0.081227
29 0.746957 0.707581 0.059838 0.083032
10 0.282961 0.702166 0.058824 0.083032
54 0.911258 0.613718 0.047667 0.083032
26 0.985801 0.710289 0.030426 0.084838
6 0.552738 0.513538 0.058824 0.077617
31 0.812880 0.708484 0.059838 0.081227
41 0.262677 0.604693 0.058824 0.083032
49 0.186613 0.904332 0.062880 0.090253
16 0.454868 0.803249 0.061866 0.086643
48 0.874239 0.518953 0.058824 0.081227
51 0.526369 0.607401 0.056795 0.081227
24 0.548682 0.704874 0.060852 0.081227
32 0.251521 0.801444 0.060852 0.086643
55 0.521805 0.803249 0.061866 0.086643
19 0.416836 0.703971 0.060852 0.083032
9 0.745943 0.517148 0.057809 0.081227
53 0.657201 0.610108 0.058824 0.083032
1 0.227688 0.509025 0.057809 0.079422
36 0.788032 0.611913 0.060852 0.079422
25 0.615112 0.705776 0.059838 0.083032
14 0.798174 0.908845 0.062880 0.088448
13 0.392495 0.906137 0.062880 0.090253
7 0.617140 0.516245 0.055781 0.079422
5 0.488844 0.512635 0.058824 0.079422
15 0.588742 0.804152 0.061866 0.084838
56 0.328600 0.604693 0.058824 0.083032
37 0.878803 0.711191 0.061866 0.083032
21 0.395538 0.605596 0.058824 0.081227
59 0.592292 0.609206 0.058824 0.081227
30 0.525355 0.647112 0.951318 0.691336
27 0.723124 0.609206 0.058824 0.077617
40 0.854462 0.806859 0.061866 0.083032
4 0.423428 0.511733 0.057809 0.081227
34 0.922414 0.808664 0.061866 0.086643
3 0.358012 0.510830 0.058824 0.079422
28 0.681034 0.704874 0.059838 0.081227
18 0.788032 0.805957 0.062880 0.084838
47 0.594828 0.907040 0.335700 0.092058
