39 0.728516 0.342125 0.056641 0.049817
10 0.260254 0.641758 0.063477 0.064469
45 0.186768 0.680220 0.104980 0.088645
5 0.374512 0.463736 0.059570 0.054212
31 0.641846 0.443223 0.059082 0.054212
56 0.276123 0.572527 0.062012 0.059341
57 0.349365 0.659341 0.063965 0.063004
28 0.553467 0.488645 0.060059 0.055678
27 0.559814 0.428938 0.061035 0.052015
42 0.375732 0.521612 0.062012 0.057143
3 0.277832 0.511722 0.060547 0.057875
21 0.325684 0.547253 0.063477 0.058608
33 0.591064 0.528938 0.062012 0.058608
32 0.244385 0.714286 0.063965 0.065934
59 0.469238 0.475092 0.061523 0.054945
11 0.680664 0.312821 0.054688 0.049817
37 0.684814 0.421245 0.059082 0.054212
35 0.544922 0.554212 0.062500 0.059341
48 0.640381 0.332967 0.055176 0.050549
14 0.665283 0.549084 0.062012 0.059341
2 0.228027 0.536630 0.060547 0.059341
9 0.555664 0.375458 0.057617 0.052015
38 0.645996 0.384982 0.059570 0.052015
25 0.507324 0.513553 0.061523 0.057143
26 0.767334 0.376190 0.058105 0.054945
52 0.157959 0.633333 0.088379 0.079853
47 0.523193 0.628205 0.250488 0.176557
12 0.726318 0.398535 0.058105 0.052747
55 0.449219 0.605495 0.064453 0.062271
24 0.459961 0.538095 0.062500 0.059341
29 0.597656 0.466300 0.059570 0.056410
4 0.327148 0.487546 0.059570 0.056410
44 0.190674 0.744322 0.063965 0.070330
46 0.826416 0.401099 0.097168 0.078388
20 0.739990 0.283883 0.093262 0.065201
7 0.467773 0.417582 0.059570 0.052747
51 0.422607 0.497802 0.062012 0.054945
43 0.312256 0.615018 0.063965 0.063736
0 0.598877 0.354212 0.057129 0.052015
16 0.400635 0.631868 0.063965 0.062271
15 0.497559 0.579121 0.064453 0.060806
13 0.375488 0.710623 0.064453 0.067399
36 0.603516 0.407692 0.061523 0.052015
22 0.792725 0.336630 0.103027 0.091575
34 0.723145 0.458974 0.058594 0.053480
17 0.124023 0.588278 0.060547 0.061538
58 0.297607 0.686813 0.063965 0.065201
49 0.213867 0.800366 0.066406 0.073993
1 0.177002 0.561172 0.061035 0.058608
8 0.511719 0.396337 0.057617 0.052747
50 0.710205 0.525641 0.062012 0.057875
53 0.515625 0.450549 0.061523 0.055678
30 0.488281 0.526740 0.850586 0.653480
41 0.224121 0.598901 0.063477 0.060806
6 0.421387 0.441392 0.059570 0.054945
54 0.687500 0.363370 0.059570 0.051282
40 0.680908 0.479853 0.061035 0.054212
23 0.411377 0.563004 0.062988 0.059341
19 0.362305 0.589011 0.063477 0.063004
18 0.636719 0.503663 0.059570 0.056410
