4 0.442939 0.666350 0.029957 0.034221
14 0.627675 0.812738 0.034237 0.039924
49 0.294579 0.843631 0.038516 0.042776
17 0.303852 0.676806 0.031384 0.034221
48 0.674037 0.650665 0.029957 0.033270
15 0.517118 0.778042 0.032810 0.038973
11 0.706134 0.649240 0.029957 0.032319
27 0.596648 0.691540 0.030670 0.033270
37 0.677247 0.725760 0.030670 0.035171
40 0.656562 0.767586 0.032097 0.037072
32 0.334879 0.796103 0.034950 0.040875
53 0.563481 0.694392 0.029957 0.035171
25 0.540656 0.735266 0.031384 0.035171
24 0.505706 0.738593 0.031384 0.036122
21 0.426177 0.705323 0.032097 0.036122
45 0.313837 0.755228 0.061341 0.037072
1 0.339158 0.674430 0.030670 0.035171
44 0.297076 0.798954 0.034950 0.038973
23 0.470756 0.741920 0.032810 0.037072
34 0.691512 0.764734 0.033524 0.035171
58 0.372325 0.792300 0.032810 0.038973
33 0.587732 0.772814 0.032810 0.038023
20 0.753210 0.645913 0.059914 0.031369
42 0.461484 0.702947 0.031384 0.035171
46 0.758559 0.759981 0.100571 0.038973
29 0.609130 0.730038 0.031384 0.036122
2 0.374465 0.672053 0.031384 0.034221
52 0.310271 0.714354 0.049929 0.035171
5 0.476819 0.664924 0.030670 0.033270
50 0.698288 0.807034 0.034237 0.039924
59 0.529601 0.697243 0.030670 0.035171
39 0.728959 0.683935 0.031384 0.033270
35 0.553138 0.775665 0.032097 0.038023
56 0.391227 0.708650 0.032097 0.035171
31 0.643367 0.727662 0.029957 0.035171
47 0.519971 0.821768 0.179743 0.052281
8 0.576676 0.656844 0.029244 0.034221
54 0.696505 0.685837 0.030670 0.033270
43 0.399429 0.747624 0.032810 0.037072
41 0.355563 0.711502 0.033524 0.035171
16 0.445435 0.785171 0.033524 0.039924
3 0.408345 0.669677 0.030670 0.035171
51 0.495364 0.700095 0.030670 0.035171
7 0.543153 0.659696 0.029244 0.034221
38 0.663338 0.688213 0.029957 0.034221
19 0.435449 0.744772 0.032097 0.037072
18 0.622682 0.769962 0.031384 0.038023
36 0.630528 0.689639 0.029957 0.033270
22 0.773181 0.700570 0.057061 0.074144
28 0.574536 0.732414 0.030670 0.037072
55 0.482168 0.781369 0.032810 0.038023
26 0.743937 0.720532 0.032810 0.036122
10 0.363766 0.751426 0.032810 0.037072
13 0.409415 0.831749 0.034237 0.041825
9 0.609130 0.654468 0.029957 0.033270
0 0.641583 0.652567 0.029244 0.033270
30 0.551355 0.731939 0.593438 0.298479
6 0.510342 0.661597 0.029244 0.032319
57 0.409058 0.788023 0.033524 0.038023
12 0.710414 0.723384 0.031384 0.036122
