52 0.089071 0.175000 0.177049 0.153279
47 0.310656 0.829508 0.620219 0.342623
56 0.339891 0.256148 0.124590 0.135246
41 0.224317 0.221721 0.125137 0.131967
24 0.692077 0.518443 0.132787 0.148361
55 0.571585 0.625410 0.136612 0.150820
23 0.571585 0.477869 0.132240 0.147541
32 0.081694 0.464754 0.139344 0.147541
2 0.317486 0.116393 0.121311 0.119672
28 0.941530 0.602459 0.118033 0.154098
25 0.818306 0.559016 0.132787 0.144262
51 0.691257 0.368033 0.124590 0.137705
53 0.935519 0.447131 0.125683 0.145082
19 0.450273 0.436066 0.130055 0.145902
7 0.895355 0.297131 0.119672 0.140164
1 0.204918 0.079508 0.122404 0.121311
8 0.978689 0.333197 0.043716 0.143443
13 0.286066 0.691393 0.141530 0.163115
59 0.812295 0.409016 0.127322 0.140984
10 0.213115 0.358607 0.130055 0.138525
35 0.827596 0.713525 0.134973 0.158197
21 0.456557 0.294672 0.122951 0.130328
4 0.544262 0.187295 0.118033 0.130328
15 0.697541 0.671721 0.139344 0.156557
3 0.429508 0.151230 0.122404 0.127049
33 0.945355 0.760656 0.110383 0.163934
6 0.775683 0.259016 0.120765 0.136066
57 0.324317 0.546311 0.136066 0.151639
47 0.672951 0.827049 0.655191 0.347541
58 0.202186 0.504918 0.137705 0.147541
45 0.081694 0.307377 0.162295 0.168852
47 0.660656 0.808607 0.679781 0.384426
43 0.331421 0.398361 0.132787 0.142623
17 0.092896 0.054098 0.122404 0.106557
42 0.572951 0.332787 0.126230 0.136066
16 0.447268 0.587705 0.136066 0.152459
5 0.658743 0.224180 0.118579 0.131967
