2 0.154044 0.272321 0.033376 0.091071
47 0.327985 0.749107 0.247754 0.119643
53 0.383184 0.394643 0.033376 0.085714
25 0.349487 0.506250 0.032734 0.091071
40 0.495186 0.626786 0.035302 0.096429
39 0.588575 0.403571 0.033376 0.092857
8 0.405006 0.289286 0.035944 0.100000
57 0.196085 0.616071 0.034018 0.092857
26 0.598845 0.515179 0.033376 0.091071
46 0.615854 0.626786 0.105905 0.092857
12 0.547497 0.401786 0.033376 0.089286
1 0.111682 0.269643 0.033376 0.092857
34 0.536906 0.626786 0.034018 0.092857
33 0.411104 0.625000 0.035302 0.100000
16 0.238768 0.617857 0.034660 0.096429
7 0.363286 0.285714 0.034660 0.100000
58 0.152118 0.614286 0.033376 0.092857
41 0.129012 0.383036 0.033376 0.091071
21 0.214056 0.386607 0.034018 0.091071
14 0.479140 0.744643 0.048139 0.103571
9 0.446085 0.288393 0.034660 0.094643
59 0.341142 0.391071 0.032734 0.085714
56 0.171374 0.383929 0.033376 0.089286
30 0.502888 0.483036 0.995507 0.848214
28 0.392169 0.506250 0.034660 0.091071
45 0.074775 0.494643 0.067394 0.092857
32 0.109435 0.616964 0.037869 0.101786
44 0.059371 0.612500 0.046855 0.092857
4 0.237805 0.276786 0.034018 0.092857
43 0.177792 0.500000 0.033376 0.092857
15 0.325417 0.620536 0.035944 0.094643
10 0.135109 0.496429 0.032734 0.089286
0 0.486842 0.289286 0.032734 0.092857
52 0.074775 0.379464 0.055841 0.087500
24 0.306804 0.504464 0.034660 0.091071
49 0.058729 0.729464 0.060976 0.098214
36 0.517009 0.511607 0.032734 0.091071
27 0.424583 0.393750 0.031451 0.083929
48 0.526958 0.291964 0.034660 0.091071
18 0.453466 0.625000 0.035302 0.096429
6 0.322529 0.282143 0.035302 0.096429
55 0.282092 0.619643 0.035302 0.096429
5 0.280488 0.280357 0.034660 0.092857
38 0.465661 0.397321 0.032734 0.083929
17 0.068999 0.266964 0.032734 0.087500
31 0.475610 0.509821 0.032092 0.091071
23 0.263800 0.501786 0.033376 0.089286
3 0.196727 0.274107 0.034018 0.094643
50 0.644737 0.748214 0.059692 0.103571
19 0.221117 0.500000 0.032734 0.089286
13 0.174904 0.735714 0.048139 0.103571
37 0.558408 0.512500 0.033376 0.089286
42 0.256739 0.387500 0.033376 0.085714
22 0.640244 0.461607 0.055841 0.212500
11 0.567394 0.290179 0.030809 0.083929
51 0.298780 0.390179 0.034018 0.087500
54 0.507060 0.399107 0.033376 0.087500
20 0.629653 0.290179 0.071887 0.087500
35 0.368742 0.621429 0.034018 0.092857
29 0.434211 0.507143 0.032734 0.089286
