30 0.609167 0.515625 0.493333 0.948750
15 0.528750 0.343125 0.045833 0.030000
23 0.581667 0.280938 0.046667 0.029375
0 0.697917 0.493437 0.045833 0.030625
13 0.470000 0.200625 0.045000 0.052500
6 0.694583 0.327188 0.045833 0.029375
24 0.582500 0.320937 0.046667 0.029375
34 0.535417 0.546562 0.044167 0.029375
43 0.580000 0.196875 0.045000 0.030000
33 0.529583 0.425625 0.044167 0.030000
18 0.531250 0.465625 0.042500 0.028750
9 0.695833 0.453125 0.045000 0.031250
20 0.702500 0.636875 0.043333 0.073750
11 0.698333 0.575313 0.043333 0.029375
56 0.635417 0.185000 0.047500 0.031250
44 0.522917 0.090000 0.047500 0.040000
21 0.635417 0.224375 0.047500 0.031250
32 0.522083 0.133750 0.045833 0.030000
29 0.584583 0.444688 0.045833 0.029375
45 0.576667 0.096875 0.045000 0.066250
58 0.523750 0.176250 0.045833 0.030000
27 0.639583 0.433437 0.045833 0.029375
53 0.637917 0.393437 0.045833 0.029375
26 0.590000 0.605625 0.045000 0.030000
8 0.695833 0.413125 0.045000 0.031250
49 0.466250 0.096562 0.045833 0.055625
12 0.588750 0.565937 0.044167 0.029375
7 0.695417 0.369688 0.044167 0.031875
41 0.633333 0.139375 0.048333 0.030000
47 0.472917 0.353438 0.047500 0.241875
2 0.692500 0.156875 0.045000 0.031250
25 0.582917 0.365000 0.045833 0.030000
51 0.637500 0.308437 0.046667 0.029375
48 0.699167 0.536563 0.043333 0.029375
40 0.533750 0.508437 0.044167 0.029375
36 0.641250 0.473750 0.045833 0.030000
17 0.689583 0.071875 0.044167 0.031250
50 0.483333 0.649687 0.045000 0.053125
52 0.632500 0.090000 0.048333 0.057500
19 0.580833 0.237500 0.046667 0.030000
5 0.695417 0.286562 0.045833 0.029375
28 0.583750 0.404375 0.045833 0.030000
4 0.693333 0.242812 0.045000 0.030625
59 0.638333 0.350313 0.046667 0.030625
31 0.585833 0.486563 0.045000 0.029375
54 0.642917 0.556875 0.045833 0.030000
16 0.525833 0.261875 0.045000 0.030000
55 0.527500 0.301875 0.045000 0.030000
3 0.692500 0.201563 0.045000 0.030625
42 0.637500 0.269062 0.046667 0.029375
10 0.577500 0.155000 0.045000 0.030000
37 0.587500 0.525312 0.045000 0.029375
14 0.480000 0.507188 0.045000 0.051875
38 0.642083 0.516250 0.045833 0.030000
57 0.524167 0.218750 0.045000 0.030000
39 0.643750 0.595313 0.045833 0.029375
22 0.620417 0.645938 0.102500 0.048125
46 0.537083 0.621563 0.045833 0.104375
35 0.530417 0.385000 0.044167 0.030000
1 0.690417 0.114375 0.044167 0.031250
