25 0.750625 0.521556 0.066250 0.115276
44 0.110625 0.671978 0.097500 0.121837
52 0.133437 0.384255 0.119375 0.118088
24 0.655937 0.522024 0.068125 0.116214
49 0.105938 0.821931 0.094375 0.125586
47 0.706250 0.808810 0.580000 0.131209
9 0.936562 0.255858 0.064375 0.106842
32 0.218438 0.668697 0.069375 0.124649
53 0.813125 0.385192 0.063750 0.114339
19 0.463438 0.523899 0.070625 0.116214
5 0.579688 0.249766 0.066875 0.109653
58 0.315937 0.668697 0.069375 0.122774
57 0.415312 0.669634 0.069375 0.122774
7 0.762188 0.252577 0.064375 0.113402
6 0.672500 0.250234 0.066250 0.110590
15 0.708750 0.664948 0.068750 0.122774
16 0.513750 0.667291 0.071250 0.121837
13 0.350625 0.820056 0.102500 0.131209
55 0.612812 0.665886 0.068125 0.120900
56 0.344375 0.384255 0.066250 0.116214
43 0.366563 0.524367 0.068125 0.119025
2 0.300312 0.250234 0.066875 0.108716
28 0.841250 0.520619 0.065000 0.115276
29 0.931562 0.519213 0.063125 0.114339
30 0.508750 0.498594 0.975000 0.989691
18 0.975625 0.657451 0.045000 0.119025
1 0.207813 0.251172 0.063125 0.106842
3 0.393750 0.249297 0.067500 0.110590
59 0.722187 0.383786 0.065625 0.115276
35 0.802188 0.662137 0.065625 0.119025
42 0.536563 0.383318 0.068125 0.114339
36 0.979062 0.386129 0.041875 0.110590
4 0.487187 0.250234 0.066875 0.108716
10 0.270313 0.524367 0.068125 0.119025
27 0.901563 0.384724 0.063125 0.109653
23 0.560937 0.523430 0.068125 0.117151
8 0.849688 0.254452 0.064375 0.111528
17 0.116875 0.251172 0.065000 0.106842
51 0.629687 0.384724 0.065625 0.113402
41 0.250000 0.387067 0.070000 0.119963
21 0.440312 0.383318 0.066875 0.114339
45 0.139063 0.527179 0.144375 0.122774
33 0.894687 0.659325 0.064375 0.119025
