4 0.408125 0.586667 0.026250 0.030000
14 0.570000 0.715000 0.030000 0.035000
49 0.278125 0.742083 0.033750 0.037500
17 0.286250 0.595833 0.027500 0.030000
48 0.610625 0.572917 0.026250 0.029167
15 0.473125 0.684583 0.028750 0.034167
11 0.638750 0.571667 0.026250 0.028333
27 0.542813 0.608750 0.026875 0.029167
37 0.613437 0.638750 0.026875 0.030833
40 0.595313 0.675417 0.028125 0.032500
32 0.313437 0.700417 0.030625 0.035833
53 0.513750 0.611250 0.026250 0.030833
25 0.493750 0.647083 0.027500 0.030833
24 0.463125 0.650000 0.027500 0.031667
21 0.393437 0.620833 0.028125 0.031667
45 0.295000 0.664583 0.053750 0.032500
1 0.317188 0.593750 0.026875 0.030833
44 0.280313 0.702917 0.030625 0.034167
23 0.432500 0.652917 0.028750 0.032500
34 0.625938 0.672917 0.029375 0.030833
58 0.346250 0.697083 0.028750 0.034167
33 0.535000 0.680000 0.028750 0.033333
20 0.680000 0.568750 0.052500 0.027500
42 0.424375 0.618750 0.027500 0.030833
46 0.684688 0.668750 0.088125 0.034167
29 0.553750 0.642500 0.027500 0.031667
2 0.348125 0.591667 0.027500 0.030000
52 0.291875 0.628750 0.043750 0.030833
5 0.437812 0.585417 0.026875 0.029167
50 0.631875 0.710000 0.030000 0.035000
59 0.484063 0.613750 0.026875 0.030833
39 0.658750 0.602083 0.027500 0.029167
35 0.504687 0.682500 0.028125 0.033333
56 0.362812 0.623750 0.028125 0.030833
31 0.583750 0.640417 0.026250 0.030833
47 0.475625 0.722917 0.157500 0.045833
8 0.525312 0.578333 0.025625 0.030000
54 0.630313 0.603750 0.026875 0.029167
43 0.370000 0.657917 0.028750 0.032500
41 0.331562 0.626250 0.029375 0.030833
16 0.410313 0.690833 0.029375 0.035000
3 0.377812 0.589583 0.026875 0.030833
51 0.454062 0.616250 0.026875 0.030833
7 0.495937 0.580833 0.025625 0.030000
38 0.601250 0.605833 0.026250 0.030000
19 0.401562 0.655417 0.028125 0.032500
18 0.565625 0.677500 0.027500 0.033333
36 0.572500 0.607083 0.026250 0.029167
22 0.697500 0.616667 0.050000 0.065000
28 0.523438 0.644583 0.026875 0.032500
55 0.442500 0.687500 0.028750 0.033333
26 0.671875 0.634167 0.028750 0.031667
10 0.338750 0.661250 0.028750 0.032500
13 0.378750 0.731667 0.030000 0.036667
9 0.553750 0.576250 0.026250 0.029167
0 0.582187 0.574583 0.025625 0.029167
30 0.503125 0.644167 0.520000 0.261667
6 0.467187 0.582500 0.025625 0.028333
57 0.378437 0.693333 0.029375 0.033333
12 0.642500 0.636667 0.027500 0.031667
