30 0.598967 0.514839 0.509466 0.971613
15 0.515921 0.340645 0.047332 0.030968
23 0.570568 0.276452 0.048193 0.030323
0 0.690620 0.495806 0.047332 0.031613
13 0.455250 0.193548 0.046472 0.054194
6 0.687177 0.324194 0.047332 0.030323
24 0.571429 0.317742 0.048193 0.030323
34 0.522806 0.550645 0.045611 0.030323
43 0.568847 0.189677 0.046472 0.030968
33 0.516781 0.425806 0.045611 0.030968
18 0.518503 0.467097 0.043890 0.029677
9 0.688468 0.454194 0.046472 0.032258
20 0.695353 0.643871 0.044750 0.076129
11 0.691050 0.580323 0.044750 0.030323
56 0.626076 0.177419 0.049053 0.032258
44 0.509897 0.079355 0.049053 0.041290
21 0.626076 0.218065 0.049053 0.032258
32 0.509036 0.124516 0.047332 0.030968
29 0.573580 0.445484 0.047332 0.030323
45 0.565404 0.086452 0.046472 0.068387
58 0.510757 0.168387 0.047332 0.030968
27 0.630379 0.433871 0.047332 0.030323
53 0.628657 0.392581 0.047332 0.030323
26 0.579174 0.611613 0.046472 0.030968
8 0.688468 0.412903 0.046472 0.032258
49 0.451377 0.086129 0.047332 0.057419
12 0.577883 0.570645 0.045611 0.030323
7 0.688038 0.368065 0.045611 0.032903
41 0.623924 0.130323 0.049914 0.030968
47 0.458262 0.351290 0.049053 0.249677
2 0.685026 0.148387 0.046472 0.032258
25 0.571859 0.363226 0.047332 0.030968
51 0.628227 0.304839 0.048193 0.030323
48 0.691910 0.540323 0.044750 0.030323
40 0.521084 0.511290 0.045611 0.030323
36 0.632100 0.475484 0.047332 0.030968
17 0.682014 0.060645 0.045611 0.032258
50 0.469019 0.657097 0.046472 0.054839
52 0.623064 0.079355 0.049914 0.059355
19 0.569707 0.231613 0.048193 0.030968
5 0.688038 0.282258 0.047332 0.030323
28 0.572719 0.403871 0.047332 0.030968
4 0.685886 0.237097 0.046472 0.031613
59 0.629088 0.348065 0.048193 0.031613
31 0.574871 0.488710 0.046472 0.030323
54 0.633821 0.561290 0.047332 0.030968
16 0.512909 0.256774 0.046472 0.030968
55 0.514630 0.298065 0.046472 0.030968
3 0.685026 0.194516 0.046472 0.031613
42 0.628227 0.264194 0.048193 0.030323
10 0.566265 0.146452 0.046472 0.030968
37 0.576592 0.528710 0.046472 0.030323
14 0.465577 0.510000 0.046472 0.053548
38 0.632960 0.519355 0.047332 0.030968
57 0.511188 0.212258 0.046472 0.030968
39 0.634682 0.600968 0.047332 0.030323
22 0.610585 0.653226 0.105852 0.049677
46 0.524527 0.628065 0.047332 0.107742
35 0.517642 0.383871 0.045611 0.030968
1 0.682874 0.104516 0.045611 0.032258
