22 0.753541 0.921550 0.062323 0.090737
53 0.512748 0.897921 0.032578 0.041588
46 0.733357 0.986767 0.115439 0.028355
26 0.717068 0.944707 0.036119 0.042533
54 0.664660 0.897448 0.033286 0.040643
51 0.436969 0.897921 0.032578 0.041588
23 0.405099 0.947543 0.033994 0.044423
25 0.483711 0.946125 0.032578 0.043478
48 0.641289 0.852552 0.033286 0.037807
5 0.420326 0.853025 0.031870 0.038752
56 0.321884 0.899338 0.034703 0.042533
41 0.283286 0.900284 0.035411 0.040643
43 0.326487 0.948015 0.035411 0.045369
3 0.345255 0.853970 0.033286 0.038752
20 0.734065 0.852552 0.070113 0.037807
58 0.291431 0.988658 0.036119 0.024575
2 0.308074 0.854915 0.033994 0.038752
28 0.522663 0.946125 0.032578 0.045369
9 0.568343 0.852079 0.031870 0.038752
7 0.494334 0.853025 0.031161 0.038752
29 0.561969 0.945652 0.033286 0.044423
32 0.250354 0.989130 0.037535 0.023629
57 0.332153 0.988185 0.035411 0.025520
1 0.270538 0.855388 0.033994 0.037807
6 0.457861 0.853025 0.031870 0.038752
35 0.493626 0.987240 0.035411 0.027410
37 0.639873 0.945180 0.034703 0.043478
27 0.551346 0.896975 0.031870 0.039698
16 0.372521 0.988185 0.035411 0.025520
24 0.444405 0.946597 0.033286 0.044423
12 0.678470 0.945180 0.035411 0.043478
34 0.652975 0.986767 0.035411 0.028355
15 0.452904 0.987240 0.036119 0.027410
31 0.600567 0.944707 0.033994 0.042533
0 0.604816 0.852079 0.032578 0.038752
33 0.533640 0.987240 0.036119 0.027410
10 0.287181 0.948488 0.036119 0.044423
42 0.398725 0.898866 0.033994 0.041588
11 0.678470 0.852079 0.032578 0.038752
18 0.573300 0.987240 0.034703 0.027410
59 0.474504 0.897921 0.032578 0.041588
44 0.209278 0.989603 0.040368 0.022684
8 0.531516 0.852552 0.031870 0.039698
52 0.234773 0.900284 0.055949 0.040643
36 0.588881 0.897448 0.033286 0.040643
19 0.366501 0.947070 0.034703 0.045369
21 0.360482 0.899338 0.033994 0.042533
40 0.613669 0.987240 0.034703 0.027410
45 0.231586 0.949433 0.065156 0.042533
38 0.626062 0.896975 0.032578 0.041588
30 0.496813 0.877127 0.708924 0.247637
4 0.382790 0.853497 0.031870 0.037807
39 0.702550 0.897448 0.033994 0.040643
55 0.412890 0.987713 0.035411 0.026465
17 0.232649 0.855388 0.034703 0.037807
