41 0.094280 0.184022 0.134534 0.096184
15 0.392214 0.637520 0.168962 0.168521
58 0.023305 0.361288 0.045551 0.123211
23 0.333951 0.452305 0.158369 0.136725
52 0.035487 0.125199 0.069915 0.096184
5 0.504767 0.301669 0.138771 0.120032
16 0.170551 0.494833 0.157839 0.135930
31 0.935117 0.849762 0.130826 0.187599
53 0.722987 0.558029 0.159958 0.136725
56 0.188030 0.237281 0.138771 0.104134
47 0.333157 0.725358 0.665254 0.514308
57 0.073623 0.425278 0.146186 0.125596
2 0.214248 0.137917 0.126589 0.102544
29 0.816208 0.761924 0.172669 0.166137
3 0.306939 0.188792 0.131886 0.104134
24 0.442797 0.527424 0.159958 0.139110
55 0.277542 0.563593 0.164195 0.146264
9 0.945710 0.567170 0.109640 0.142289
1 0.122352 0.090223 0.118644 0.085056
7 0.723517 0.427266 0.152542 0.127981
36 0.949947 0.716216 0.101165 0.165342
19 0.229343 0.386725 0.149364 0.129571
42 0.385064 0.354928 0.150424 0.112083
21 0.284163 0.292528 0.145657 0.106518
51 0.491261 0.416137 0.153072 0.124801
13 0.029396 0.513116 0.057733 0.140700
35 0.513506 0.719396 0.176377 0.176471
4 0.402013 0.242448 0.136653 0.112878
25 0.558792 0.598569 0.166314 0.146264
59 0.602489 0.485692 0.160487 0.130366
6 0.611494 0.364070 0.145657 0.125596
18 0.775953 0.895469 0.193856 0.178855
27 0.847722 0.631955 0.165784 0.147854
8 0.844544 0.498013 0.154131 0.137520
28 0.682468 0.680048 0.170021 0.155008
43 0.130032 0.321940 0.145657 0.130366
10 0.054555 0.262321 0.108051 0.120827
33 0.640360 0.812798 0.193856 0.178855
