32 0.103240 0.442373 0.028590 0.047458
19 0.210292 0.388136 0.033037 0.045763
23 0.252224 0.389407 0.031766 0.046610
4 0.221093 0.276695 0.030496 0.044915
10 0.125794 0.387288 0.030496 0.045763
47 0.321792 0.500424 0.247141 0.048305
16 0.229034 0.442797 0.033672 0.044915
56 0.159466 0.333475 0.030496 0.044915
41 0.116900 0.333051 0.030496 0.045763
33 0.397713 0.446186 0.035578 0.046610
3 0.178844 0.276695 0.032402 0.044915
9 0.429161 0.281356 0.031131 0.042373
5 0.262389 0.277119 0.030496 0.044068
39 0.571156 0.340254 0.030496 0.048305
51 0.284307 0.335593 0.031131 0.045763
12 0.540343 0.394068 0.031131 0.045763
54 0.530813 0.340254 0.031131 0.048305
18 0.438691 0.446186 0.032402 0.044915
2 0.137865 0.276271 0.030496 0.044068
48 0.511436 0.282627 0.030496 0.043220
17 0.053050 0.275424 0.028590 0.040678
59 0.325604 0.335169 0.031131 0.044915
24 0.293837 0.389831 0.032402 0.045763
57 0.186150 0.441949 0.030496 0.043220
35 0.357052 0.447034 0.035578 0.050000
14 0.478717 0.501695 0.056544 0.047458
28 0.376747 0.391102 0.030496 0.044915
22 0.622300 0.365678 0.051461 0.104237
30 0.498729 0.383475 0.955527 0.441525
25 0.335451 0.390254 0.031766 0.044915
7 0.345934 0.279661 0.029860 0.044068
44 0.054320 0.441102 0.041296 0.043220
29 0.418361 0.392373 0.032402 0.045763
34 0.519377 0.446610 0.032402 0.044068
53 0.367853 0.337288 0.033037 0.047458
27 0.408513 0.337288 0.031766 0.044068
38 0.490152 0.339407 0.031131 0.044915
1 0.095299 0.275847 0.029225 0.044915
50 0.622618 0.503390 0.053367 0.045763
6 0.304638 0.277966 0.029860 0.044068
49 0.057497 0.496610 0.054003 0.044068
58 0.144536 0.442373 0.028590 0.045763
15 0.313850 0.444068 0.035578 0.045763
52 0.064485 0.333051 0.051461 0.044068
21 0.201080 0.332627 0.032402 0.044915
55 0.272236 0.444068 0.033672 0.045763
13 0.164549 0.498305 0.055909 0.047458
20 0.613088 0.283051 0.069886 0.042373
45 0.068297 0.387712 0.062897 0.046610
26 0.581321 0.394492 0.033037 0.046610
37 0.500000 0.393644 0.031766 0.044915
0 0.470140 0.280932 0.031766 0.043220
8 0.387548 0.280932 0.031766 0.044915
11 0.551144 0.283051 0.031131 0.042373
40 0.478717 0.446610 0.032402 0.045763
36 0.449809 0.338559 0.033037 0.044915
46 0.595616 0.447458 0.103558 0.044068
42 0.243647 0.334746 0.033672 0.045763
31 0.459657 0.392797 0.031131 0.044915
43 0.168361 0.386864 0.031766 0.044915
