28 0.353027 0.374770 0.030273 0.068140
21 0.166504 0.289134 0.030273 0.069982
9 0.407227 0.206262 0.035156 0.073665
33 0.375488 0.458564 0.032227 0.069982
0 0.451172 0.207182 0.035156 0.075506
11 0.539062 0.204420 0.035156 0.069982
12 0.527832 0.375691 0.032227 0.069982
36 0.429199 0.290976 0.032227 0.066298
34 0.504883 0.458564 0.033203 0.069982
20 0.607910 0.204420 0.083008 0.073665
39 0.561523 0.291897 0.035156 0.071823
27 0.385254 0.290055 0.030273 0.068140
41 0.082031 0.290976 0.029297 0.069982
25 0.309082 0.372928 0.030273 0.068140
30 0.500977 0.335175 0.996094 0.633517
59 0.297363 0.288214 0.030273 0.068140
26 0.571289 0.375691 0.035156 0.073665
13 0.143066 0.535912 0.040039 0.069982
1 0.059570 0.207182 0.029297 0.068140
52 0.029297 0.290055 0.050781 0.068140
57 0.158691 0.453039 0.028320 0.066298
18 0.418457 0.458564 0.032227 0.069982
44 0.028809 0.454880 0.040039 0.066298
38 0.473145 0.290976 0.032227 0.069982
10 0.094727 0.371087 0.029297 0.068140
47 0.295410 0.539595 0.241211 0.073665
48 0.494629 0.206262 0.036133 0.073665
40 0.461914 0.457643 0.031250 0.068140
32 0.075195 0.453959 0.029297 0.068140
55 0.244629 0.453959 0.030273 0.068140
51 0.253418 0.288214 0.030273 0.068140
46 0.589844 0.457643 0.107422 0.071823
43 0.136719 0.372007 0.027344 0.069982
53 0.340820 0.290976 0.031250 0.069982
19 0.178711 0.372007 0.029297 0.069982
54 0.517090 0.290976 0.032227 0.069982
45 0.036621 0.372928 0.061523 0.068140
7 0.317871 0.206262 0.032227 0.073665
14 0.446777 0.539595 0.045898 0.069982
22 0.617188 0.332413 0.060547 0.163904
16 0.200684 0.453959 0.030273 0.068140
2 0.102539 0.206262 0.029297 0.069982
58 0.116699 0.453959 0.028320 0.068140
6 0.273926 0.204420 0.032227 0.073665
5 0.229492 0.205341 0.031250 0.071823
37 0.483887 0.375691 0.034180 0.069982
42 0.209473 0.288214 0.030273 0.068140
8 0.362305 0.207182 0.033203 0.075506
15 0.288086 0.455801 0.031250 0.068140
3 0.144531 0.205341 0.031250 0.071823
4 0.187012 0.205341 0.030273 0.071823
56 0.124512 0.290055 0.028320 0.068140
50 0.616211 0.541436 0.060547 0.073665
31 0.440430 0.373849 0.031250 0.069982
24 0.265625 0.372007 0.029297 0.066298
23 0.221680 0.372928 0.029297 0.068140
29 0.397461 0.373849 0.031250 0.069982
17 0.018066 0.207182 0.030273 0.068140
49 0.034180 0.534991 0.050781 0.068140
35 0.332031 0.455801 0.031250 0.068140
