52 0.090222 0.241679 0.176411 0.141452
47 0.299143 0.843797 0.576109 0.313918
56 0.328125 0.315809 0.114919 0.124811
41 0.221522 0.284039 0.115423 0.121785
24 0.652974 0.557867 0.122480 0.136914
55 0.541835 0.656581 0.126008 0.139183
14 0.975554 0.947050 0.049899 0.107413
23 0.541835 0.520424 0.121976 0.136157
27 0.969254 0.527231 0.062500 0.131619
32 0.089970 0.508321 0.128528 0.136157
2 0.307460 0.186838 0.111895 0.110439
28 0.889869 0.635401 0.121472 0.142209
25 0.769405 0.595310 0.122480 0.133132
51 0.652218 0.419062 0.114919 0.127080
53 0.877520 0.492057 0.115927 0.133888
19 0.429940 0.481846 0.119960 0.134644
7 0.840474 0.353631 0.110383 0.129349
1 0.203629 0.152799 0.112903 0.111952
8 0.948841 0.386914 0.103327 0.132375
13 0.278478 0.717474 0.130544 0.150530
59 0.763861 0.456884 0.117440 0.130106
10 0.211190 0.410363 0.119960 0.127837
35 0.777974 0.737897 0.124496 0.145991
21 0.435736 0.351362 0.113407 0.120272
4 0.516633 0.252269 0.108871 0.120272
18 0.983619 0.813918 0.033770 0.142209
15 0.658014 0.699319 0.128528 0.144478
3 0.410786 0.218986 0.112903 0.117247
33 0.898690 0.781392 0.126008 0.151286
6 0.730091 0.318457 0.111391 0.125567
57 0.313760 0.583585 0.125504 0.139939
22 0.977067 0.944781 0.046875 0.111952
47 0.638861 0.841528 0.611391 0.318457
58 0.201109 0.545386 0.127016 0.136157
45 0.082661 0.363086 0.164315 0.155825
29 0.975806 0.667927 0.049395 0.139183
47 0.634577 0.824508 0.648185 0.352496
43 0.320312 0.447050 0.122480 0.131619
17 0.100302 0.120651 0.112903 0.117247
42 0.543095 0.386536 0.116431 0.125567
16 0.427167 0.621785 0.125504 0.140696
5 0.622228 0.286309 0.109375 0.121785
