11 0.548399 0.325419 0.029840 0.061453
59 0.328239 0.402235 0.029112 0.064246
21 0.208515 0.402235 0.029840 0.064246
28 0.378093 0.477654 0.028384 0.064246
32 0.118632 0.553771 0.029112 0.065642
25 0.338064 0.478352 0.029840 0.065642
10 0.138282 0.477654 0.029112 0.064246
19 0.217977 0.477654 0.029840 0.064246
46 0.592795 0.554469 0.101164 0.064246
13 0.173581 0.628492 0.041485 0.067039
54 0.528384 0.401536 0.030568 0.065642
8 0.388282 0.328212 0.029840 0.064246
31 0.458151 0.477654 0.028384 0.064246
41 0.128457 0.402235 0.031295 0.064246
9 0.427948 0.326816 0.030568 0.064246
36 0.448326 0.401536 0.032023 0.062849
45 0.085153 0.477654 0.061135 0.067039
51 0.287482 0.401536 0.029112 0.062849
50 0.622271 0.630587 0.043668 0.065642
29 0.417758 0.477654 0.029112 0.064246
2 0.147744 0.328212 0.029112 0.064246
1 0.107351 0.328212 0.028384 0.064246
52 0.078239 0.404330 0.048763 0.062849
34 0.518195 0.552374 0.030568 0.062849
33 0.397380 0.553771 0.032023 0.065642
40 0.478530 0.552374 0.029840 0.062849
22 0.618268 0.441341 0.050218 0.145251
17 0.067686 0.328212 0.027656 0.061453
30 0.500364 0.429469 0.914847 0.543296
12 0.538210 0.478352 0.029840 0.065642
58 0.158297 0.553073 0.028384 0.064246
14 0.473071 0.629888 0.043668 0.067039
42 0.248180 0.402235 0.029112 0.064246
47 0.323144 0.630587 0.245997 0.068436
43 0.178311 0.478352 0.029112 0.065642
5 0.268559 0.328911 0.030568 0.062849
27 0.408297 0.401536 0.029112 0.062849
38 0.488355 0.401536 0.029112 0.062849
20 0.608443 0.327514 0.071325 0.062849
3 0.188137 0.328212 0.029840 0.064246
4 0.228530 0.328212 0.029112 0.061453
53 0.368268 0.402235 0.030568 0.064246
57 0.198690 0.553073 0.029112 0.064246
39 0.567686 0.401536 0.029112 0.065642
48 0.508006 0.327514 0.030568 0.065642
15 0.317686 0.553073 0.031295 0.067039
44 0.074236 0.554469 0.040757 0.064246
23 0.258370 0.477654 0.029112 0.061453
26 0.577875 0.477654 0.029112 0.064246
37 0.497817 0.478352 0.030568 0.065642
0 0.468341 0.326816 0.031295 0.064246
56 0.168486 0.402933 0.029840 0.065642
6 0.307860 0.327514 0.030568 0.062849
24 0.298035 0.477654 0.029840 0.064246
16 0.237991 0.553771 0.030568 0.065642
7 0.348253 0.328212 0.029840 0.064246
18 0.438137 0.551676 0.029112 0.064246
35 0.358079 0.553073 0.030568 0.067039
49 0.073508 0.629888 0.040757 0.064246
55 0.278384 0.552374 0.029840 0.065642
