47 0.778998 0.649406 0.443761 0.065303
52 0.277241 0.439974 0.115114 0.055409
53 0.954745 0.437995 0.069420 0.056728
17 0.256591 0.371042 0.066784 0.058707
56 0.482865 0.438654 0.067663 0.056728
49 0.254394 0.647757 0.097540 0.062005
7 0.904218 0.368404 0.066784 0.057388
35 0.934974 0.576517 0.073814 0.059367
43 0.506151 0.508245 0.070299 0.058707
1 0.347100 0.370383 0.068541 0.057388
32 0.364236 0.575528 0.071178 0.060026
10 0.414323 0.507256 0.071178 0.056728
24 0.788225 0.507586 0.068541 0.057388
21 0.576450 0.439314 0.068541 0.056728
30 0.569859 0.464050 0.862039 0.504617
2 0.438489 0.371042 0.070299 0.058707
8 0.982425 0.368404 0.036907 0.058707
16 0.647188 0.576847 0.074692 0.060026
58 0.459139 0.576517 0.072935 0.058047
28 0.973199 0.508575 0.055360 0.059367
23 0.692882 0.507256 0.069420 0.058047
51 0.763181 0.437335 0.067663 0.055409
57 0.554042 0.576187 0.071178 0.057388
13 0.492531 0.647757 0.099297 0.060686
44 0.260105 0.576847 0.098418 0.058707
6 0.811072 0.370053 0.068541 0.056728
59 0.858084 0.437995 0.067663 0.056728
3 0.530316 0.370383 0.071178 0.057388
25 0.882689 0.507256 0.069420 0.058047
19 0.597979 0.507916 0.071178 0.058047
4 0.624341 0.371042 0.069420 0.058707
41 0.391476 0.438984 0.069420 0.057388
42 0.670035 0.438654 0.067663 0.055409
55 0.742970 0.576847 0.071178 0.060026
5 0.715729 0.369723 0.069420 0.057388
15 0.839631 0.576847 0.071178 0.060026
45 0.288225 0.508575 0.140598 0.058047
