51 0.328782 0.512997 0.039916 0.068807
49 0.159664 0.884557 0.057423 0.074924
29 0.470238 0.491590 0.038515 0.059633
12 0.579832 0.410550 0.040616 0.062691
25 0.394258 0.547401 0.039216 0.061162
45 0.135154 0.727064 0.074230 0.096330
22 0.639356 0.330275 0.072829 0.125382
52 0.114496 0.659021 0.062325 0.088685
21 0.250000 0.565749 0.042017 0.073394
6 0.330182 0.425076 0.037115 0.073394
55 0.354342 0.655199 0.042017 0.059633
1 0.131653 0.564220 0.040616 0.070336
57 0.273810 0.714067 0.042017 0.061162
24 0.355392 0.572630 0.041317 0.065749
33 0.471289 0.568807 0.042017 0.064220
42 0.289916 0.538991 0.040616 0.071865
36 0.480042 0.404434 0.039916 0.065749
30 0.508403 0.502294 0.984594 0.998471
53 0.405112 0.457951 0.039916 0.068807
34 0.581583 0.485474 0.038515 0.056575
58 0.231793 0.743884 0.042017 0.065749
41 0.168417 0.623089 0.044118 0.071865
32 0.189776 0.774465 0.042017 0.068807
3 0.213585 0.507645 0.039216 0.073394
2 0.172619 0.535168 0.039916 0.070336
40 0.544818 0.511468 0.039216 0.059633
5 0.292367 0.454128 0.037115 0.070336
46 0.646709 0.436544 0.102941 0.099388
14 0.560224 0.581804 0.053221 0.065749
37 0.543417 0.438073 0.039216 0.062691
56 0.209034 0.594037 0.039916 0.068807
50 0.695728 0.477829 0.052521 0.065749
54 0.551821 0.353211 0.039216 0.067278
19 0.276961 0.631498 0.041317 0.064220
59 0.366597 0.483945 0.038515 0.068807
43 0.235994 0.660550 0.040616 0.064220
27 0.442927 0.430428 0.039916 0.068807
26 0.613796 0.385321 0.039916 0.058104
20 0.601891 0.239297 0.072129 0.084098
8 0.407563 0.373089 0.035014 0.079511
31 0.507703 0.461774 0.039216 0.064220
38 0.516106 0.378440 0.039216 0.065749
15 0.392507 0.623853 0.046919 0.064220
11 0.549720 0.272936 0.035014 0.062691
47 0.415616 0.694190 0.252801 0.235474
28 0.432423 0.518349 0.038515 0.064220
13 0.265406 0.801988 0.053221 0.077982
23 0.316176 0.600917 0.039916 0.067278
39 0.586485 0.327217 0.038515 0.064220
35 0.432423 0.595566 0.042717 0.065749
9 0.444328 0.347859 0.035714 0.074924
44 0.141807 0.807339 0.052521 0.079511
48 0.515406 0.299694 0.036415 0.067278
0 0.480392 0.324924 0.037815 0.065749
16 0.314076 0.684251 0.042717 0.059633
4 0.252801 0.481651 0.036415 0.070336
17 0.088585 0.590214 0.038515 0.070336
7 0.369048 0.397554 0.035014 0.079511
18 0.508403 0.538991 0.039216 0.062691
10 0.194328 0.688073 0.039916 0.067278
