2 0.180537 0.405594 0.026868 0.036713
19 0.232307 0.495192 0.028178 0.035839
13 0.176933 0.583479 0.043250 0.037587
55 0.282438 0.540210 0.030144 0.034965
6 0.322412 0.411713 0.027523 0.034965
11 0.532765 0.417395 0.024902 0.035839
52 0.111730 0.447990 0.049148 0.035839
37 0.487221 0.503497 0.025557 0.034965
15 0.319790 0.541958 0.030144 0.034965
48 0.497379 0.417395 0.026212 0.034091
24 0.305374 0.497815 0.027523 0.035839
54 0.514417 0.460664 0.024902 0.034965
4 0.251638 0.407343 0.026212 0.034965
33 0.393185 0.544580 0.028834 0.034965
53 0.373526 0.455857 0.026212 0.034091
16 0.245413 0.539336 0.030799 0.034965
25 0.342398 0.498252 0.026868 0.034965
12 0.524246 0.504371 0.026212 0.036713
14 0.461992 0.592657 0.039318 0.036713
47 0.318807 0.593969 0.236566 0.044580
9 0.427261 0.414773 0.026212 0.035839
22 0.596330 0.486451 0.044561 0.081294
46 0.573722 0.549388 0.092398 0.034091
8 0.392202 0.413462 0.026868 0.036713
28 0.379096 0.500000 0.026868 0.034965
58 0.170708 0.536713 0.032110 0.034965
44 0.090760 0.534965 0.043906 0.034965
40 0.468545 0.546766 0.026212 0.034091
43 0.195937 0.493881 0.028834 0.034965
5 0.287025 0.409528 0.026212 0.035839
45 0.109436 0.491696 0.058978 0.035839
10 0.159567 0.492133 0.030799 0.034965
57 0.208716 0.538024 0.030799 0.034091
34 0.504915 0.548514 0.025557 0.034091
32 0.132372 0.534965 0.032765 0.034965
20 0.585518 0.419580 0.060944 0.036713
0 0.462975 0.415647 0.026868 0.035839
21 0.229358 0.451049 0.027523 0.034965
59 0.337156 0.454983 0.026868 0.034091
38 0.480013 0.459790 0.025557 0.033217
26 0.560944 0.505682 0.026212 0.035839
42 0.265400 0.452360 0.027523 0.034091
39 0.550131 0.461976 0.025557 0.035839
27 0.408257 0.456731 0.026212 0.034091
23 0.269004 0.496066 0.028178 0.035839
36 0.444299 0.458042 0.026212 0.033217
51 0.301114 0.453234 0.026868 0.034091
31 0.451180 0.502185 0.025557 0.035839
35 0.356815 0.542832 0.028178 0.034965
29 0.414810 0.502185 0.026212 0.035839
1 0.144823 0.403846 0.028834 0.034965
30 0.490170 0.488636 0.870249 0.333916
18 0.431193 0.545017 0.026212 0.034091
49 0.080931 0.581731 0.046527 0.039336
50 0.603866 0.598339 0.039974 0.039336
41 0.157602 0.447990 0.029489 0.034091
7 0.356815 0.412150 0.025557 0.037587
3 0.215924 0.406906 0.028178 0.035839
17 0.109764 0.402535 0.026868 0.035839
56 0.193316 0.449301 0.027523 0.034965
