37 0.649671 0.595714 0.039474 0.077143
40 0.632401 0.692857 0.037829 0.074286
16 0.331003 0.725714 0.041941 0.080000
39 0.730263 0.492143 0.036184 0.078571
36 0.586349 0.503571 0.037829 0.075714
52 0.104441 0.549286 0.077303 0.087143
21 0.281661 0.530714 0.040296 0.081429
54 0.683388 0.495714 0.036184 0.077143
3 0.252878 0.432857 0.041941 0.085714
44 0.105674 0.755000 0.063322 0.087143
55 0.382812 0.719286 0.040296 0.078571
1 0.145970 0.440000 0.040296 0.082857
20 0.775905 0.391429 0.081414 0.080000
13 0.247944 0.848571 0.058388 0.111429
50 0.808799 0.771429 0.050164 0.080000
22 0.789885 0.534286 0.064967 0.177143
26 0.746711 0.585714 0.037829 0.077143
30 0.514391 0.592857 0.972862 0.782857
48 0.656661 0.401429 0.037007 0.077143
38 0.635691 0.499286 0.036184 0.075714
12 0.697780 0.590000 0.037007 0.077143
43 0.243832 0.636429 0.043586 0.081429
9 0.559211 0.410000 0.037829 0.080000
42 0.334704 0.525000 0.039474 0.078571
14 0.632401 0.800000 0.050987 0.100000
23 0.350329 0.624286 0.039474 0.077143
49 0.108553 0.861429 0.072368 0.102857
28 0.502056 0.609286 0.038651 0.078571
34 0.680510 0.687143 0.038651 0.074286
45 0.117188 0.650000 0.086349 0.085714
32 0.170230 0.745714 0.044408 0.088571
31 0.601151 0.598571 0.037829 0.077143
51 0.385691 0.520000 0.037829 0.077143
29 0.552632 0.604286 0.039474 0.077143
11 0.705181 0.396429 0.035362 0.075714
5 0.357730 0.423571 0.039474 0.081429
25 0.452303 0.614286 0.039474 0.080000
56 0.229030 0.535000 0.040296 0.081429
2 0.199836 0.437143 0.041118 0.082857
10 0.191612 0.641429 0.042763 0.085714
24 0.400493 0.620000 0.042763 0.080000
8 0.510280 0.412857 0.038651 0.080000
4 0.306332 0.426429 0.038651 0.081429
59 0.437089 0.516429 0.038651 0.078571
46 0.770148 0.680714 0.120888 0.081429
53 0.487253 0.512143 0.038651 0.078571
7 0.459704 0.416429 0.037829 0.081429
47 0.442023 0.825714 0.314967 0.131429
27 0.537418 0.507143 0.037007 0.074286
41 0.174342 0.542143 0.042763 0.084286
15 0.433388 0.714286 0.041118 0.080000
6 0.409128 0.419286 0.038651 0.081429
33 0.534128 0.704286 0.040296 0.080000
57 0.278372 0.732143 0.040296 0.081429
17 0.091283 0.445714 0.041118 0.082857
18 0.583470 0.697143 0.038651 0.077143
19 0.298109 0.630000 0.041941 0.080000
35 0.483964 0.708571 0.038651 0.077143
58 0.225329 0.737143 0.041118 0.080000
0 0.608553 0.405000 0.037829 0.078571
