51 0.307661 0.479754 0.045968 0.079225
49 0.112903 0.907570 0.066129 0.086268
29 0.470565 0.455106 0.044355 0.068662
12 0.596774 0.361796 0.046774 0.072183
25 0.383065 0.519366 0.045161 0.070423
45 0.084677 0.726232 0.085484 0.110915
22 0.665323 0.269366 0.083871 0.144366
52 0.060887 0.647887 0.071774 0.102113
21 0.216935 0.540493 0.048387 0.084507
6 0.309274 0.378521 0.042742 0.084507
55 0.337097 0.643486 0.048387 0.068662
1 0.080645 0.538732 0.046774 0.080986
57 0.244355 0.711268 0.048387 0.070423
24 0.338306 0.548415 0.047581 0.075704
33 0.471774 0.544014 0.048387 0.073944
42 0.262903 0.509683 0.046774 0.082746
36 0.481855 0.354754 0.045968 0.075704
30 0.500806 0.501761 1.000000 1.000000
53 0.395565 0.416373 0.045968 0.079225
34 0.598790 0.448063 0.044355 0.065141
58 0.195968 0.745599 0.048387 0.075704
41 0.122984 0.606514 0.050806 0.082746
32 0.147581 0.780810 0.048387 0.079225
3 0.175000 0.473592 0.045161 0.084507
2 0.127823 0.505282 0.045968 0.080986
40 0.556452 0.477993 0.045161 0.068662
5 0.265726 0.411972 0.042742 0.080986
46 0.673790 0.391725 0.118548 0.114437
14 0.574194 0.558979 0.061290 0.075704
37 0.554839 0.393486 0.045161 0.072183
56 0.169758 0.573063 0.045968 0.079225
50 0.730242 0.439261 0.060484 0.075704
54 0.564516 0.295775 0.045161 0.077465
19 0.247984 0.616197 0.047581 0.073944
59 0.351210 0.446303 0.044355 0.079225
43 0.200806 0.649648 0.046774 0.073944
27 0.439113 0.384683 0.045968 0.079225
26 0.635887 0.332746 0.045968 0.066901
20 0.622177 0.164613 0.083065 0.096831
8 0.398387 0.318662 0.040323 0.091549
31 0.513710 0.420775 0.045161 0.073944
38 0.523387 0.324824 0.045161 0.075704
15 0.381048 0.607394 0.054032 0.073944
11 0.562097 0.203345 0.040323 0.072183
47 0.407661 0.688380 0.291129 0.271127
28 0.427016 0.485915 0.044355 0.073944
13 0.234677 0.812500 0.061290 0.089789
23 0.293145 0.580986 0.045968 0.077465
39 0.604435 0.265845 0.044355 0.073944
35 0.427016 0.574824 0.049194 0.075704
9 0.440726 0.289613 0.041129 0.086268
44 0.092339 0.818662 0.060484 0.091549
48 0.522581 0.234155 0.041935 0.077465
0 0.482258 0.263204 0.043548 0.075704
16 0.290726 0.676937 0.049194 0.068662
4 0.220161 0.443662 0.041935 0.080986
17 0.031048 0.568662 0.044355 0.080986
7 0.354032 0.346831 0.040323 0.091549
18 0.514516 0.509683 0.045161 0.072183
10 0.152823 0.681338 0.045968 0.077465
