40 0.719147 0.650210 0.060799 0.132353
28 0.554446 0.503151 0.059891 0.132353
54 0.801270 0.355042 0.059891 0.138655
8 0.572142 0.207983 0.060799 0.134454
12 0.816697 0.501050 0.059891 0.132353
48 0.768149 0.205882 0.058984 0.134454
0 0.702813 0.206933 0.060799 0.136555
47 0.454174 0.810924 0.316697 0.159664
32 0.728675 0.811975 0.061706 0.157563
11 0.833485 0.203782 0.058984 0.134454
37 0.751815 0.502101 0.060799 0.134454
38 0.735481 0.353992 0.060799 0.136555
15 0.455082 0.651261 0.060799 0.134454
1 0.110254 0.205882 0.058984 0.134454
16 0.324410 0.650210 0.060799 0.132353
6 0.439201 0.205882 0.059891 0.134454
52 0.061252 0.351891 0.093466 0.136555
31 0.686479 0.503151 0.058984 0.136555
45 0.069419 0.501050 0.109800 0.136555
20 0.916515 0.203782 0.094374 0.134454
53 0.538566 0.356092 0.060799 0.136555
18 0.652450 0.650210 0.059891 0.132353
10 0.160163 0.501050 0.060799 0.132353
39 0.866606 0.352941 0.059891 0.134454
49 0.046279 0.806723 0.061706 0.159664
29 0.620690 0.503151 0.059891 0.136555
55 0.390653 0.651261 0.060799 0.134454
36 0.670145 0.353992 0.060799 0.136555
19 0.290835 0.503151 0.060799 0.136555
21 0.275408 0.356092 0.058984 0.136555
34 0.784483 0.650210 0.060799 0.132353
42 0.341198 0.355042 0.059891 0.134454
33 0.588022 0.652311 0.061706 0.136555
30 0.493194 0.469538 0.984574 0.934874
5 0.372958 0.205882 0.059891 0.134454
41 0.143376 0.353992 0.061706 0.136555
14 0.653811 0.808824 0.077132 0.159664
22 0.907441 0.498950 0.110708 0.136555
57 0.259074 0.651261 0.060799 0.134454
13 0.251361 0.808824 0.078040 0.159664
3 0.241833 0.205882 0.060799 0.134454
46 0.891561 0.648109 0.142468 0.136555
58 0.193285 0.649160 0.059891 0.134454
35 0.521325 0.651261 0.060799 0.134454
56 0.208711 0.353992 0.059891 0.136555
44 0.087114 0.647059 0.143376 0.138655
4 0.307623 0.205882 0.058076 0.134454
9 0.637931 0.207983 0.059891 0.134454
23 0.357078 0.503151 0.058984 0.132353
24 0.421960 0.503151 0.059891 0.132353
17 0.044011 0.203782 0.058984 0.134454
7 0.505898 0.207983 0.058984 0.134454
2 0.176951 0.205882 0.059891 0.134454
43 0.225499 0.503151 0.060799 0.136555
26 0.932849 0.352941 0.059891 0.134454
51 0.406534 0.355042 0.058076 0.134454
59 0.472777 0.356092 0.059891 0.136555
25 0.488657 0.503151 0.058984 0.132353
27 0.604356 0.355042 0.059891 0.134454
