40 0.700615 0.677620 0.051499 0.111901
28 0.561107 0.553286 0.050730 0.111901
54 0.770177 0.428064 0.050730 0.117229
8 0.576095 0.303730 0.051499 0.113677
12 0.783244 0.551510 0.050730 0.111901
48 0.742121 0.301954 0.049962 0.113677
0 0.686779 0.302842 0.051499 0.115453
47 0.476172 0.813499 0.268255 0.134991
32 0.708686 0.814387 0.052267 0.133215
11 0.797463 0.300178 0.049962 0.113677
37 0.728286 0.552398 0.051499 0.113677
38 0.714450 0.427176 0.051499 0.115453
15 0.476941 0.678508 0.051499 0.113677
1 0.184858 0.301954 0.049962 0.113677
16 0.366257 0.677620 0.051499 0.111901
6 0.463490 0.301954 0.050730 0.113677
52 0.143351 0.425400 0.079170 0.115453
31 0.672944 0.553286 0.049962 0.115453
45 0.150269 0.551510 0.093005 0.115453
20 0.867794 0.300178 0.079939 0.113677
53 0.547656 0.428952 0.051499 0.115453
18 0.644120 0.677620 0.050730 0.111901
10 0.227133 0.551510 0.051499 0.111901
39 0.825519 0.426288 0.050730 0.113677
49 0.130669 0.809947 0.052267 0.134991
29 0.617218 0.553286 0.050730 0.115453
55 0.422367 0.678508 0.051499 0.113677
36 0.659108 0.427176 0.051499 0.115453
19 0.337817 0.553286 0.051499 0.115453
21 0.324750 0.428952 0.049962 0.115453
34 0.755957 0.677620 0.051499 0.111901
42 0.380477 0.428064 0.050730 0.113677
33 0.589547 0.679396 0.052267 0.115453
30 0.506149 0.507993 0.840123 0.824156
5 0.407379 0.301954 0.050730 0.113677
41 0.212913 0.427176 0.052267 0.115453
14 0.645273 0.811723 0.065334 0.134991
22 0.860108 0.549734 0.093774 0.115453
57 0.310915 0.678508 0.051499 0.113677
13 0.304381 0.811723 0.066103 0.134991
3 0.296311 0.301954 0.051499 0.113677
46 0.846656 0.675844 0.120676 0.115453
58 0.255188 0.676732 0.050730 0.113677
35 0.533051 0.678508 0.051499 0.113677
56 0.268255 0.427176 0.050730 0.115453
44 0.165257 0.674956 0.121445 0.117229
4 0.352037 0.301954 0.049193 0.113677
9 0.631822 0.303730 0.050730 0.113677
23 0.393928 0.553286 0.049962 0.111901
24 0.448885 0.553286 0.050730 0.111901
17 0.128747 0.300178 0.049962 0.113677
7 0.519985 0.303730 0.049962 0.113677
2 0.241353 0.301954 0.050730 0.113677
43 0.282475 0.553286 0.051499 0.115453
26 0.881630 0.426288 0.050730 0.113677
51 0.435819 0.428064 0.049193 0.113677
59 0.491929 0.428952 0.050730 0.115453
25 0.505380 0.553286 0.049962 0.111901
27 0.603382 0.428064 0.050730 0.113677
