21 0.156459 0.501050 0.038976 0.081933
49 0.016704 0.781513 0.031180 0.084034
22 0.648107 0.549370 0.060134 0.174370
47 0.291203 0.786765 0.275056 0.102941
44 0.013920 0.686975 0.025612 0.084034
40 0.481626 0.685924 0.036748 0.081933
12 0.554566 0.594538 0.037862 0.084034
20 0.635857 0.415966 0.082405 0.079832
18 0.434298 0.684874 0.037862 0.084034
37 0.505568 0.594538 0.035635 0.079832
14 0.462695 0.780462 0.050111 0.081933
54 0.543430 0.504202 0.035635 0.079832
24 0.265590 0.593487 0.038976 0.081933
6 0.279510 0.412815 0.040089 0.086134
56 0.107461 0.500000 0.038976 0.084034
38 0.494989 0.504202 0.036748 0.079832
42 0.206013 0.502101 0.037862 0.079832
43 0.118040 0.593487 0.040089 0.086134
23 0.217149 0.593487 0.037862 0.081933
29 0.410913 0.593487 0.037862 0.081933
51 0.254454 0.501050 0.036748 0.077731
2 0.084076 0.409664 0.036748 0.079832
58 0.090200 0.685924 0.040089 0.081933
41 0.057906 0.502101 0.040089 0.084034
4 0.183185 0.410714 0.038976 0.081933
16 0.189866 0.684874 0.041203 0.084034
46 0.619154 0.688025 0.120267 0.081933
33 0.384187 0.684874 0.040089 0.084034
19 0.167595 0.592437 0.038976 0.084034
48 0.518931 0.414916 0.035635 0.081933
27 0.399777 0.502101 0.035635 0.079832
11 0.565702 0.414916 0.035635 0.077731
5 0.232183 0.411765 0.038976 0.084034
53 0.351336 0.504202 0.036748 0.079832
9 0.423719 0.414916 0.038976 0.081933
45 0.020601 0.594538 0.038976 0.084034
15 0.287862 0.685924 0.041203 0.081933
57 0.139755 0.684874 0.038976 0.084034
28 0.362472 0.593487 0.036748 0.081933
39 0.587416 0.504202 0.034521 0.079832
8 0.374722 0.413866 0.038976 0.084034
32 0.040646 0.684874 0.041203 0.084034
3 0.131960 0.409664 0.038976 0.084034
26 0.601893 0.594538 0.036748 0.079832
7 0.327394 0.413866 0.037862 0.084034
10 0.069042 0.593487 0.040089 0.086134
55 0.238864 0.684874 0.038976 0.084034
25 0.314588 0.594538 0.036748 0.079832
31 0.458797 0.592437 0.035635 0.079832
30 0.501114 0.555672 1.000000 0.649160
17 0.010022 0.411765 0.017817 0.079832
34 0.530067 0.684874 0.035635 0.084034
0 0.470490 0.414916 0.036748 0.081933
52 0.016704 0.503151 0.031180 0.081933
59 0.304009 0.502101 0.037862 0.079832
36 0.448218 0.503151 0.036748 0.077731
50 0.650891 0.783613 0.063474 0.092437
35 0.336860 0.685924 0.041203 0.081933
1 0.035078 0.408613 0.038976 0.086134
13 0.116927 0.780462 0.051225 0.086134
