21 0.194824 0.550551 0.034180 0.071691
49 0.046387 0.795956 0.055664 0.073529
22 0.625977 0.592831 0.052734 0.152574
47 0.312988 0.800551 0.241211 0.090074
44 0.043457 0.713235 0.045898 0.073529
40 0.479980 0.712316 0.032227 0.071691
12 0.543945 0.632353 0.033203 0.073529
20 0.615234 0.476103 0.072266 0.069853
18 0.438477 0.711397 0.033203 0.073529
37 0.500977 0.632353 0.031250 0.069853
14 0.463379 0.795037 0.043945 0.071691
54 0.534180 0.553309 0.031250 0.069853
24 0.290527 0.631434 0.034180 0.071691
6 0.302734 0.473346 0.035156 0.075368
56 0.151855 0.549632 0.034180 0.073529
38 0.491699 0.553309 0.032227 0.069853
42 0.238281 0.551471 0.033203 0.069853
43 0.161133 0.631434 0.035156 0.075368
23 0.248047 0.631434 0.033203 0.071691
29 0.417969 0.631434 0.033203 0.071691
51 0.280762 0.550551 0.032227 0.068015
2 0.131348 0.470588 0.032227 0.069853
58 0.136719 0.712316 0.035156 0.071691
41 0.108398 0.551471 0.035156 0.073529
4 0.218262 0.471507 0.034180 0.071691
16 0.224121 0.711397 0.036133 0.073529
46 0.600586 0.714154 0.105469 0.071691
33 0.394531 0.711397 0.035156 0.073529
19 0.204590 0.630515 0.034180 0.073529
48 0.512695 0.475184 0.031250 0.071691
27 0.408203 0.551471 0.031250 0.069853
11 0.553711 0.475184 0.031250 0.068015
5 0.261230 0.472426 0.034180 0.073529
53 0.365723 0.553309 0.032227 0.069853
9 0.429199 0.475184 0.034180 0.071691
45 0.059082 0.632353 0.067383 0.073529
15 0.310059 0.712316 0.036133 0.071691
57 0.180176 0.711397 0.034180 0.073529
28 0.375488 0.631434 0.032227 0.071691
39 0.572754 0.553309 0.030273 0.069853
8 0.386230 0.474265 0.034180 0.073529
32 0.093262 0.711397 0.036133 0.073529
3 0.173340 0.470588 0.034180 0.073529
26 0.585449 0.632353 0.032227 0.069853
7 0.344727 0.474265 0.033203 0.073529
10 0.118164 0.631434 0.035156 0.075368
55 0.267090 0.711397 0.034180 0.073529
25 0.333496 0.632353 0.032227 0.069853
31 0.459961 0.630515 0.031250 0.069853
30 0.500000 0.598346 0.972656 0.568015
17 0.045898 0.472426 0.031250 0.069853
34 0.522461 0.711397 0.031250 0.073529
0 0.470215 0.475184 0.032227 0.071691
52 0.055176 0.552390 0.055664 0.071691
59 0.324219 0.551471 0.033203 0.069853
36 0.450684 0.552390 0.032227 0.068015
50 0.628418 0.797794 0.055664 0.080882
35 0.353027 0.712316 0.036133 0.071691
1 0.088379 0.469669 0.034180 0.075368
13 0.160156 0.795037 0.044922 0.075368
