41 0.100649 0.239916 0.036797 0.044538
29 0.428932 0.294538 0.035354 0.044538
3 0.168470 0.186555 0.036797 0.043697
15 0.315657 0.347899 0.035354 0.043697
13 0.169192 0.401681 0.036797 0.043697
47 0.305916 0.403361 0.216450 0.047059
25 0.337662 0.294538 0.034632 0.042857
11 0.576479 0.186134 0.034632 0.042857
34 0.541847 0.347899 0.036075 0.043697
23 0.247114 0.293277 0.033911 0.042017
30 0.474387 0.271008 0.947330 0.410924
39 0.597763 0.239916 0.035354 0.044538
17 0.032468 0.186134 0.034632 0.044538
55 0.270563 0.347479 0.034632 0.044538
46 0.604978 0.348319 0.068543 0.044538
42 0.236652 0.239916 0.034632 0.044538
44 0.037518 0.347899 0.047619 0.043697
9 0.440837 0.187815 0.037518 0.044538
48 0.530664 0.187395 0.035354 0.043697
0 0.485931 0.187395 0.035354 0.043697
7 0.350649 0.186975 0.034632 0.044538
58 0.134560 0.347059 0.035354 0.043697
12 0.563853 0.293697 0.033911 0.044538
52 0.042929 0.239496 0.058442 0.045378
28 0.383117 0.294118 0.034632 0.043697
36 0.462482 0.240336 0.036075 0.043697
2 0.123377 0.186555 0.036075 0.043697
32 0.089466 0.347899 0.036075 0.045378
8 0.395022 0.188235 0.035354 0.045378
6 0.304834 0.186555 0.035354 0.043697
27 0.417749 0.241176 0.034632 0.042017
59 0.327561 0.239916 0.034632 0.044538
26 0.608947 0.294118 0.034632 0.043697
38 0.507576 0.240756 0.035354 0.044538
16 0.225469 0.347059 0.035354 0.043697
57 0.180736 0.347059 0.035354 0.043697
53 0.372294 0.240336 0.034632 0.043697
45 0.048701 0.292857 0.069986 0.044538
14 0.440837 0.402521 0.037518 0.043697
24 0.292208 0.293277 0.034632 0.043697
37 0.518038 0.294118 0.034632 0.043697
43 0.156205 0.293697 0.035354 0.044538
22 0.654401 0.267647 0.057720 0.100000
50 0.532828 0.402101 0.036797 0.044538
54 0.553030 0.240756 0.035354 0.044538
35 0.361833 0.347059 0.035354 0.043697
5 0.259740 0.186555 0.036075 0.043697
1 0.078283 0.186975 0.035354 0.044538
51 0.281746 0.239496 0.033911 0.043697
10 0.110750 0.293697 0.035354 0.044538
33 0.406926 0.348319 0.036075 0.044538
18 0.451299 0.348739 0.035354 0.043697
40 0.496392 0.347899 0.036075 0.043697
21 0.191558 0.239916 0.035354 0.044538
19 0.201299 0.293277 0.034632 0.043697
49 0.032107 0.402101 0.036797 0.044538
56 0.145022 0.239496 0.034632 0.045378
31 0.473665 0.294538 0.033911 0.042857
20 0.643939 0.186555 0.078644 0.043697
4 0.213564 0.186555 0.034632 0.043697
