28 0.494688 0.545757 0.053125 0.123128
10 0.156250 0.552413 0.055000 0.126456
7 0.453437 0.299501 0.053125 0.123128
14 0.490625 0.807820 0.040000 0.134775
21 0.258125 0.425957 0.056250 0.126456
27 0.536250 0.418469 0.052500 0.121464
55 0.354687 0.674709 0.055625 0.128120
44 0.073125 0.682196 0.071250 0.123128
15 0.411250 0.675541 0.055000 0.126456
31 0.607500 0.544093 0.053750 0.126456
3 0.231250 0.301997 0.055000 0.121464
1 0.118750 0.304493 0.055000 0.119800
2 0.175937 0.303661 0.054375 0.121464
30 0.501563 0.504160 0.949375 0.798669
46 0.747500 0.678869 0.041250 0.129784
20 0.734375 0.288686 0.055000 0.124792
59 0.425625 0.423461 0.053750 0.121464
23 0.326250 0.549085 0.052500 0.123128
36 0.591562 0.419301 0.055625 0.123128
22 0.723437 0.541597 0.083125 0.128120
13 0.231250 0.807820 0.041250 0.128120
34 0.659375 0.672213 0.041250 0.129784
12 0.617812 0.811980 0.040625 0.123128
39 0.742500 0.416805 0.041250 0.128120
43 0.213125 0.551581 0.056250 0.124792
16 0.297812 0.675541 0.056875 0.129784
0 0.620000 0.294509 0.053750 0.123128
24 0.382500 0.548253 0.055000 0.124792
35 0.466875 0.673045 0.055000 0.128120
6 0.398438 0.300333 0.053125 0.121464
49 0.143750 0.808652 0.042500 0.129784
53 0.480625 0.421797 0.053750 0.124792
33 0.523125 0.671381 0.055000 0.131448
40 0.615625 0.670549 0.038750 0.123128
17 0.068437 0.305324 0.041875 0.118136
45 0.084687 0.555740 0.085625 0.126456
18 0.573125 0.670549 0.040000 0.126456
47 0.361250 0.806156 0.211250 0.131448
51 0.369688 0.422629 0.053125 0.119800
5 0.341875 0.300333 0.053750 0.121464
25 0.439063 0.546589 0.053125 0.124792
8 0.508125 0.297837 0.052500 0.123128
52 0.080625 0.427621 0.072500 0.123128
26 0.676562 0.292013 0.054375 0.124792
19 0.270000 0.549917 0.055000 0.124792
56 0.200937 0.425125 0.054375 0.128120
38 0.649062 0.415973 0.055625 0.126456
29 0.550312 0.544925 0.054375 0.128120
4 0.287187 0.301165 0.053125 0.123128
48 0.531250 0.807820 0.040000 0.138103
9 0.564063 0.297005 0.054375 0.124792
57 0.240937 0.676373 0.054375 0.128120
42 0.314063 0.425957 0.055625 0.123128
41 0.145000 0.427621 0.057500 0.126456
11 0.575000 0.805324 0.040000 0.133111
54 0.699063 0.414309 0.040625 0.126456
58 0.183750 0.678037 0.055000 0.128120
37 0.658125 0.544093 0.041250 0.126456
