25 0.351562 0.520111 0.028125 0.066574
40 0.470625 0.596394 0.027500 0.066574
24 0.317188 0.518724 0.029375 0.066574
12 0.521563 0.523578 0.028125 0.067961
1 0.154688 0.367545 0.028125 0.066574
30 0.490938 0.486130 0.798125 0.589459
31 0.454062 0.521498 0.028125 0.066574
59 0.344062 0.443828 0.028125 0.066574
41 0.171250 0.445908 0.030000 0.067961
6 0.327813 0.369626 0.028125 0.067961
55 0.299063 0.595007 0.029375 0.069348
4 0.258125 0.367545 0.027500 0.066574
13 0.212500 0.675451 0.037500 0.074896
54 0.513750 0.447989 0.027500 0.063800
36 0.446875 0.446602 0.030000 0.063800
19 0.248750 0.521498 0.030000 0.069348
45 0.131875 0.520804 0.058750 0.070735
46 0.569375 0.599168 0.087500 0.066574
15 0.333125 0.595007 0.030000 0.069348
28 0.386562 0.522191 0.028125 0.067961
52 0.127812 0.443828 0.049375 0.066574
21 0.241563 0.444521 0.029375 0.067961
39 0.546562 0.448682 0.028125 0.065187
34 0.505000 0.597087 0.027500 0.065187
11 0.530937 0.373093 0.026875 0.063800
18 0.435937 0.595007 0.028125 0.066574
58 0.193125 0.596394 0.027500 0.069348
37 0.488125 0.522191 0.028750 0.065187
53 0.378125 0.444521 0.027500 0.065187
57 0.229375 0.596394 0.031250 0.069348
3 0.223125 0.368239 0.027500 0.070735
51 0.309688 0.443135 0.028125 0.065187
47 0.335313 0.679612 0.194375 0.091540
2 0.188750 0.368239 0.026250 0.070735
10 0.180312 0.520111 0.030625 0.069348
8 0.394062 0.372399 0.028125 0.067961
32 0.159688 0.595700 0.033125 0.067961
50 0.590000 0.679612 0.047500 0.077670
48 0.496563 0.373093 0.028125 0.066574
16 0.264688 0.597087 0.031875 0.070735
44 0.117813 0.597781 0.039375 0.063800
14 0.456562 0.676144 0.039375 0.076283
0 0.463125 0.373093 0.028750 0.066574
7 0.360938 0.370319 0.026875 0.069348
38 0.480312 0.446602 0.028125 0.063800
27 0.412187 0.444521 0.028125 0.062413
33 0.401562 0.597087 0.030625 0.070735
26 0.555625 0.522885 0.028750 0.066574
23 0.282500 0.519417 0.026250 0.067961
35 0.367812 0.596394 0.030625 0.069348
29 0.419687 0.520804 0.029375 0.067961
43 0.213750 0.520804 0.031250 0.070735
56 0.207500 0.445908 0.031250 0.070735
17 0.120000 0.366158 0.028750 0.063800
5 0.293125 0.369626 0.027500 0.070735
20 0.581875 0.375173 0.061250 0.067961
9 0.428438 0.371012 0.028125 0.067961
22 0.589688 0.488211 0.045625 0.147018
49 0.120000 0.676144 0.046250 0.073509
42 0.276250 0.443828 0.028750 0.066574
