25 0.295312 0.598845 0.024375 0.060334
46 0.508125 0.668164 0.085000 0.065469
36 0.387188 0.526316 0.025625 0.059050
53 0.322188 0.528241 0.025625 0.060334
7 0.306250 0.460205 0.025000 0.062901
26 0.494375 0.594994 0.025000 0.062901
19 0.196563 0.600128 0.025625 0.062901
20 0.518125 0.455071 0.057500 0.060334
2 0.145000 0.464056 0.025000 0.060334
39 0.485625 0.524390 0.026250 0.062901
13 0.159688 0.747112 0.034375 0.066752
55 0.242500 0.670090 0.026250 0.061617
27 0.354687 0.526958 0.024375 0.057766
41 0.125625 0.532734 0.027500 0.059050
21 0.190938 0.531451 0.025625 0.059050
16 0.210313 0.670732 0.026875 0.060334
29 0.361250 0.597561 0.025000 0.062901
30 0.439688 0.573171 0.785625 0.517330
3 0.177813 0.462773 0.025625 0.062901
5 0.242500 0.461489 0.026250 0.062901
15 0.276250 0.670732 0.026250 0.062901
59 0.289375 0.528883 0.023750 0.059050
49 0.072188 0.747754 0.040625 0.065469
4 0.210313 0.462131 0.024375 0.061617
31 0.394375 0.596277 0.025000 0.062901
32 0.109063 0.673299 0.026875 0.062901
34 0.443437 0.668164 0.025625 0.065469
52 0.086875 0.534018 0.041250 0.059050
57 0.176250 0.672015 0.026250 0.060334
40 0.410938 0.669448 0.024375 0.062901
42 0.224375 0.531451 0.025000 0.059050
17 0.081875 0.466624 0.022500 0.057766
12 0.461250 0.596277 0.026250 0.062901
47 0.277813 0.751605 0.188125 0.086008
24 0.261875 0.599487 0.025000 0.061617
6 0.274687 0.460205 0.025625 0.062901
14 0.396250 0.744544 0.035000 0.069320
51 0.256563 0.529525 0.024375 0.057766
50 0.529687 0.744544 0.045625 0.071887
8 0.338750 0.460205 0.026250 0.062901
28 0.328437 0.598845 0.024375 0.062901
11 0.470000 0.454429 0.025000 0.059050
1 0.113750 0.464056 0.023750 0.060334
35 0.309688 0.670732 0.025625 0.062901
43 0.162812 0.601412 0.025625 0.060334
54 0.453437 0.525674 0.024375 0.060334
9 0.371250 0.458280 0.026250 0.061617
44 0.071875 0.674583 0.035000 0.062901
22 0.527813 0.560334 0.043125 0.137356
10 0.131250 0.601412 0.027500 0.060334
0 0.404375 0.456354 0.025000 0.062901
38 0.420312 0.525032 0.024375 0.059050
33 0.342500 0.670090 0.026250 0.064185
18 0.376563 0.669448 0.025625 0.062901
58 0.142813 0.672657 0.026875 0.061617
45 0.086563 0.603979 0.050625 0.060334
56 0.158125 0.532092 0.026250 0.060334
37 0.428125 0.596277 0.026250 0.062901
48 0.436250 0.456996 0.026250 0.061617
23 0.229687 0.599487 0.024375 0.061617
