18 0.678378 0.403075 0.073874 0.073529
54 0.706306 0.219251 0.073874 0.066845
3 0.259009 0.475267 0.081982 0.078877
19 0.374324 0.562166 0.083784 0.089572
16 0.428829 0.612299 0.086486 0.090909
53 0.526577 0.356283 0.076577 0.073529
24 0.479279 0.477273 0.082883 0.082888
45 0.181982 0.723262 0.136937 0.133690
10 0.261712 0.651070 0.083784 0.093583
46 0.891892 0.234626 0.072072 0.068182
52 0.133784 0.660428 0.114414 0.117647
34 0.767568 0.332219 0.075676 0.070856
47 0.571622 0.586898 0.258559 0.254011
28 0.579730 0.397727 0.076577 0.076203
57 0.372523 0.657754 0.085586 0.093583
30 0.495946 0.510027 0.979279 0.955882
58 0.315315 0.705882 0.086486 0.096257
25 0.530631 0.437166 0.077477 0.077540
22 0.822523 0.171791 0.138739 0.121658
44 0.227928 0.785428 0.149550 0.159091
27 0.574775 0.319519 0.075676 0.069519
40 0.723423 0.366979 0.073874 0.070856
55 0.482883 0.566845 0.082883 0.085561
17 0.082432 0.606952 0.087387 0.096257
35 0.583784 0.483289 0.079279 0.081551
36 0.618919 0.286096 0.075676 0.069519
42 0.375676 0.471257 0.081081 0.078877
20 0.733784 0.130348 0.069369 0.060160
15 0.533333 0.524064 0.082883 0.085561
14 0.710360 0.470588 0.080180 0.080214
5 0.363964 0.395722 0.081081 0.080214
51 0.427928 0.431150 0.079279 0.076203
8 0.513964 0.286765 0.071171 0.070856
6 0.417117 0.357620 0.079279 0.076203
9 0.560360 0.253342 0.072072 0.065508
38 0.663063 0.251337 0.073874 0.066845
43 0.318018 0.605615 0.088288 0.090909
21 0.322072 0.512701 0.083784 0.084225
0 0.603153 0.219920 0.071171 0.065508
13 0.372523 0.762032 0.087387 0.101604
32 0.809910 0.296791 0.073874 0.072193
31 0.671171 0.324866 0.072072 0.072193
11 0.687838 0.157086 0.069369 0.060160
2 0.202703 0.516711 0.081081 0.086898
49 0.243694 0.876337 0.114414 0.137701
56 0.265315 0.555481 0.081982 0.084225
29 0.627027 0.361631 0.075676 0.073529
4 0.311712 0.433824 0.081081 0.078877
12 0.757207 0.256684 0.071171 0.066845
39 0.747748 0.185829 0.072072 0.064171
37 0.713964 0.291444 0.074775 0.072193
48 0.645946 0.188503 0.070270 0.064171
33 0.631532 0.444519 0.077477 0.078877
59 0.478378 0.394385 0.079279 0.072193
41 0.208108 0.600267 0.088288 0.090909
7 0.467117 0.320856 0.074775 0.072193
23 0.428378 0.518048 0.080180 0.081551
26 0.798198 0.222594 0.072072 0.068182
50 0.804505 0.387032 0.088288 0.086898
1 0.144144 0.559492 0.082883 0.086898
