50 0.499653 0.562908 0.050694 0.086601
6 0.227431 0.230392 0.028472 0.065359
32 0.029167 0.461601 0.033333 0.066993
11 0.439931 0.235294 0.027083 0.068627
29 0.316667 0.390523 0.029167 0.065359
46 0.477083 0.474673 0.094444 0.066993
20 0.492014 0.237745 0.061806 0.070261
1 0.051389 0.225490 0.029167 0.065359
55 0.180208 0.465686 0.032639 0.068627
24 0.205903 0.386438 0.029861 0.066993
45 0.020486 0.382353 0.039583 0.065359
10 0.060417 0.382353 0.031944 0.065359
26 0.464236 0.392157 0.027083 0.065359
41 0.059375 0.303105 0.031250 0.063725
8 0.297569 0.232843 0.028472 0.066993
43 0.095833 0.383987 0.030556 0.065359
59 0.239583 0.308824 0.029167 0.065359
47 0.214931 0.561275 0.214583 0.099673
48 0.404167 0.237745 0.026389 0.063725
19 0.132639 0.383987 0.030556 0.065359
25 0.243056 0.387255 0.029167 0.065359
4 0.156597 0.228758 0.028472 0.065359
22 0.501389 0.355392 0.045833 0.151961
58 0.067361 0.463235 0.033333 0.066993
13 0.080903 0.549020 0.042361 0.081699
40 0.369097 0.472222 0.028472 0.065359
27 0.312500 0.310458 0.027778 0.065359
53 0.276389 0.308824 0.029167 0.065359
2 0.084722 0.225490 0.027778 0.065359
34 0.406250 0.472222 0.029167 0.065359
35 0.255208 0.469771 0.031250 0.066993
31 0.353472 0.390523 0.027778 0.065359
12 0.427431 0.392157 0.027083 0.065359
57 0.104861 0.464052 0.033333 0.065359
37 0.390972 0.392157 0.027778 0.065359
21 0.130903 0.305556 0.029861 0.065359
51 0.203472 0.306373 0.029167 0.063725
54 0.420486 0.314542 0.027083 0.066993
44 0.012153 0.460784 0.022917 0.068627
18 0.330556 0.469771 0.029167 0.066993
52 0.020486 0.303105 0.039583 0.063725
36 0.348611 0.311275 0.027778 0.063725
5 0.191319 0.230392 0.028472 0.062092
9 0.332639 0.232843 0.027778 0.066993
0 0.369097 0.234477 0.028472 0.066993
17 0.016319 0.222222 0.027083 0.071895
7 0.261806 0.232026 0.027778 0.065359
15 0.217361 0.468137 0.031944 0.066993
28 0.279861 0.388889 0.029167 0.065359
30 0.420139 0.384804 0.838889 0.619281
3 0.120833 0.226307 0.029167 0.066993
38 0.384375 0.312908 0.027083 0.063725
16 0.143056 0.464869 0.033333 0.066993
33 0.292014 0.469771 0.031250 0.066993
23 0.169444 0.384804 0.029167 0.066993
39 0.455903 0.314542 0.027083 0.066993
49 0.012153 0.546569 0.022917 0.080065
14 0.350000 0.555556 0.040278 0.081699
42 0.167361 0.305556 0.030556 0.065359
56 0.095139 0.304739 0.030556 0.066993
