50 0.550509 0.678938 0.053052 0.090753
6 0.265625 0.330479 0.029797 0.068493
32 0.058140 0.572774 0.034884 0.070205
11 0.488009 0.335616 0.028343 0.071918
29 0.359012 0.498288 0.030523 0.068493
46 0.526890 0.586473 0.098837 0.070205
20 0.542515 0.338185 0.064680 0.073630
1 0.081395 0.325342 0.030523 0.068493
55 0.216206 0.577055 0.034157 0.071918
24 0.243096 0.494007 0.031250 0.070205
45 0.038154 0.489726 0.063227 0.068493
10 0.090843 0.489726 0.033430 0.068493
26 0.513445 0.500000 0.028343 0.068493
41 0.089753 0.406678 0.032703 0.066781
8 0.339026 0.333048 0.029797 0.070205
43 0.127907 0.491438 0.031977 0.068493
59 0.278343 0.412671 0.030523 0.068493
47 0.252544 0.677226 0.224564 0.104452
48 0.450581 0.338185 0.027616 0.066781
19 0.166424 0.491438 0.031977 0.068493
25 0.281977 0.494863 0.030523 0.068493
4 0.191497 0.328767 0.029797 0.068493
22 0.552326 0.461473 0.047965 0.159247
58 0.098110 0.574486 0.034884 0.070205
13 0.112282 0.664384 0.044331 0.085616
40 0.413881 0.583904 0.029797 0.068493
27 0.354651 0.414384 0.029070 0.068493
53 0.316860 0.412671 0.030523 0.068493
2 0.116279 0.325342 0.029070 0.068493
34 0.452762 0.583904 0.030523 0.068493
35 0.294695 0.581336 0.032703 0.070205
31 0.397529 0.498288 0.029070 0.068493
12 0.474927 0.500000 0.028343 0.068493
57 0.137355 0.575342 0.034884 0.068493
37 0.436773 0.500000 0.029070 0.068493
21 0.164608 0.409247 0.031250 0.068493
51 0.240552 0.410103 0.030523 0.066781
54 0.467660 0.418664 0.028343 0.070205
44 0.018895 0.571918 0.036337 0.071918
18 0.373547 0.581336 0.030523 0.070205
52 0.043605 0.406678 0.052326 0.066781
36 0.392442 0.415240 0.029070 0.066781
5 0.227834 0.330479 0.029797 0.065068
9 0.375727 0.333048 0.029070 0.070205
0 0.413881 0.334760 0.029797 0.070205
17 0.044695 0.321918 0.028343 0.075342
7 0.301599 0.332192 0.029070 0.068493
15 0.255087 0.579623 0.033430 0.070205
28 0.320494 0.496575 0.030523 0.068493
30 0.453488 0.492295 0.905523 0.648973
3 0.154070 0.326199 0.030523 0.070205
38 0.429869 0.416952 0.028343 0.066781
16 0.177326 0.576199 0.034884 0.070205
33 0.333212 0.581336 0.032703 0.070205
23 0.204942 0.492295 0.030523 0.070205
39 0.504724 0.418664 0.028343 0.070205
49 0.017442 0.661815 0.033430 0.083904
14 0.393895 0.671233 0.042151 0.085616
42 0.202762 0.409247 0.031977 0.068493
56 0.127180 0.408390 0.031977 0.070205
