36 0.453166 0.406158 0.030343 0.073314
15 0.321570 0.595308 0.032322 0.079179
3 0.187005 0.337243 0.032322 0.085044
34 0.525066 0.576979 0.031662 0.074780
17 0.064314 0.346774 0.029683 0.074780
54 0.532982 0.400293 0.029024 0.073314
44 0.063325 0.617302 0.040897 0.079179
13 0.178430 0.698680 0.042876 0.083578
41 0.123021 0.431085 0.036280 0.082111
4 0.229222 0.332845 0.031003 0.082111
5 0.271108 0.329179 0.032982 0.080645
21 0.208113 0.424487 0.031003 0.077713
20 0.609828 0.306452 0.070580 0.079179
52 0.073549 0.436217 0.052111 0.083578
40 0.486148 0.580645 0.030343 0.076246
18 0.444591 0.584311 0.030343 0.077713
12 0.544855 0.486804 0.030343 0.076246
16 0.238127 0.600440 0.032982 0.077713
51 0.291227 0.417155 0.029683 0.074780
47 0.324538 0.694282 0.234828 0.109971
6 0.312005 0.326979 0.031662 0.079179
37 0.504288 0.490469 0.031003 0.074780
42 0.250330 0.419355 0.031003 0.076246
39 0.572559 0.398094 0.030343 0.074780
32 0.110818 0.612903 0.031662 0.079179
58 0.152704 0.609238 0.031003 0.083578
1 0.101253 0.341642 0.032322 0.079179
50 0.629288 0.662757 0.052770 0.082111
46 0.601253 0.573314 0.102243 0.079179
10 0.133245 0.524194 0.030343 0.080645
48 0.510884 0.315249 0.031003 0.076246
28 0.383575 0.500000 0.031003 0.076246
26 0.622361 0.395161 0.050792 0.074780
22 0.609169 0.484604 0.081135 0.077713
33 0.403034 0.588710 0.032982 0.080645
45 0.077836 0.526393 0.064644 0.082111
25 0.342678 0.502199 0.029683 0.074780
56 0.165897 0.428152 0.029683 0.073314
8 0.392810 0.322581 0.032322 0.079179
57 0.195910 0.604839 0.031662 0.080645
23 0.260224 0.510264 0.029683 0.076246
11 0.551781 0.310850 0.029683 0.076246
49 0.065633 0.707478 0.050792 0.080645
53 0.372361 0.412023 0.031003 0.076246
27 0.413259 0.408358 0.029683 0.074780
0 0.471966 0.315982 0.032322 0.080645
7 0.351253 0.324047 0.029683 0.082111
31 0.463720 0.493402 0.029024 0.074780
14 0.471306 0.673021 0.041557 0.082111
35 0.363127 0.591642 0.032322 0.080645
24 0.301121 0.505865 0.031003 0.076246
19 0.218008 0.512463 0.029683 0.077713
30 0.506266 0.469208 0.939974 0.674487
59 0.332454 0.414223 0.030343 0.074780
43 0.176121 0.517595 0.031662 0.082111
29 0.424472 0.495601 0.031003 0.076246
9 0.432718 0.320381 0.031662 0.077713
38 0.492744 0.403226 0.029024 0.076246
55 0.279354 0.596041 0.031003 0.077713
2 0.145778 0.338710 0.030343 0.082111
