23 0.295189 0.529661 0.044213 0.135593
13 0.213264 0.855932 0.059818 0.169492
26 0.748375 0.372881 0.045514 0.144068
37 0.605982 0.531780 0.044213 0.139831
45 0.069571 0.523305 0.084525 0.148305
11 0.669701 0.216102 0.044213 0.135593
22 0.728869 0.529661 0.084525 0.144068
59 0.386866 0.368644 0.045514 0.144068
40 0.579974 0.684322 0.044213 0.139831
42 0.282835 0.372881 0.045514 0.135593
57 0.219766 0.684322 0.046814 0.139831
4 0.257477 0.211864 0.044213 0.144068
36 0.540962 0.370763 0.046814 0.139831
19 0.243823 0.529661 0.045514 0.144068
14 0.528609 0.858051 0.061118 0.165254
18 0.527958 0.684322 0.044213 0.139831
24 0.347204 0.529661 0.044213 0.135593
34 0.630689 0.688559 0.044213 0.139831
50 0.586476 0.858051 0.044213 0.165254
3 0.206112 0.213983 0.045514 0.139831
54 0.644343 0.372881 0.045514 0.144068
56 0.180104 0.364407 0.045514 0.152542
7 0.412224 0.218220 0.044213 0.139831
44 0.083225 0.682203 0.109233 0.144068
47 0.370611 0.858051 0.244473 0.165254
25 0.397919 0.529661 0.044213 0.135593
29 0.502601 0.529661 0.045514 0.144068
41 0.128088 0.368644 0.045514 0.144068
12 0.656697 0.531780 0.044213 0.139831
5 0.308843 0.211864 0.045514 0.144068
51 0.333550 0.370763 0.042913 0.139831
39 0.695059 0.375000 0.045514 0.139831
35 0.424577 0.686441 0.045514 0.144068
6 0.362159 0.216102 0.045514 0.135593
38 0.592978 0.370763 0.044213 0.139831
53 0.438231 0.370763 0.044213 0.139831
58 0.168401 0.684322 0.045514 0.139831
27 0.489597 0.370763 0.042913 0.139831
17 0.050065 0.211864 0.045514 0.135593
10 0.140442 0.525424 0.044213 0.144068
48 0.617035 0.216102 0.045514 0.135593
31 0.553966 0.529661 0.044213 0.135593
0 0.565670 0.218220 0.046814 0.139831
55 0.321847 0.684322 0.045514 0.148305
9 0.514304 0.218220 0.045514 0.139831
21 0.230169 0.370763 0.044213 0.139831
52 0.063069 0.362288 0.071521 0.156780
28 0.451235 0.531780 0.044213 0.139831
20 0.735371 0.216102 0.071521 0.144068
49 0.053966 0.864407 0.048114 0.169492
30 0.499350 0.504237 0.967490 0.974576
1 0.102731 0.213983 0.044213 0.139831
33 0.476593 0.688559 0.045514 0.148305
46 0.716515 0.688559 0.109233 0.148305
16 0.271131 0.686441 0.048114 0.144068
2 0.152796 0.209746 0.045514 0.139831
8 0.462939 0.216102 0.044213 0.135593
43 0.193108 0.527542 0.045514 0.148305
15 0.373212 0.688559 0.046814 0.139831
