23 0.278761 0.528846 0.050147 0.153846
13 0.185841 0.899038 0.067847 0.192308
26 0.792773 0.350962 0.051622 0.163462
37 0.631268 0.531250 0.050147 0.158654
45 0.036136 0.521635 0.069322 0.168269
11 0.703540 0.173077 0.050147 0.153846
22 0.770649 0.528846 0.095870 0.163462
59 0.382743 0.346154 0.051622 0.163462
40 0.601770 0.704327 0.050147 0.158654
42 0.264749 0.350962 0.051622 0.153846
57 0.193215 0.704327 0.053097 0.158654
4 0.235988 0.168269 0.050147 0.163462
36 0.557522 0.348558 0.053097 0.158654
19 0.220501 0.528846 0.051622 0.163462
14 0.543510 0.901442 0.069322 0.187500
18 0.542773 0.704327 0.050147 0.158654
24 0.337758 0.528846 0.050147 0.153846
34 0.659292 0.709135 0.050147 0.158654
50 0.609145 0.901442 0.050147 0.187500
3 0.177729 0.170673 0.051622 0.158654
54 0.674779 0.350962 0.051622 0.163462
56 0.148230 0.341346 0.051622 0.173077
7 0.411504 0.175481 0.050147 0.158654
44 0.050885 0.701923 0.098820 0.163462
47 0.364307 0.901442 0.277286 0.187500
25 0.395280 0.528846 0.050147 0.153846
29 0.514012 0.528846 0.051622 0.163462
41 0.089233 0.346154 0.051622 0.163462
12 0.688791 0.531250 0.050147 0.158654
5 0.294248 0.168269 0.051622 0.163462
51 0.322271 0.348558 0.048673 0.158654
39 0.732301 0.353365 0.051622 0.158654
35 0.425516 0.706731 0.051622 0.163462
6 0.354720 0.173077 0.051622 0.153846
38 0.616519 0.348558 0.050147 0.158654
53 0.441003 0.348558 0.050147 0.158654
58 0.134956 0.704327 0.051622 0.158654
27 0.499263 0.348558 0.048673 0.158654
17 0.014012 0.168269 0.025074 0.153846
10 0.103245 0.524038 0.050147 0.163462
48 0.643805 0.173077 0.051622 0.153846
31 0.572271 0.528846 0.050147 0.153846
0 0.585546 0.175481 0.053097 0.158654
55 0.308997 0.704327 0.051622 0.168269
9 0.527286 0.175481 0.051622 0.158654
21 0.205015 0.348558 0.050147 0.158654
52 0.028761 0.338942 0.054572 0.177885
28 0.455752 0.531250 0.050147 0.158654
20 0.778024 0.173077 0.081121 0.163462
49 0.016962 0.908654 0.030973 0.192308
30 0.501475 0.504808 1.000000 1.000000
1 0.060472 0.170673 0.050147 0.158654
33 0.484513 0.709135 0.051622 0.168269
46 0.756637 0.709135 0.123894 0.168269
16 0.251475 0.706731 0.054572 0.163462
2 0.117257 0.165865 0.051622 0.158654
8 0.469027 0.173077 0.050147 0.153846
43 0.162979 0.526442 0.051622 0.168269
15 0.367257 0.709135 0.053097 0.158654
