42 0.241107 0.467949 0.033597 0.100000
35 0.358696 0.687179 0.033597 0.097436
8 0.389822 0.358974 0.034585 0.097436
59 0.326581 0.466667 0.032609 0.097436
36 0.454051 0.466667 0.032609 0.092308
14 0.469862 0.798718 0.044466 0.100000
50 0.633893 0.797436 0.054348 0.102564
22 0.634387 0.521795 0.053360 0.212821
40 0.485672 0.684615 0.032609 0.097436
19 0.208992 0.578205 0.032609 0.100000
52 0.056818 0.469231 0.056324 0.097436
47 0.320158 0.805128 0.241107 0.123077
12 0.549901 0.575641 0.032609 0.100000
34 0.528162 0.685897 0.032609 0.094872
26 0.590909 0.576923 0.031621 0.097436
57 0.187253 0.688462 0.032609 0.094872
18 0.443676 0.684615 0.033597 0.097436
49 0.054348 0.805128 0.055336 0.097436
48 0.517292 0.360256 0.032609 0.094872
7 0.347826 0.358974 0.033597 0.097436
31 0.464427 0.574359 0.033597 0.097436
25 0.337451 0.575641 0.032609 0.100000
43 0.165020 0.578205 0.033597 0.100000
3 0.174407 0.357692 0.034585 0.100000
30 0.506917 0.514103 0.974308 0.766667
6 0.305830 0.358974 0.034585 0.097436
16 0.230237 0.688462 0.033597 0.100000
1 0.088439 0.357692 0.032609 0.094872
24 0.294466 0.574359 0.033597 0.102564
37 0.506423 0.575641 0.032609 0.094872
10 0.122530 0.576923 0.033597 0.102564
11 0.560277 0.357692 0.033597 0.094872
9 0.433300 0.358974 0.034585 0.097436
56 0.154644 0.465385 0.032609 0.100000
23 0.251976 0.575641 0.031621 0.100000
5 0.262846 0.358974 0.033597 0.097436
4 0.218874 0.356410 0.032609 0.097436
20 0.623518 0.362821 0.075099 0.094872
2 0.131423 0.357692 0.033597 0.100000
46 0.607708 0.687179 0.104743 0.097436
29 0.422925 0.574359 0.033597 0.097436
58 0.143281 0.688462 0.033597 0.100000
39 0.579545 0.467949 0.032609 0.094872
0 0.474802 0.360256 0.034585 0.094872
54 0.539526 0.466667 0.033597 0.097436
15 0.315711 0.685897 0.034585 0.100000
51 0.284091 0.465385 0.032609 0.094872
55 0.273715 0.685897 0.033597 0.100000
21 0.197134 0.467949 0.032609 0.100000
38 0.497036 0.467949 0.031621 0.094872
27 0.412055 0.465385 0.031621 0.094872
13 0.168972 0.803846 0.043478 0.100000
44 0.049407 0.691026 0.045455 0.100000
41 0.110178 0.466667 0.034585 0.097436
45 0.062747 0.578205 0.066206 0.100000
33 0.400198 0.685897 0.033597 0.100000
28 0.379941 0.574359 0.032609 0.097436
17 0.044466 0.357692 0.033597 0.094872
32 0.099802 0.687179 0.035573 0.097436
53 0.369565 0.465385 0.033597 0.094872
