14 0.457667 0.729187 0.044667 0.059745
40 0.474000 0.662096 0.033333 0.056807
44 0.027000 0.665524 0.044667 0.057786
55 0.254000 0.662586 0.033333 0.057786
31 0.452333 0.596474 0.032667 0.056807
52 0.032667 0.533301 0.057333 0.057786
10 0.100000 0.597943 0.033333 0.059745
24 0.275333 0.596474 0.033333 0.058766
18 0.430000 0.662586 0.033333 0.055828
0 0.463000 0.468168 0.034000 0.058766
32 0.077333 0.665034 0.033333 0.056807
49 0.031667 0.733105 0.056667 0.063663
6 0.288000 0.468658 0.033333 0.057786
11 0.552000 0.467679 0.033333 0.055828
50 0.628333 0.731636 0.058000 0.060725
38 0.486000 0.532321 0.033333 0.055828
37 0.496000 0.596964 0.033333 0.057786
3 0.154333 0.470127 0.034000 0.058766
57 0.166333 0.664055 0.032667 0.056807
16 0.210000 0.664055 0.033333 0.056807
46 0.601000 0.664545 0.110000 0.057786
42 0.221667 0.533301 0.032667 0.057786
54 0.530000 0.532321 0.032000 0.055828
45 0.038667 0.598433 0.068000 0.058766
48 0.506667 0.468658 0.033333 0.057786
12 0.540333 0.597453 0.034000 0.058766
15 0.298000 0.663075 0.033333 0.056807
19 0.188000 0.596964 0.033333 0.059745
35 0.342333 0.663075 0.034000 0.056807
1 0.066000 0.467679 0.033333 0.057786
33 0.385000 0.662586 0.034000 0.057786
13 0.148667 0.731146 0.044000 0.061704
4 0.199667 0.468168 0.032667 0.056807
39 0.572333 0.532321 0.034000 0.057786
2 0.109667 0.468658 0.034000 0.057786
30 0.499333 0.564153 0.994667 0.464251
29 0.408333 0.596474 0.034000 0.058766
25 0.320333 0.596964 0.032667 0.057786
34 0.517667 0.662586 0.034000 0.057786
20 0.617667 0.470127 0.076667 0.056807
51 0.265000 0.531832 0.032667 0.056807
47 0.303333 0.735553 0.246667 0.076396
43 0.143000 0.597453 0.034000 0.058766
56 0.132333 0.532811 0.034000 0.058766
59 0.309333 0.532321 0.033333 0.057786
58 0.122000 0.665034 0.032000 0.056807
22 0.628333 0.565622 0.056667 0.128306
28 0.363667 0.596964 0.034000 0.057786
36 0.442000 0.532811 0.033333 0.056807
26 0.583333 0.597453 0.033333 0.058766
53 0.353333 0.532321 0.033333 0.057786
21 0.176333 0.533301 0.032667 0.057786
23 0.232667 0.596964 0.032000 0.057786
9 0.419333 0.468658 0.034667 0.057786
41 0.088000 0.533790 0.034667 0.058766
7 0.331000 0.468658 0.032667 0.057786
27 0.397333 0.531832 0.032000 0.056807
5 0.243667 0.469148 0.034000 0.058766
17 0.021333 0.468168 0.033333 0.056807
8 0.375000 0.469148 0.035333 0.058766
