14 0.455863 0.729208 0.045148 0.060396
40 0.472372 0.661386 0.033693 0.057426
44 0.021900 0.664851 0.042453 0.058416
55 0.250000 0.661881 0.033693 0.058416
31 0.450472 0.595050 0.033019 0.057426
52 0.027965 0.531188 0.054582 0.058416
10 0.094340 0.596535 0.033693 0.060396
24 0.271563 0.595050 0.033693 0.059406
18 0.427898 0.661881 0.033693 0.056436
0 0.461253 0.465347 0.034367 0.059406
32 0.071429 0.664356 0.033693 0.057426
49 0.027291 0.733168 0.053235 0.064356
6 0.284367 0.465842 0.033693 0.058416
11 0.551213 0.464851 0.033693 0.056436
50 0.628369 0.731683 0.058625 0.061386
38 0.484501 0.530198 0.033693 0.056436
37 0.494609 0.595545 0.033693 0.058416
3 0.149259 0.467327 0.034367 0.059406
57 0.161388 0.663366 0.033019 0.057426
16 0.205526 0.663366 0.033693 0.057426
46 0.600741 0.663861 0.111186 0.058416
42 0.217318 0.531188 0.033019 0.058416
54 0.528976 0.530198 0.032345 0.056436
45 0.033693 0.597030 0.066038 0.059406
48 0.505391 0.465842 0.033693 0.058416
12 0.539420 0.596040 0.034367 0.059406
15 0.294474 0.662376 0.033693 0.057426
19 0.183288 0.595545 0.033693 0.060396
35 0.339286 0.662376 0.034367 0.057426
1 0.059973 0.464851 0.033693 0.058416
33 0.382412 0.661881 0.034367 0.058416
13 0.143531 0.731188 0.044474 0.062376
4 0.195081 0.465347 0.033019 0.057426
39 0.571765 0.530198 0.034367 0.058416
2 0.104111 0.465842 0.034367 0.058416
30 0.500674 0.562376 1.000000 0.469307
29 0.405997 0.595050 0.034367 0.059406
25 0.317049 0.595545 0.033019 0.058416
34 0.516509 0.661881 0.034367 0.058416
20 0.617588 0.467327 0.077493 0.057426
51 0.261119 0.529703 0.033019 0.057426
47 0.299865 0.735644 0.249326 0.077228
43 0.137803 0.596040 0.034367 0.059406
56 0.127022 0.530693 0.034367 0.059406
59 0.305930 0.530198 0.033693 0.058416
58 0.116577 0.664356 0.032345 0.057426
22 0.628369 0.563861 0.057278 0.129703
28 0.360849 0.595545 0.034367 0.058416
36 0.440027 0.530693 0.033693 0.057426
26 0.582884 0.596040 0.033693 0.059406
53 0.350404 0.530198 0.033693 0.058416
21 0.171496 0.531188 0.033019 0.058416
23 0.228437 0.595545 0.032345 0.058416
9 0.417116 0.465842 0.035040 0.058416
41 0.082210 0.531683 0.035040 0.059406
7 0.327830 0.465842 0.033019 0.058416
27 0.394879 0.529703 0.032345 0.057426
5 0.239555 0.466337 0.034367 0.059406
17 0.016173 0.465347 0.030997 0.057426
8 0.372305 0.466337 0.035714 0.059406
