11 0.585526 0.312842 0.041228 0.128415
58 0.132456 0.747268 0.040351 0.128415
2 0.119737 0.314208 0.041228 0.125683
15 0.317544 0.748634 0.042105 0.131148
25 0.339035 0.603825 0.041228 0.125683
50 0.673246 0.894809 0.055263 0.128415
4 0.212719 0.312842 0.041228 0.128415
54 0.561842 0.459016 0.041228 0.131148
33 0.411404 0.751366 0.042105 0.131148
38 0.514912 0.459016 0.040351 0.131148
40 0.504825 0.747268 0.041228 0.128415
36 0.467982 0.459016 0.041228 0.131148
10 0.106579 0.601093 0.041228 0.125683
1 0.072807 0.312842 0.040351 0.122951
45 0.043421 0.602459 0.076316 0.128415
42 0.235088 0.460383 0.040351 0.128415
29 0.432456 0.603825 0.040351 0.131148
14 0.494298 0.892077 0.055263 0.128415
9 0.445175 0.314208 0.041228 0.131148
32 0.085965 0.745902 0.040351 0.131148
27 0.421491 0.460383 0.041228 0.128415
39 0.609211 0.460383 0.041228 0.128415
7 0.351754 0.315574 0.040351 0.128415
0 0.491667 0.314208 0.041228 0.131148
56 0.142544 0.456284 0.041228 0.131148
26 0.667105 0.460383 0.065789 0.128415
59 0.328509 0.459016 0.041228 0.131148
19 0.199561 0.601093 0.041228 0.131148
22 0.649123 0.606557 0.100000 0.131148
44 0.032456 0.747268 0.054386 0.128415
53 0.374561 0.459016 0.040351 0.131148
24 0.292105 0.602459 0.040351 0.128415
23 0.245614 0.602459 0.040351 0.128415
13 0.150877 0.892077 0.054386 0.128415
49 0.032018 0.889344 0.055263 0.128415
3 0.165789 0.315574 0.042105 0.128415
5 0.259211 0.312842 0.041228 0.128415
31 0.479386 0.603825 0.041228 0.131148
51 0.281579 0.459016 0.040351 0.125683
52 0.037719 0.457650 0.064912 0.128415
46 0.638596 0.750000 0.122807 0.128415
16 0.225000 0.747268 0.041228 0.128415
55 0.271491 0.748634 0.041228 0.131148
21 0.189035 0.457650 0.041228 0.128415
43 0.153509 0.601093 0.040351 0.131148
35 0.364474 0.748634 0.041228 0.131148
6 0.305702 0.312842 0.041228 0.128415
48 0.538158 0.314208 0.041228 0.131148
37 0.525877 0.605191 0.041228 0.128415
34 0.551316 0.748634 0.041228 0.131148
47 0.322807 0.894809 0.280702 0.128415
17 0.027193 0.311475 0.040351 0.125683
8 0.398684 0.315574 0.041228 0.128415
57 0.178509 0.747268 0.041228 0.128415
12 0.572807 0.603825 0.042105 0.131148
28 0.385526 0.602459 0.041228 0.128415
20 0.656140 0.315574 0.087719 0.128415
30 0.500877 0.516393 1.000000 0.972678
18 0.458333 0.747268 0.041228 0.128415
41 0.096491 0.457650 0.042105 0.128415
