30 0.500775 0.589494 1.000000 0.824903
50 0.800000 0.856031 0.054264 0.136187
23 0.303876 0.543774 0.051163 0.118677
25 0.437597 0.545720 0.048837 0.118677
20 0.874806 0.260700 0.117054 0.116732
59 0.423256 0.398833 0.048062 0.116732
51 0.358140 0.399805 0.048062 0.114786
56 0.160853 0.399805 0.050388 0.114786
12 0.771318 0.542802 0.049612 0.116732
15 0.402326 0.691634 0.051163 0.126459
31 0.638760 0.542802 0.048062 0.116732
38 0.685659 0.404669 0.051938 0.140078
43 0.170543 0.542802 0.051163 0.120623
18 0.607752 0.697471 0.049612 0.122568
58 0.130620 0.692607 0.051938 0.128405
16 0.266279 0.694553 0.053488 0.128405
57 0.198062 0.694553 0.053488 0.128405
2 0.135659 0.265564 0.051163 0.122568
22 0.901550 0.472763 0.094574 0.268482
3 0.200775 0.265564 0.052713 0.126459
27 0.554651 0.397860 0.048837 0.114786
0 0.650388 0.264591 0.051163 0.124514
4 0.264341 0.265564 0.051163 0.126459
32 0.063953 0.694553 0.051938 0.128405
48 0.713953 0.266537 0.051163 0.124514
54 0.750775 0.402724 0.051938 0.140078
11 0.778682 0.264591 0.051938 0.128405
33 0.538760 0.696498 0.051163 0.128405
55 0.334496 0.692607 0.050388 0.124514
5 0.329457 0.264591 0.049612 0.124514
42 0.292636 0.399805 0.048837 0.114786
34 0.742636 0.690661 0.049612 0.120623
26 0.838372 0.539883 0.050388 0.118677
40 0.675969 0.695525 0.049612 0.126459
7 0.456977 0.263619 0.048837 0.122568
52 0.028682 0.398833 0.055814 0.116732
29 0.571705 0.542802 0.048837 0.120623
37 0.705039 0.542802 0.050388 0.116732
1 0.071705 0.263619 0.053488 0.122568
21 0.226744 0.400778 0.048837 0.112840
10 0.104651 0.541829 0.051163 0.118677
28 0.503876 0.543774 0.049612 0.118677
45 0.033333 0.546693 0.065116 0.128405
35 0.470155 0.693580 0.048837 0.126459
24 0.370543 0.543774 0.048062 0.118677
17 0.017829 0.264591 0.034109 0.120623
14 0.660853 0.853113 0.051938 0.122568
46 0.836434 0.688716 0.102326 0.128405
6 0.393411 0.263619 0.050388 0.122568
13 0.149612 0.846304 0.074419 0.140078
36 0.620543 0.403696 0.051938 0.130350
49 0.019380 0.847276 0.037209 0.138132
39 0.816279 0.397860 0.049612 0.114786
53 0.489147 0.398833 0.049612 0.116732
44 0.018605 0.691634 0.035659 0.126459
19 0.237597 0.544747 0.050388 0.120623
8 0.522481 0.264591 0.049612 0.124514
47 0.407752 0.846304 0.429457 0.140078
9 0.586047 0.263619 0.051163 0.122568
41 0.095736 0.399805 0.051938 0.114786
