27 0.431083 0.389844 0.040788 0.089063
12 0.616737 0.507031 0.042194 0.095312
59 0.318214 0.392969 0.041491 0.092188
58 0.055907 0.642969 0.047117 0.104688
25 0.330169 0.510156 0.042897 0.098437
54 0.598805 0.384375 0.041491 0.090625
23 0.213080 0.511719 0.043601 0.095312
1 0.015120 0.281250 0.028833 0.090625
47 0.302039 0.779687 0.379044 0.121875
13 0.071730 0.773438 0.068917 0.118750
33 0.418073 0.632812 0.045710 0.106250
35 0.359353 0.633594 0.043601 0.104688
20 0.699015 0.279687 0.091421 0.090625
4 0.179677 0.282031 0.044304 0.095312
50 0.749648 0.751563 0.064698 0.115625
16 0.177918 0.638281 0.046414 0.107813
26 0.671941 0.501563 0.042897 0.096875
9 0.458509 0.280469 0.042194 0.089063
32 0.013010 0.643750 0.024613 0.106250
15 0.299578 0.634375 0.045007 0.103125
30 0.492616 0.500000 0.983826 0.837500
40 0.535513 0.626563 0.044304 0.100000
2 0.065049 0.283594 0.045710 0.092188
11 0.619550 0.277344 0.040788 0.092188
56 0.086850 0.393750 0.045710 0.096875
52 0.020042 0.396094 0.038678 0.095312
39 0.652250 0.387500 0.042897 0.093750
48 0.566456 0.278906 0.040084 0.092188
14 0.530942 0.758594 0.063291 0.110937
38 0.543249 0.386719 0.040084 0.089063
6 0.292546 0.280469 0.042194 0.092188
29 0.446203 0.508594 0.042897 0.095312
51 0.260197 0.394531 0.042194 0.092188
53 0.374824 0.389844 0.042194 0.092188
5 0.236639 0.282031 0.042897 0.095312
24 0.271800 0.511719 0.042897 0.095312
37 0.560127 0.505469 0.042897 0.095312
36 0.486990 0.388281 0.041491 0.089063
34 0.592124 0.626563 0.043601 0.100000
44 0.016878 0.644531 0.032349 0.104688
55 0.239100 0.637500 0.045007 0.106250
0 0.512658 0.277344 0.042194 0.092188
45 0.024613 0.517188 0.047820 0.100000
49 0.014768 0.786719 0.028129 0.104688
3 0.122714 0.283594 0.044304 0.092188
57 0.117089 0.642188 0.047117 0.106250
19 0.153657 0.514062 0.045710 0.100000
42 0.202883 0.393750 0.044304 0.093750
21 0.145218 0.396875 0.045710 0.100000
7 0.348101 0.281250 0.042194 0.090625
41 0.027426 0.399219 0.046414 0.101562
18 0.476442 0.629687 0.044304 0.103125
22 0.723980 0.443750 0.078059 0.209375
46 0.698664 0.623437 0.145570 0.100000
17 0.012658 0.282031 0.023910 0.092188
28 0.388537 0.507031 0.042897 0.095312
10 0.033755 0.517969 0.047820 0.098437
43 0.093882 0.514844 0.045710 0.098437
8 0.402954 0.280469 0.042194 0.089063
31 0.503516 0.507031 0.042194 0.095312
