14 0.448437 0.540833 0.039375 0.041667
50 0.589375 0.542917 0.048750 0.042500
47 0.318437 0.541667 0.210625 0.045000
53 0.364063 0.396250 0.026875 0.037500
8 0.382812 0.350833 0.026875 0.038333
42 0.254688 0.395000 0.026875 0.036667
10 0.151562 0.442500 0.026875 0.040000
9 0.419063 0.352083 0.026875 0.037500
43 0.188125 0.442500 0.026250 0.040000
1 0.128750 0.346250 0.026250 0.034167
46 0.565937 0.493750 0.089375 0.039167
30 0.478750 0.432917 0.851250 0.337500
37 0.480000 0.446250 0.028750 0.039167
25 0.335313 0.443333 0.026875 0.038333
35 0.351875 0.490417 0.027500 0.039167
36 0.435937 0.397917 0.026875 0.035833
18 0.425625 0.492083 0.027500 0.039167
12 0.516250 0.447500 0.028750 0.041667
26 0.551875 0.447500 0.030000 0.040000
23 0.261875 0.443333 0.026250 0.038333
22 0.586875 0.425000 0.046250 0.091667
49 0.085938 0.538333 0.050625 0.040000
54 0.506875 0.400000 0.027500 0.040000
21 0.218750 0.395000 0.026250 0.036667
44 0.085000 0.489167 0.040000 0.038333
56 0.182188 0.394167 0.026875 0.036667
0 0.454375 0.352917 0.027500 0.039167
5 0.274375 0.348333 0.026250 0.036667
33 0.388750 0.492083 0.028750 0.040833
32 0.127500 0.488750 0.030000 0.037500
57 0.202813 0.489583 0.026875 0.039167
52 0.098750 0.394583 0.046250 0.037500
29 0.408125 0.444583 0.027500 0.039167
39 0.542813 0.401250 0.028125 0.042500
3 0.201875 0.347083 0.026250 0.035833
6 0.311250 0.349167 0.026250 0.036667
59 0.327813 0.395417 0.026875 0.037500
24 0.298125 0.442917 0.027500 0.039167
11 0.525000 0.353333 0.026250 0.036667
48 0.489687 0.354167 0.026875 0.038333
15 0.314688 0.490417 0.028125 0.039167
55 0.277813 0.488750 0.026875 0.039167
4 0.237813 0.347500 0.025625 0.036667
19 0.224688 0.442917 0.026875 0.039167
38 0.471562 0.399167 0.026875 0.038333
7 0.346562 0.349583 0.025625 0.037500
41 0.145937 0.397500 0.026875 0.036667
40 0.461875 0.492917 0.027500 0.039167
13 0.185625 0.538750 0.038750 0.040833
31 0.444375 0.445000 0.027500 0.038333
16 0.240313 0.489583 0.028125 0.039167
28 0.371875 0.443750 0.027500 0.039167
20 0.578125 0.354583 0.060000 0.037500
17 0.091875 0.346667 0.025000 0.033333
27 0.400313 0.397083 0.026875 0.035833
45 0.095312 0.442500 0.048125 0.038333
58 0.165313 0.489167 0.028125 0.038333
34 0.498125 0.493750 0.030000 0.040833
51 0.291563 0.395000 0.026875 0.036667
2 0.165625 0.349583 0.026250 0.034167
