44 0.172172 0.500676 0.035508 0.047297
0 0.500826 0.335811 0.027250 0.047297
18 0.475640 0.499324 0.026424 0.047297
5 0.334021 0.335811 0.027250 0.047297
36 0.484723 0.389865 0.026424 0.044595
24 0.358382 0.445270 0.026424 0.047297
43 0.258464 0.445946 0.026424 0.045946
20 0.618497 0.333784 0.059455 0.048649
53 0.417424 0.389865 0.027250 0.047297
25 0.392238 0.445270 0.026424 0.047297
17 0.166391 0.335811 0.027250 0.047297
34 0.542527 0.499324 0.026424 0.047297
2 0.232453 0.336486 0.027250 0.048649
41 0.215524 0.390541 0.028076 0.048649
8 0.433939 0.336486 0.027250 0.048649
39 0.584228 0.389189 0.027250 0.048649
15 0.375723 0.499324 0.026424 0.047297
52 0.174649 0.391216 0.043765 0.047297
51 0.350950 0.389189 0.026424 0.045946
4 0.300165 0.336486 0.027250 0.048649
16 0.308423 0.499324 0.027250 0.047297
7 0.400908 0.335135 0.027250 0.048649
14 0.505367 0.554730 0.036334 0.047297
30 0.509083 0.420946 0.839802 0.390541
33 0.441784 0.500000 0.028076 0.048649
32 0.208092 0.499324 0.026424 0.047297
9 0.467795 0.335811 0.027250 0.047297
27 0.450867 0.389189 0.026424 0.045946
11 0.567713 0.335135 0.025599 0.045946
31 0.492568 0.444595 0.025599 0.045946
3 0.266309 0.336486 0.027250 0.048649
40 0.509496 0.498649 0.026424 0.045946
10 0.224608 0.445270 0.026424 0.047297
37 0.526012 0.445270 0.026424 0.047297
6 0.367878 0.336486 0.027250 0.048649
42 0.317093 0.390541 0.026424 0.048649
38 0.517754 0.389865 0.026424 0.047297
35 0.408753 0.500000 0.028076 0.048649
12 0.559868 0.445270 0.026424 0.047297
29 0.459125 0.445270 0.026424 0.047297
55 0.342279 0.499324 0.027250 0.047297
46 0.605285 0.499324 0.082576 0.047297
50 0.630884 0.556081 0.037985 0.052703
26 0.592898 0.444595 0.026424 0.048649
59 0.383980 0.389865 0.026424 0.047297
47 0.379026 0.556081 0.203138 0.052703
13 0.253922 0.555405 0.037159 0.048649
54 0.551197 0.390541 0.027250 0.048649
56 0.249794 0.391216 0.027250 0.050000
49 0.171346 0.557432 0.038811 0.050000
57 0.274979 0.499324 0.026424 0.047297
23 0.324938 0.445270 0.025599 0.047297
21 0.282824 0.390541 0.027250 0.048649
22 0.626755 0.418919 0.042940 0.102703
48 0.533443 0.335811 0.026424 0.047297
58 0.241536 0.500000 0.025599 0.045946
1 0.199422 0.336486 0.027250 0.045946
45 0.175475 0.446622 0.045417 0.047297
19 0.291908 0.445946 0.025599 0.048649
28 0.425681 0.444595 0.027250 0.045946
