18 0.444688 0.597270 0.030625 0.046075
20 0.607812 0.441553 0.068125 0.046928
35 0.367188 0.595563 0.031875 0.046075
22 0.617500 0.519625 0.051250 0.100683
13 0.180938 0.648464 0.044375 0.049488
0 0.474687 0.440273 0.030625 0.047782
19 0.229063 0.540529 0.031875 0.046928
26 0.579063 0.546075 0.030625 0.046075
25 0.348125 0.542235 0.030000 0.045222
34 0.521250 0.597696 0.031250 0.046928
30 0.501563 0.508959 0.909375 0.400171
12 0.540937 0.544795 0.030625 0.046928
43 0.189375 0.540529 0.031250 0.046928
23 0.269062 0.540956 0.030625 0.046075
54 0.531563 0.493174 0.030625 0.046075
39 0.569688 0.494027 0.030625 0.046075
9 0.436250 0.440273 0.031250 0.047782
5 0.281250 0.437287 0.031250 0.046928
48 0.512188 0.441553 0.030625 0.046928
17 0.085625 0.433020 0.028750 0.045222
51 0.300000 0.489334 0.030000 0.045222
6 0.321250 0.437713 0.031250 0.047782
41 0.141250 0.486775 0.032500 0.046928
42 0.260313 0.488055 0.030625 0.046075
4 0.241875 0.435580 0.031250 0.046928
7 0.359687 0.439420 0.030625 0.047782
46 0.594375 0.598123 0.098750 0.047782
8 0.398125 0.439420 0.031250 0.047782
38 0.493125 0.492321 0.030000 0.044369
2 0.163125 0.434727 0.031250 0.046928
14 0.478125 0.651024 0.041250 0.049488
58 0.167500 0.594283 0.031250 0.046928
21 0.220625 0.488908 0.031250 0.047782
50 0.623750 0.651877 0.043750 0.049488
49 0.081875 0.648038 0.042500 0.048635
29 0.425938 0.543515 0.030625 0.046075
33 0.405938 0.596416 0.031875 0.047782
32 0.127500 0.593857 0.031250 0.047782
56 0.180312 0.487628 0.031875 0.046928
45 0.096250 0.539249 0.060000 0.046075
44 0.083750 0.592150 0.040000 0.046075
24 0.308750 0.540956 0.031250 0.046075
28 0.386875 0.542662 0.031250 0.046075
16 0.247812 0.594283 0.031875 0.046928
55 0.288125 0.594710 0.031250 0.047782
36 0.455000 0.491468 0.030000 0.044369
27 0.416563 0.490614 0.030625 0.044369
40 0.483438 0.597270 0.030625 0.046075
59 0.339375 0.489761 0.030000 0.046075
52 0.092813 0.485922 0.050625 0.045222
57 0.207500 0.594283 0.031250 0.046928
1 0.123125 0.433874 0.030000 0.046928
47 0.330313 0.650171 0.244375 0.049488
10 0.149375 0.540102 0.031250 0.046075
37 0.502812 0.544369 0.030625 0.046075
53 0.377188 0.490614 0.030625 0.046075
31 0.464375 0.543515 0.030000 0.046075
15 0.327500 0.595137 0.031250 0.046928
3 0.201875 0.434727 0.031250 0.046928
11 0.550312 0.441553 0.030625 0.045222
