34 0.573699 0.513268 0.031792 0.068436
37 0.554552 0.435056 0.031069 0.065642
51 0.343569 0.346369 0.032514 0.064246
47 0.371749 0.585894 0.256503 0.074022
14 0.528179 0.590782 0.043353 0.069832
18 0.493136 0.507682 0.029624 0.065642
32 0.161850 0.497207 0.033237 0.067039
23 0.310332 0.423184 0.032514 0.067039
53 0.424133 0.351955 0.031792 0.064246
8 0.445087 0.277933 0.033237 0.069832
54 0.584899 0.361034 0.031069 0.068436
5 0.324422 0.270251 0.033237 0.065642
10 0.185694 0.418994 0.033237 0.067039
28 0.433165 0.428771 0.031069 0.064246
29 0.473988 0.430168 0.031792 0.064246
24 0.351156 0.424581 0.031792 0.064246
11 0.607298 0.284916 0.033960 0.067039
4 0.283598 0.267458 0.033960 0.065642
41 0.177023 0.340782 0.036127 0.069832
45 0.123916 0.419693 0.059971 0.074022
50 0.680275 0.599162 0.045520 0.072626
7 0.405347 0.274441 0.033237 0.068436
17 0.120665 0.259777 0.037572 0.067039
38 0.545520 0.357542 0.030347 0.064246
20 0.665101 0.284916 0.071532 0.064246
6 0.364884 0.273045 0.033237 0.068436
25 0.392702 0.427374 0.031069 0.064246
55 0.328757 0.502793 0.033237 0.067039
26 0.635116 0.439246 0.031792 0.068436
30 0.506503 0.412011 0.988439 0.564246
49 0.112355 0.581006 0.049855 0.078212
58 0.204118 0.498603 0.032514 0.067039
9 0.485549 0.279330 0.033237 0.067039
16 0.287211 0.502095 0.032514 0.065642
2 0.201228 0.263966 0.035405 0.069832
56 0.218569 0.342179 0.033960 0.069832
19 0.269147 0.422486 0.035405 0.068436
43 0.226879 0.421089 0.031792 0.065642
3 0.242413 0.265363 0.035405 0.067039
42 0.301662 0.345670 0.032514 0.065642
46 0.649928 0.515363 0.101879 0.069832
57 0.245665 0.499302 0.033237 0.068436
12 0.595376 0.437151 0.031792 0.067039
15 0.370665 0.505587 0.033237 0.067039
27 0.465679 0.352654 0.031069 0.062849
21 0.261561 0.344274 0.036127 0.068436
33 0.451951 0.508380 0.032514 0.069832
0 0.526012 0.281425 0.034682 0.068436
48 0.565390 0.282123 0.032514 0.064246
44 0.115607 0.498603 0.046243 0.069832
13 0.216763 0.583101 0.043353 0.076816
59 0.383309 0.349162 0.031069 0.064246
39 0.623916 0.361034 0.031069 0.068436
1 0.161488 0.261872 0.036850 0.068436
36 0.505419 0.354749 0.032514 0.064246
52 0.125723 0.339385 0.054913 0.069832
31 0.514451 0.432263 0.030347 0.065642
40 0.533960 0.511872 0.030347 0.065642
22 0.675939 0.405028 0.054191 0.150838
35 0.411488 0.506983 0.032514 0.067039
