40 0.477500 0.490556 0.028750 0.054444
20 0.601562 0.287222 0.068125 0.054444
0 0.467813 0.286111 0.030625 0.054444
11 0.543750 0.285556 0.028750 0.053333
33 0.402187 0.490556 0.030625 0.056667
1 0.120938 0.284444 0.028125 0.053333
3 0.198125 0.285556 0.028750 0.053333
25 0.344687 0.422778 0.028125 0.056667
32 0.134063 0.490000 0.028125 0.055556
42 0.257812 0.354444 0.028125 0.055556
19 0.230313 0.422778 0.028125 0.058889
56 0.180938 0.354444 0.028125 0.055556
6 0.314688 0.285556 0.028125 0.055556
37 0.496875 0.423889 0.028750 0.056667
44 0.090625 0.492778 0.038750 0.054444
18 0.440312 0.490556 0.029375 0.056667
39 0.562813 0.355556 0.029375 0.055556
41 0.142187 0.353889 0.029375 0.054444
21 0.219375 0.354444 0.027500 0.055556
31 0.458437 0.422778 0.029375 0.056667
24 0.305937 0.422778 0.028125 0.056667
59 0.334062 0.353889 0.028125 0.054444
55 0.287500 0.490000 0.028750 0.055556
22 0.610000 0.390000 0.048750 0.128889
57 0.210938 0.490000 0.026875 0.055556
10 0.154062 0.422222 0.026875 0.057778
13 0.197500 0.558333 0.037500 0.058889
43 0.192188 0.422778 0.028125 0.056667
30 0.496875 0.408333 0.871250 0.536667
7 0.352812 0.285556 0.028125 0.055556
5 0.275938 0.286111 0.028125 0.054444
50 0.608750 0.558889 0.050000 0.057778
48 0.506250 0.286111 0.030000 0.054444
45 0.096875 0.423889 0.048750 0.058889
35 0.364063 0.490556 0.029375 0.056667
47 0.332188 0.558333 0.213125 0.061111
29 0.420938 0.423333 0.029375 0.057778
53 0.373125 0.355000 0.028750 0.054444
17 0.082187 0.286667 0.028125 0.053333
23 0.268437 0.422778 0.028125 0.056667
36 0.449062 0.356111 0.029375 0.054444
49 0.096562 0.560000 0.049375 0.057778
46 0.585625 0.491667 0.093750 0.056667
9 0.430000 0.286667 0.030000 0.055556
51 0.296563 0.355000 0.028125 0.054444
26 0.571562 0.423333 0.028125 0.057778
4 0.237813 0.286111 0.028125 0.054444
58 0.172813 0.490000 0.028125 0.055556
2 0.159375 0.285000 0.028750 0.052222
8 0.391250 0.286667 0.030000 0.055556
14 0.463438 0.557778 0.040625 0.057778
28 0.382812 0.422778 0.029375 0.056667
54 0.525000 0.356667 0.028750 0.055556
38 0.486875 0.356111 0.028750 0.054444
52 0.094375 0.355556 0.047500 0.055556
34 0.515312 0.490556 0.029375 0.056667
15 0.325625 0.490556 0.028750 0.056667
27 0.411562 0.355000 0.029375 0.054444
16 0.249375 0.490556 0.028750 0.056667
12 0.534062 0.423889 0.029375 0.056667
