52 0.162453 0.463744 0.041719 0.037099
37 0.499052 0.508432 0.024652 0.037099
19 0.275284 0.506745 0.024652 0.037099
48 0.506637 0.423693 0.024652 0.037943
56 0.234829 0.463744 0.024652 0.037099
25 0.371997 0.507589 0.024652 0.035413
17 0.153919 0.420320 0.024652 0.036256
1 0.186157 0.420742 0.025917 0.037099
6 0.348609 0.422007 0.025917 0.037943
31 0.466814 0.508010 0.023388 0.036256
22 0.594501 0.488196 0.041087 0.080944
54 0.522440 0.466695 0.024652 0.037943
2 0.218394 0.421164 0.025917 0.037943
29 0.435525 0.507589 0.024020 0.037099
30 0.481669 0.475548 0.802781 0.349073
16 0.292035 0.548904 0.026549 0.037099
3 0.250316 0.421585 0.025284 0.038786
58 0.226928 0.549325 0.024020 0.036256
11 0.538559 0.423693 0.022756 0.036256
12 0.530657 0.508853 0.024652 0.037943
18 0.451327 0.549747 0.024020 0.037099
42 0.300253 0.464165 0.025284 0.036256
4 0.283502 0.421585 0.025917 0.038786
32 0.195322 0.548904 0.026549 0.037099
28 0.403603 0.507167 0.024652 0.036256
55 0.324273 0.548904 0.025284 0.037099
27 0.427623 0.465430 0.023388 0.035413
43 0.243047 0.506745 0.025917 0.037099
38 0.491150 0.466273 0.024020 0.037099
57 0.259798 0.549325 0.025284 0.036256
46 0.573641 0.551433 0.079014 0.037099
21 0.267067 0.463744 0.025917 0.037099
0 0.475348 0.423272 0.024020 0.038786
41 0.201960 0.462901 0.024652 0.037099
47 0.357459 0.592327 0.192794 0.039629
26 0.561631 0.508853 0.024652 0.037943
24 0.339128 0.506745 0.024652 0.037099
44 0.159608 0.549325 0.033502 0.036256
50 0.598293 0.595278 0.037295 0.040472
33 0.419090 0.549747 0.027813 0.037099
51 0.332174 0.464587 0.023388 0.035413
23 0.307838 0.507167 0.024020 0.036256
14 0.478508 0.593170 0.034134 0.039629
10 0.210177 0.506745 0.023388 0.037099
53 0.396018 0.465008 0.024652 0.036256
35 0.387800 0.549747 0.025917 0.037099
20 0.585967 0.422850 0.055626 0.037943
59 0.363780 0.465430 0.024652 0.035413
34 0.514539 0.550590 0.025284 0.037099
39 0.553729 0.466273 0.024020 0.038786
8 0.411820 0.422850 0.025917 0.039629
5 0.315740 0.422007 0.025917 0.037943
7 0.379583 0.422850 0.025917 0.039629
49 0.159292 0.596121 0.034134 0.038786
40 0.482617 0.549747 0.024652 0.037099
36 0.459229 0.465852 0.024652 0.036256
13 0.238938 0.591906 0.034134 0.038786
15 0.355879 0.549747 0.026549 0.037099
9 0.443742 0.422850 0.026549 0.037943
45 0.162769 0.506324 0.042351 0.037943
