43 0.240361 0.436735 0.030120 0.053061
13 0.236145 0.554082 0.040964 0.055102
46 0.600602 0.494898 0.090361 0.051020
59 0.371687 0.377551 0.030120 0.053061
53 0.406024 0.377551 0.031325 0.053061
51 0.336747 0.377551 0.030120 0.053061
40 0.501807 0.494898 0.030120 0.051020
6 0.354217 0.320408 0.031325 0.053061
3 0.250000 0.320408 0.032530 0.053061
5 0.319277 0.320408 0.031325 0.053061
49 0.150000 0.555102 0.042169 0.053061
34 0.535542 0.495918 0.030120 0.053061
33 0.432530 0.495918 0.031325 0.053061
8 0.424096 0.320408 0.031325 0.053061
35 0.397590 0.495918 0.031325 0.053061
15 0.362651 0.495918 0.031325 0.053061
32 0.189157 0.495918 0.031325 0.053061
44 0.149398 0.497959 0.040964 0.053061
58 0.223494 0.495918 0.030120 0.053061
10 0.206024 0.436735 0.031325 0.053061
27 0.440964 0.376531 0.028916 0.051020
16 0.292771 0.495918 0.031325 0.053061
1 0.180120 0.319388 0.030120 0.051020
11 0.562651 0.318367 0.028916 0.048980
38 0.510241 0.377551 0.030120 0.053061
12 0.553614 0.436735 0.030120 0.053061
17 0.145783 0.319388 0.031325 0.051020
22 0.622289 0.407143 0.046988 0.112245
55 0.327711 0.495918 0.031325 0.053061
29 0.449398 0.436735 0.031325 0.053061
25 0.380120 0.436735 0.030120 0.053061
36 0.475301 0.376531 0.030120 0.051020
42 0.302410 0.377551 0.031325 0.053061
18 0.466867 0.495918 0.030120 0.053061
28 0.414458 0.435714 0.028916 0.051020
20 0.613855 0.318367 0.063855 0.048980
57 0.258434 0.495918 0.030120 0.053061
4 0.284940 0.319388 0.030120 0.051020
52 0.153012 0.378571 0.048193 0.051020
54 0.545181 0.377551 0.030120 0.053061
23 0.310241 0.436735 0.030120 0.053061
7 0.389157 0.320408 0.031325 0.053061
24 0.345181 0.436735 0.030120 0.053061
37 0.518675 0.436735 0.030120 0.053061
56 0.231928 0.377551 0.030120 0.053061
2 0.215663 0.320408 0.031325 0.053061
48 0.528313 0.319388 0.030120 0.051020
19 0.275301 0.436735 0.030120 0.053061
26 0.588554 0.435714 0.030120 0.051020
47 0.365663 0.553061 0.213253 0.053061
9 0.459036 0.319388 0.031325 0.051020
30 0.503614 0.397959 0.855422 0.493878
21 0.267470 0.377551 0.031325 0.053061
41 0.197590 0.377551 0.031325 0.053061
14 0.496988 0.555102 0.039759 0.053061
50 0.627711 0.555102 0.040964 0.053061
0 0.493373 0.319388 0.030120 0.051020
39 0.580120 0.377551 0.030120 0.053061
45 0.153614 0.437755 0.049398 0.051020
31 0.484337 0.435714 0.028916 0.051020
