52 0.153997 0.469406 0.043250 0.038462
37 0.502949 0.515734 0.025557 0.038462
19 0.270970 0.513986 0.025557 0.038462
48 0.510813 0.427885 0.025557 0.039336
56 0.229030 0.469406 0.025557 0.038462
25 0.371232 0.514860 0.025557 0.036713
17 0.145151 0.424388 0.025557 0.037587
1 0.178571 0.424825 0.026868 0.038462
6 0.346986 0.426136 0.026868 0.039336
31 0.469528 0.515297 0.024246 0.037587
22 0.601900 0.494755 0.042595 0.083916
54 0.527195 0.472465 0.025557 0.039336
2 0.211992 0.425262 0.026868 0.039336
29 0.437090 0.514860 0.024902 0.038462
30 0.484928 0.481643 0.832241 0.361888
16 0.288336 0.557692 0.027523 0.038462
3 0.245085 0.425699 0.026212 0.040210
58 0.220839 0.558129 0.024902 0.037587
11 0.543906 0.427885 0.023591 0.037587
12 0.535714 0.516171 0.025557 0.039336
18 0.453473 0.558566 0.024902 0.038462
42 0.296855 0.469843 0.026212 0.037587
4 0.279489 0.425699 0.026868 0.040210
32 0.188073 0.557692 0.027523 0.038462
28 0.403997 0.514423 0.025557 0.037587
55 0.321756 0.557692 0.026212 0.038462
27 0.428899 0.471154 0.024246 0.036713
43 0.237549 0.513986 0.026868 0.038462
38 0.494758 0.472028 0.024902 0.038462
57 0.254915 0.558129 0.026212 0.037587
46 0.580275 0.560315 0.081913 0.038462
21 0.262451 0.469406 0.026868 0.038462
0 0.478375 0.427448 0.024902 0.040210
41 0.194954 0.468531 0.025557 0.038462
47 0.356160 0.602710 0.199869 0.041084
26 0.567824 0.516171 0.025557 0.039336
24 0.337156 0.513986 0.025557 0.038462
44 0.151048 0.558129 0.034731 0.037587
50 0.605832 0.605769 0.038663 0.041958
33 0.420052 0.558566 0.028834 0.038462
51 0.329948 0.470280 0.024246 0.036713
23 0.304718 0.514423 0.024902 0.037587
14 0.481651 0.603584 0.035387 0.041084
10 0.203473 0.513986 0.024246 0.038462
53 0.396134 0.470717 0.025557 0.037587
35 0.387615 0.558566 0.026868 0.038462
20 0.593054 0.427010 0.057667 0.039336
59 0.362713 0.471154 0.025557 0.036713
34 0.519004 0.559441 0.026212 0.038462
39 0.559633 0.472028 0.024902 0.040210
8 0.412516 0.427010 0.026868 0.041084
5 0.312910 0.426136 0.026868 0.039336
7 0.379096 0.427010 0.026868 0.041084
49 0.150721 0.606643 0.035387 0.040210
40 0.485911 0.558566 0.025557 0.038462
36 0.461664 0.471591 0.025557 0.037587
13 0.233290 0.602273 0.035387 0.040210
15 0.354522 0.558566 0.027523 0.038462
9 0.445609 0.427010 0.027523 0.039336
45 0.154325 0.513549 0.043906 0.039336
