38 0.663115 0.351227 0.050820 0.099182
14 0.639617 0.722393 0.054098 0.109407
37 0.683060 0.468303 0.050273 0.096115
15 0.381967 0.588446 0.050273 0.099182
47 0.388251 0.714724 0.426776 0.110429
43 0.150273 0.465235 0.051366 0.098160
13 0.131421 0.714213 0.071585 0.113497
50 0.780055 0.722393 0.055191 0.111452
25 0.416120 0.466769 0.047541 0.097137
31 0.616120 0.468303 0.050820 0.100204
12 0.750820 0.468814 0.050273 0.095092
34 0.721585 0.591002 0.050820 0.100204
5 0.307923 0.240798 0.049727 0.095092
46 0.816120 0.591002 0.104372 0.102249
6 0.371858 0.240798 0.049727 0.095092
40 0.653552 0.592025 0.051366 0.102249
39 0.794809 0.353783 0.049727 0.089980
56 0.141530 0.348160 0.048087 0.093047
57 0.177869 0.588446 0.051913 0.105317
33 0.516393 0.592536 0.052459 0.105317
45 0.027049 0.470348 0.053005 0.098160
16 0.244536 0.590491 0.053005 0.107362
21 0.206284 0.349693 0.049727 0.092025
53 0.467213 0.352249 0.046995 0.093047
20 0.852186 0.239775 0.117486 0.093047
52 0.021858 0.351738 0.042623 0.096115
4 0.243716 0.240286 0.048087 0.094070
54 0.728962 0.351227 0.051366 0.097137
26 0.817213 0.469325 0.050820 0.096115
32 0.042077 0.590491 0.051366 0.099182
23 0.283607 0.464724 0.049180 0.097137
41 0.076776 0.351738 0.051913 0.096115
44 0.018852 0.587423 0.036612 0.103272
8 0.500820 0.242843 0.049727 0.095092
2 0.117213 0.241820 0.051913 0.093047
18 0.584153 0.591513 0.051366 0.103272
48 0.691530 0.241820 0.048634 0.093047
0 0.627869 0.240798 0.050273 0.095092
7 0.435519 0.242843 0.048087 0.095092
55 0.314481 0.588957 0.050820 0.104294
22 0.878962 0.412577 0.098907 0.217791
11 0.756557 0.238753 0.050820 0.093047
59 0.401639 0.350716 0.046995 0.092025
58 0.110383 0.589980 0.050273 0.102249
51 0.336612 0.349182 0.046995 0.091002
49 0.018579 0.713190 0.036066 0.109407
10 0.085246 0.466258 0.051366 0.096115
9 0.563661 0.241820 0.049727 0.095092
30 0.500546 0.517382 1.000000 0.709611
17 0.013115 0.244376 0.025137 0.085890
36 0.597541 0.353783 0.049727 0.098160
1 0.052186 0.238241 0.049727 0.092025
19 0.215847 0.465235 0.049180 0.098160
3 0.181148 0.241309 0.050820 0.094070
42 0.271585 0.348160 0.048087 0.091002
28 0.482240 0.467280 0.046448 0.096115
29 0.548634 0.467280 0.048087 0.096115
35 0.448907 0.589980 0.049727 0.100204
27 0.532514 0.350204 0.047541 0.091002
24 0.350000 0.466258 0.047541 0.098160
