2 0.164155 0.470914 0.029489 0.072022
50 0.673329 0.822715 0.045216 0.085873
15 0.340760 0.736150 0.032765 0.076177
46 0.637615 0.725762 0.106160 0.074792
24 0.319463 0.644737 0.030799 0.070637
22 0.662189 0.589335 0.055701 0.173130
27 0.438729 0.549169 0.030799 0.067867
9 0.460354 0.463989 0.032110 0.074792
4 0.248034 0.469529 0.030799 0.072022
35 0.385321 0.736150 0.035387 0.078947
55 0.296855 0.740305 0.032765 0.081717
13 0.183814 0.837258 0.046527 0.081717
51 0.309961 0.554709 0.028834 0.067867
1 0.122543 0.472992 0.031455 0.073407
3 0.204784 0.470914 0.028178 0.072022
59 0.353539 0.553324 0.029489 0.070637
20 0.648100 0.455679 0.072084 0.069252
14 0.508191 0.825485 0.043906 0.083102
12 0.576343 0.634349 0.032110 0.074792
34 0.556029 0.725762 0.032110 0.074792
11 0.584862 0.456371 0.030799 0.070637
44 0.078637 0.745152 0.043250 0.072022
56 0.182831 0.559557 0.030144 0.072022
8 0.418087 0.465374 0.031455 0.074792
29 0.449869 0.639889 0.032110 0.074792
43 0.190367 0.650277 0.029489 0.070637
18 0.470511 0.731302 0.032765 0.080332
36 0.481651 0.549169 0.031455 0.070637
25 0.363041 0.642659 0.031455 0.072022
54 0.565203 0.545706 0.030799 0.074792
38 0.523263 0.547091 0.030799 0.072022
32 0.125491 0.745152 0.030799 0.074792
49 0.074705 0.841413 0.045872 0.076177
52 0.089122 0.563019 0.052425 0.070637
19 0.233290 0.647507 0.031455 0.070637
47 0.344364 0.832410 0.264089 0.085873
33 0.428244 0.735457 0.033421 0.083102
39 0.607798 0.542936 0.029489 0.072022
53 0.396461 0.551939 0.031455 0.070637
21 0.225098 0.558864 0.029489 0.073407
42 0.267366 0.556094 0.030144 0.070637
45 0.092071 0.653047 0.064875 0.070637
26 0.618938 0.634349 0.032110 0.074792
7 0.375491 0.467452 0.031455 0.076177
0 0.501966 0.461219 0.031455 0.074792
30 0.519659 0.599030 0.961992 0.696676
37 0.534404 0.636427 0.032110 0.073407
16 0.254260 0.741690 0.032765 0.078947
6 0.333224 0.466066 0.032110 0.073407
31 0.492136 0.637119 0.031455 0.072022
48 0.543250 0.459141 0.031455 0.073407
17 0.081913 0.476454 0.031455 0.066482
28 0.406291 0.641274 0.031455 0.072022
23 0.276540 0.644737 0.030144 0.070637
41 0.140891 0.561634 0.031455 0.073407
57 0.211337 0.740997 0.032110 0.074792
58 0.166776 0.743767 0.029489 0.072022
5 0.290301 0.468837 0.031455 0.073407
10 0.148755 0.650277 0.030144 0.070637
40 0.513434 0.727839 0.032110 0.076177
