34 0.522296 0.595497 0.031309 0.048137
47 0.320209 0.655280 0.253321 0.055901
0 0.473909 0.432453 0.031309 0.045031
54 0.531784 0.483696 0.029412 0.045031
59 0.335389 0.484472 0.029412 0.043478
51 0.296490 0.484472 0.029412 0.043478
21 0.218216 0.485248 0.030361 0.045031
3 0.203510 0.434006 0.031309 0.045031
16 0.238615 0.595497 0.033207 0.048137
42 0.257116 0.484472 0.030361 0.043478
1 0.126660 0.433230 0.031309 0.043478
6 0.319260 0.433230 0.031309 0.043478
38 0.491935 0.483696 0.029412 0.045031
9 0.435009 0.433230 0.031309 0.043478
48 0.512334 0.433230 0.030361 0.043478
14 0.475806 0.653727 0.042694 0.052795
56 0.179317 0.485248 0.030361 0.045031
52 0.091082 0.484472 0.053131 0.043478
13 0.166509 0.655280 0.046490 0.055901
45 0.089184 0.540373 0.064516 0.046584
57 0.198292 0.594720 0.032258 0.046584
40 0.481499 0.594720 0.031309 0.046584
24 0.302657 0.538043 0.030361 0.045031
44 0.071632 0.595497 0.044592 0.048137
32 0.116698 0.596273 0.034156 0.049689
36 0.453510 0.482919 0.030361 0.043478
8 0.397059 0.433230 0.031309 0.043478
5 0.280835 0.433230 0.030361 0.043478
31 0.462049 0.538820 0.030361 0.046584
43 0.183586 0.539596 0.031309 0.045031
2 0.165560 0.434006 0.031309 0.041925
7 0.357685 0.433230 0.030361 0.043478
29 0.422201 0.538820 0.030361 0.046584
19 0.222960 0.538820 0.030361 0.046584
12 0.541746 0.538820 0.030361 0.046584
11 0.550285 0.432453 0.030361 0.045031
18 0.440702 0.595497 0.031309 0.048137
15 0.319734 0.595497 0.032258 0.048137
20 0.607685 0.431677 0.069260 0.040373
22 0.620019 0.512422 0.052182 0.102484
10 0.143264 0.539596 0.032258 0.045031
39 0.570209 0.484472 0.032258 0.046584
30 0.503321 0.538043 0.995256 0.442547
53 0.374763 0.483696 0.030361 0.045031
58 0.157495 0.596273 0.032258 0.046584
4 0.241935 0.433230 0.030361 0.043478
35 0.360057 0.594720 0.031309 0.046584
41 0.139469 0.485248 0.034156 0.048137
50 0.629981 0.655280 0.043643 0.055901
28 0.382353 0.538820 0.030361 0.046584
33 0.399905 0.595497 0.031309 0.048137
49 0.064991 0.655280 0.046490 0.052795
23 0.262334 0.538820 0.031309 0.046584
17 0.088235 0.433230 0.032258 0.040373
55 0.278937 0.595497 0.032258 0.048137
26 0.581120 0.538820 0.031309 0.046584
37 0.501898 0.538820 0.030361 0.046584
46 0.597249 0.595497 0.103416 0.048137
27 0.414137 0.483696 0.029412 0.041925
25 0.342505 0.538043 0.030361 0.045031
