49 0.028696 0.719040 0.048696 0.078947
27 0.463043 0.440402 0.039130 0.078947
51 0.306087 0.441176 0.038261 0.080495
45 0.040435 0.536378 0.077391 0.078947
12 0.631739 0.534830 0.040870 0.082043
37 0.579565 0.534830 0.040870 0.078947
20 0.724783 0.349845 0.094783 0.080495
18 0.502609 0.626935 0.040000 0.080495
58 0.137826 0.626161 0.037391 0.078947
56 0.148261 0.441176 0.037391 0.080495
48 0.593478 0.349845 0.042609 0.080495
3 0.173043 0.351393 0.040000 0.080495
16 0.242609 0.626161 0.040000 0.078947
40 0.554783 0.626935 0.040000 0.080495
46 0.705217 0.627709 0.130435 0.082043
7 0.383913 0.350619 0.040870 0.082043
53 0.410435 0.441950 0.040000 0.082043
28 0.424348 0.534830 0.040000 0.078947
34 0.606522 0.626935 0.040870 0.080495
22 0.736522 0.486068 0.066087 0.173375
39 0.670870 0.442724 0.042609 0.083591
52 0.032174 0.442724 0.062609 0.080495
31 0.527826 0.534830 0.040000 0.078947
42 0.253043 0.441176 0.038261 0.080495
10 0.110000 0.534830 0.037391 0.078947
17 0.016522 0.350619 0.031304 0.078947
38 0.566957 0.441176 0.041739 0.080495
55 0.294783 0.625387 0.040000 0.080495
33 0.451304 0.626161 0.041739 0.082043
11 0.645652 0.349071 0.040870 0.078947
32 0.086087 0.626935 0.038261 0.080495
44 0.026957 0.627709 0.048696 0.078947
6 0.331739 0.349845 0.040870 0.080495
23 0.267391 0.534830 0.037391 0.078947
13 0.157826 0.719040 0.051304 0.078947
47 0.352609 0.719040 0.320870 0.085139
8 0.436522 0.350619 0.041739 0.082043
29 0.475652 0.534056 0.040000 0.080495
0 0.541304 0.349071 0.042609 0.082043
25 0.371739 0.534830 0.039130 0.078947
36 0.515217 0.441950 0.040870 0.082043
1 0.067391 0.350619 0.037391 0.078947
50 0.742609 0.719814 0.055652 0.080495
35 0.399130 0.626935 0.040000 0.080495
15 0.346957 0.626935 0.040000 0.080495
2 0.120870 0.351393 0.038261 0.080495
9 0.488696 0.349845 0.041739 0.080495
19 0.215217 0.534830 0.037391 0.078947
59 0.357826 0.441950 0.039130 0.082043
24 0.319130 0.534056 0.038261 0.077399
57 0.190870 0.626161 0.037391 0.078947
21 0.202174 0.441950 0.039130 0.082043
26 0.683478 0.534056 0.040000 0.080495
54 0.619565 0.441950 0.040870 0.082043
41 0.096522 0.442724 0.038261 0.080495
4 0.225652 0.349845 0.039130 0.080495
5 0.279130 0.351393 0.040000 0.080495
43 0.162609 0.534830 0.038261 0.078947
30 0.500870 0.476006 1.000000 0.626935
14 0.548261 0.719040 0.054783 0.082043
