13 0.210752 0.702485 0.042876 0.071637
16 0.275066 0.616228 0.030343 0.071637
46 0.611148 0.611842 0.094327 0.065789
20 0.621702 0.364035 0.061346 0.067251
23 0.293536 0.529971 0.027704 0.071637
14 0.498021 0.695175 0.039578 0.068713
59 0.361478 0.446637 0.027704 0.068713
22 0.632586 0.488304 0.046174 0.160819
57 0.235488 0.615497 0.030343 0.070175
34 0.540567 0.612573 0.028364 0.067251
36 0.474604 0.446637 0.028364 0.068713
17 0.108839 0.361842 0.026385 0.065789
29 0.446900 0.529240 0.028364 0.070175
8 0.418865 0.365497 0.030343 0.073099
39 0.586412 0.447368 0.029024 0.070175
33 0.428100 0.616228 0.029024 0.074561
53 0.400066 0.447368 0.028364 0.070175
0 0.493074 0.363304 0.028364 0.068713
31 0.483839 0.529971 0.027045 0.068713
24 0.332454 0.529240 0.029024 0.070175
25 0.371372 0.529971 0.029024 0.071637
41 0.166557 0.446637 0.029683 0.071637
30 0.516161 0.495614 0.889842 0.678363
7 0.380607 0.364766 0.029024 0.071637
26 0.595976 0.530702 0.028364 0.070175
2 0.187005 0.363304 0.028364 0.068713
6 0.343008 0.362573 0.030343 0.073099
43 0.215369 0.529971 0.028364 0.074561
19 0.254617 0.529240 0.029024 0.073099
58 0.195580 0.616228 0.029683 0.071637
37 0.521768 0.529971 0.027704 0.068713
12 0.559037 0.529971 0.028364 0.068713
35 0.390501 0.614766 0.030343 0.071637
42 0.284301 0.446637 0.029024 0.071637
51 0.323549 0.446637 0.028364 0.068713
55 0.313654 0.615497 0.031003 0.073099
21 0.245383 0.445906 0.029024 0.073099
32 0.156003 0.616228 0.027045 0.071637
38 0.511873 0.445906 0.027704 0.067251
18 0.465369 0.614766 0.028364 0.071637
50 0.639512 0.695175 0.040237 0.071637
27 0.437665 0.447368 0.028364 0.067251
9 0.455805 0.364766 0.029024 0.071637
49 0.109828 0.703216 0.045515 0.070175
47 0.353892 0.701023 0.236807 0.074561
4 0.265501 0.362573 0.029683 0.070175
44 0.113786 0.617690 0.034960 0.065789
11 0.567282 0.364766 0.029024 0.068713
45 0.125660 0.529971 0.052111 0.068713
10 0.176121 0.529240 0.029024 0.073099
5 0.304749 0.363304 0.030343 0.071637
40 0.502968 0.612573 0.027045 0.067251
48 0.530013 0.364766 0.028364 0.068713
1 0.147427 0.361842 0.028364 0.071637
15 0.352573 0.614766 0.029683 0.071637
3 0.226253 0.364035 0.030343 0.073099
54 0.549142 0.446637 0.028364 0.068713
52 0.119393 0.441520 0.044855 0.067251
56 0.206464 0.447368 0.027704 0.073099
28 0.408641 0.529240 0.028364 0.070175
