31 0.479980 0.365234 0.028320 0.040365
6 0.339844 0.270182 0.029297 0.042969
52 0.114746 0.317057 0.049805 0.042969
33 0.423340 0.414062 0.030273 0.041667
45 0.113770 0.367188 0.051758 0.044271
58 0.191406 0.415365 0.029297 0.041667
13 0.204590 0.468099 0.041992 0.048177
25 0.366699 0.366536 0.028320 0.040365
0 0.488281 0.269531 0.029297 0.041667
53 0.395996 0.318359 0.028320 0.040365
54 0.543457 0.317708 0.028320 0.039062
22 0.626953 0.339844 0.050781 0.088542
38 0.507324 0.317708 0.028320 0.039062
4 0.262695 0.269531 0.031250 0.044271
32 0.151367 0.416016 0.031250 0.042969
16 0.270508 0.415365 0.029297 0.041667
39 0.579590 0.317057 0.028320 0.040365
23 0.290527 0.366536 0.028320 0.042969
15 0.348145 0.415365 0.030273 0.041667
17 0.107910 0.268229 0.030273 0.041667
9 0.451172 0.269531 0.029297 0.041667
11 0.560547 0.269531 0.027344 0.039062
30 0.485840 0.340495 0.948242 0.373698
10 0.171875 0.365885 0.029297 0.041667
51 0.320801 0.318359 0.028320 0.040365
20 0.616211 0.268229 0.064453 0.041667
57 0.230957 0.415365 0.030273 0.041667
46 0.606934 0.412760 0.092773 0.039062
1 0.146973 0.268229 0.030273 0.044271
34 0.536621 0.413411 0.028320 0.040365
44 0.108398 0.417318 0.041016 0.042969
36 0.470215 0.318359 0.028320 0.037760
5 0.301270 0.270833 0.030273 0.044271
43 0.211914 0.366536 0.029297 0.042969
28 0.404785 0.365234 0.028320 0.040365
26 0.590820 0.363932 0.027344 0.040365
29 0.442871 0.365885 0.028320 0.041667
40 0.499512 0.413411 0.028320 0.040365
8 0.414062 0.270182 0.029297 0.042969
19 0.251465 0.366536 0.030273 0.042969
35 0.385742 0.415365 0.029297 0.041667
2 0.184570 0.268229 0.031250 0.044271
47 0.350098 0.466146 0.235352 0.046875
48 0.524414 0.270182 0.029297 0.040365
42 0.280762 0.318359 0.030273 0.042969
49 0.104980 0.471354 0.043945 0.052083
59 0.357910 0.318359 0.028320 0.040365
56 0.202148 0.317708 0.031250 0.041667
3 0.223633 0.269531 0.031250 0.046875
7 0.376465 0.269531 0.030273 0.044271
55 0.310059 0.414714 0.030273 0.042969
14 0.495605 0.462891 0.040039 0.042969
50 0.636230 0.462240 0.040039 0.044271
37 0.517090 0.365234 0.028320 0.040365
21 0.242188 0.317708 0.029297 0.041667
24 0.328613 0.366536 0.028320 0.040365
27 0.433105 0.317708 0.028320 0.039062
18 0.461426 0.413411 0.028320 0.040365
41 0.163086 0.315755 0.031250 0.040365
12 0.554199 0.364583 0.028320 0.041667
