53 0.339662 0.533771 0.035162 0.052533
25 0.303797 0.595685 0.035162 0.052533
36 0.432489 0.532833 0.035162 0.052533
21 0.150141 0.535178 0.035865 0.053471
48 0.501758 0.471857 0.035865 0.054409
9 0.409634 0.471388 0.037271 0.055347
5 0.222574 0.471857 0.035865 0.054409
30 0.500703 0.566604 1.000000 0.502814
58 0.091772 0.659475 0.035865 0.052533
17 0.009494 0.474203 0.017581 0.051595
24 0.257384 0.596154 0.035162 0.053471
34 0.514065 0.655722 0.036568 0.054409
59 0.292546 0.533771 0.035162 0.052533
18 0.421589 0.657129 0.037271 0.055347
27 0.385724 0.532364 0.035865 0.051595
13 0.109353 0.722795 0.047117 0.053471
39 0.571027 0.531895 0.035162 0.054409
50 0.638186 0.718574 0.048523 0.054409
44 0.012307 0.661820 0.023207 0.051595
4 0.176160 0.471857 0.034459 0.054409
57 0.138889 0.659944 0.034459 0.051595
31 0.444444 0.593809 0.035162 0.052533
40 0.467651 0.656660 0.036568 0.054409
7 0.316456 0.472326 0.036568 0.055347
42 0.198312 0.534709 0.035162 0.052533
19 0.162799 0.596623 0.034459 0.052533
32 0.045007 0.661351 0.035162 0.052533
54 0.524613 0.531895 0.035162 0.054409
52 0.015823 0.535647 0.030239 0.052533
8 0.363221 0.472795 0.037271 0.056285
11 0.547468 0.470450 0.035865 0.053471
6 0.270042 0.471857 0.036568 0.054409
38 0.478903 0.532833 0.035162 0.052533
43 0.116034 0.597561 0.035162 0.052533
12 0.537271 0.593340 0.036568 0.055347
0 0.456399 0.470919 0.036568 0.054409
37 0.490858 0.594278 0.036568 0.053471
45 0.021449 0.598968 0.041491 0.053471
33 0.375176 0.658068 0.037271 0.057223
29 0.398734 0.595216 0.036568 0.053471
51 0.245429 0.533771 0.033755 0.052533
14 0.462729 0.719043 0.046414 0.053471
15 0.279887 0.659006 0.035162 0.053471
28 0.351266 0.595685 0.034459 0.052533
20 0.616385 0.469043 0.080872 0.054409
35 0.328059 0.659006 0.037271 0.053471
46 0.602321 0.655722 0.116034 0.054409
3 0.128340 0.472795 0.035865 0.054409
41 0.057665 0.535647 0.036568 0.052533
23 0.209916 0.596623 0.033052 0.052533
55 0.233474 0.658537 0.035162 0.052533
16 0.186709 0.659006 0.034459 0.053471
22 0.629747 0.562852 0.058368 0.118199
56 0.103727 0.534240 0.035865 0.053471
47 0.284810 0.722326 0.288326 0.058161
1 0.035865 0.473734 0.036568 0.052533
26 0.583685 0.592871 0.035162 0.054409
2 0.082630 0.474203 0.035865 0.053471
10 0.069269 0.597561 0.034459 0.052533
49 0.012658 0.724203 0.023910 0.052533
