19 0.246503 0.672965 0.041259 0.084302
47 0.384266 0.881541 0.347552 0.094477
21 0.238462 0.575581 0.041958 0.081395
1 0.113636 0.481831 0.041259 0.077035
54 0.663636 0.573401 0.037762 0.079942
14 0.596853 0.878634 0.058042 0.094477
56 0.185664 0.576308 0.041259 0.079942
52 0.067483 0.574128 0.069231 0.078488
49 0.035315 0.882994 0.060839 0.094477
27 0.503846 0.574128 0.038462 0.078488
41 0.132517 0.575581 0.042657 0.081395
20 0.763986 0.480378 0.090210 0.074128
4 0.269580 0.484012 0.039860 0.078488
57 0.214685 0.773256 0.041958 0.084302
5 0.321678 0.483285 0.040559 0.077035
24 0.354895 0.672965 0.039860 0.081395
3 0.217832 0.483285 0.041259 0.077035
53 0.451399 0.574855 0.039860 0.079942
8 0.477972 0.483285 0.038462 0.079942
48 0.633566 0.482558 0.037762 0.078488
59 0.398252 0.574128 0.038462 0.078488
10 0.138811 0.671512 0.042657 0.081395
2 0.166084 0.482558 0.039860 0.078488
31 0.572028 0.672238 0.039161 0.079942
25 0.409441 0.672965 0.039860 0.081395
43 0.192657 0.672238 0.042657 0.082849
45 0.065734 0.671512 0.085315 0.081395
50 0.807692 0.880087 0.061538 0.100291
36 0.556993 0.574128 0.039860 0.078488
30 0.500699 0.659157 1.000000 0.684593
32 0.103846 0.773256 0.044056 0.090116
26 0.733217 0.670785 0.039860 0.082849
51 0.344755 0.574855 0.039161 0.077035
35 0.435664 0.773256 0.040559 0.087209
42 0.291958 0.574855 0.039860 0.079942
44 0.041958 0.772529 0.060140 0.088663
34 0.655594 0.769622 0.039860 0.082849
33 0.490210 0.775436 0.041958 0.091570
16 0.269231 0.773983 0.043357 0.085756
28 0.463636 0.672965 0.040559 0.081395
23 0.301399 0.672238 0.040559 0.082849
7 0.425524 0.483285 0.038462 0.077035
58 0.159091 0.773983 0.042657 0.085756
9 0.529720 0.481831 0.038462 0.077035
29 0.518182 0.672238 0.039161 0.082849
6 0.373776 0.483285 0.041259 0.079942
39 0.715734 0.573401 0.039860 0.079942
55 0.325175 0.773256 0.041958 0.087209
18 0.545455 0.773256 0.040559 0.090116
22 0.785315 0.622820 0.075524 0.184593
46 0.759790 0.771802 0.139161 0.087209
17 0.061888 0.482558 0.041259 0.075581
11 0.684965 0.480378 0.038462 0.077035
13 0.174476 0.878634 0.060839 0.094477
37 0.626224 0.672238 0.038462 0.082849
12 0.680420 0.671512 0.037762 0.081395
38 0.610490 0.574128 0.037762 0.078488
40 0.601399 0.772529 0.037762 0.085756
15 0.380070 0.773256 0.041259 0.087209
0 0.581818 0.481105 0.039161 0.078488
