18 0.450762 0.594454 0.031131 0.046794
20 0.616582 0.436308 0.069250 0.047660
35 0.371982 0.592721 0.032402 0.046794
22 0.626429 0.515598 0.052097 0.102253
13 0.182656 0.646447 0.045108 0.050260
0 0.481258 0.435009 0.031131 0.048527
19 0.231576 0.536828 0.032402 0.047660
26 0.587357 0.542461 0.031131 0.046794
25 0.352605 0.538562 0.030496 0.045927
34 0.528590 0.594887 0.031766 0.047660
30 0.508577 0.504766 0.924396 0.406412
12 0.548602 0.541161 0.031131 0.047660
43 0.191233 0.536828 0.031766 0.047660
23 0.272236 0.537262 0.031131 0.046794
54 0.539072 0.488735 0.031131 0.046794
39 0.577827 0.489601 0.031131 0.046794
9 0.442186 0.435009 0.031766 0.048527
5 0.284625 0.431976 0.031766 0.047660
48 0.519377 0.436308 0.031131 0.047660
17 0.085769 0.427643 0.029225 0.045927
51 0.303685 0.484835 0.030496 0.045927
6 0.325286 0.432409 0.031766 0.048527
41 0.142313 0.482236 0.033037 0.047660
42 0.263342 0.483536 0.031131 0.046794
4 0.244600 0.430243 0.031766 0.047660
7 0.364358 0.434142 0.031131 0.048527
46 0.602922 0.595321 0.100381 0.048527
8 0.403431 0.434142 0.031766 0.048527
38 0.500000 0.487868 0.030496 0.045061
2 0.164549 0.429376 0.031766 0.047660
14 0.484752 0.649047 0.041931 0.050260
58 0.168996 0.591421 0.031766 0.047660
21 0.222999 0.484402 0.031766 0.048527
50 0.632783 0.649913 0.044473 0.050260
49 0.081957 0.646014 0.043202 0.049393
29 0.431703 0.539861 0.031131 0.046794
33 0.411372 0.593588 0.032402 0.048527
32 0.128335 0.590988 0.031766 0.048527
56 0.182020 0.483102 0.032402 0.047660
45 0.096569 0.535529 0.060991 0.046794
44 0.083863 0.589255 0.040661 0.046794
24 0.312579 0.537262 0.031766 0.046794
28 0.391995 0.538995 0.031766 0.046794
16 0.250635 0.591421 0.032402 0.047660
55 0.291614 0.591854 0.031766 0.048527
36 0.461245 0.487002 0.030496 0.045061
27 0.422173 0.486135 0.031131 0.045061
40 0.490152 0.594454 0.031131 0.046794
59 0.343710 0.485269 0.030496 0.046794
52 0.093075 0.481369 0.051461 0.045927
57 0.209657 0.591421 0.031766 0.047660
1 0.123888 0.428510 0.030496 0.047660
47 0.334498 0.648180 0.248412 0.050260
10 0.150572 0.536395 0.031766 0.046794
37 0.509848 0.540728 0.031131 0.046794
53 0.382147 0.486135 0.031131 0.046794
31 0.470775 0.539861 0.030496 0.046794
15 0.331639 0.592288 0.031766 0.047660
3 0.203939 0.429376 0.031766 0.047660
11 0.558132 0.436308 0.031131 0.045927
