37 0.524585 0.540052 0.030013 0.064599
16 0.280332 0.608527 0.030651 0.064599
33 0.430077 0.613049 0.031290 0.065891
6 0.348978 0.385659 0.031290 0.063307
24 0.337484 0.534238 0.028736 0.063307
17 0.123563 0.379199 0.028736 0.063307
53 0.403576 0.461240 0.030651 0.064599
4 0.273946 0.383075 0.029374 0.063307
45 0.130268 0.531654 0.048531 0.065891
49 0.124521 0.682817 0.040868 0.065891
18 0.468072 0.613049 0.029374 0.065891
9 0.461047 0.388889 0.031928 0.064599
28 0.412197 0.536822 0.028736 0.065891
21 0.253512 0.458010 0.029374 0.065891
22 0.636973 0.505814 0.049170 0.145995
31 0.486590 0.538760 0.029374 0.064599
29 0.449553 0.536822 0.029374 0.065891
0 0.497765 0.389535 0.031290 0.065891
41 0.178161 0.455426 0.029374 0.065891
1 0.160281 0.379845 0.028097 0.062016
35 0.392720 0.611757 0.030651 0.065891
36 0.478608 0.463178 0.031290 0.063307
26 0.598659 0.541990 0.030013 0.065891
38 0.515964 0.465116 0.030651 0.064599
34 0.542146 0.615633 0.029374 0.065891
23 0.299808 0.533592 0.028736 0.064599
40 0.505428 0.614341 0.028736 0.063307
48 0.534802 0.392119 0.031290 0.065891
10 0.186462 0.531654 0.029374 0.065891
59 0.366539 0.460594 0.029374 0.063307
39 0.590038 0.466408 0.030651 0.067183
51 0.328863 0.458656 0.029374 0.064599
56 0.215837 0.456718 0.029374 0.068475
58 0.204662 0.607235 0.028736 0.064599
8 0.423372 0.388243 0.030651 0.065891
7 0.386335 0.387597 0.030651 0.064599
47 0.358876 0.686047 0.232439 0.069767
50 0.640805 0.695090 0.042784 0.067183
13 0.217433 0.684109 0.038953 0.065891
32 0.167305 0.607881 0.029374 0.065891
43 0.224457 0.532300 0.028736 0.064599
11 0.572158 0.391473 0.029374 0.064599
30 0.510217 0.510982 0.955300 0.701550
5 0.311622 0.385013 0.030651 0.064599
42 0.291188 0.458656 0.029374 0.064599
20 0.628352 0.392765 0.068966 0.064599
54 0.553001 0.465762 0.030651 0.065891
57 0.242976 0.607881 0.028736 0.063307
44 0.125479 0.607881 0.038953 0.063307
3 0.235951 0.381783 0.030013 0.063307
46 0.613027 0.618217 0.097063 0.065891
52 0.131545 0.456072 0.048531 0.064599
27 0.440932 0.461886 0.030013 0.063307
55 0.318327 0.609173 0.030013 0.065891
15 0.355364 0.610465 0.030013 0.065891
2 0.197957 0.380491 0.029374 0.063307
12 0.561622 0.540698 0.030013 0.065891
19 0.262133 0.532946 0.028736 0.065891
25 0.374840 0.534884 0.029374 0.064599
14 0.500639 0.689922 0.040868 0.064599
