52 0.165000 0.468333 0.041250 0.036667
37 0.497812 0.512500 0.024375 0.036667
19 0.276562 0.510833 0.024375 0.036667
48 0.505313 0.428750 0.024375 0.037500
56 0.236563 0.468333 0.024375 0.036667
25 0.372188 0.511667 0.024375 0.035000
17 0.156562 0.425417 0.024375 0.035833
1 0.188438 0.425833 0.025625 0.036667
6 0.349062 0.427083 0.025625 0.037500
31 0.465938 0.512083 0.023125 0.035833
22 0.592187 0.492500 0.040625 0.080000
54 0.520938 0.471250 0.024375 0.037500
2 0.220312 0.426250 0.025625 0.037500
29 0.435000 0.511667 0.023750 0.036667
30 0.480625 0.480000 0.793750 0.345000
16 0.293125 0.552500 0.026250 0.036667
3 0.251875 0.426667 0.025000 0.038333
58 0.228750 0.552917 0.023750 0.035833
11 0.536875 0.428750 0.022500 0.035833
12 0.529062 0.512917 0.024375 0.037500
18 0.450625 0.553333 0.023750 0.036667
42 0.301250 0.468750 0.025000 0.035833
4 0.284687 0.426667 0.025625 0.038333
32 0.197500 0.552500 0.026250 0.036667
28 0.403438 0.511250 0.024375 0.035833
55 0.325000 0.552500 0.025000 0.036667
27 0.427187 0.470000 0.023125 0.035000
43 0.244688 0.510833 0.025625 0.036667
38 0.490000 0.470833 0.023750 0.036667
57 0.261250 0.552917 0.025000 0.035833
46 0.571562 0.555000 0.078125 0.036667
21 0.268437 0.468333 0.025625 0.036667
0 0.474375 0.428333 0.023750 0.038333
41 0.204063 0.467500 0.024375 0.036667
47 0.357812 0.595417 0.190625 0.039167
26 0.559688 0.512917 0.024375 0.037500
24 0.339687 0.510833 0.024375 0.036667
44 0.162188 0.552917 0.033125 0.035833
50 0.595938 0.598333 0.036875 0.040000
33 0.418750 0.553333 0.027500 0.036667
51 0.332813 0.469167 0.023125 0.035000
23 0.308750 0.511250 0.023750 0.035833
14 0.477500 0.596250 0.033750 0.039167
10 0.212188 0.510833 0.023125 0.036667
53 0.395937 0.469583 0.024375 0.035833
35 0.387813 0.553333 0.025625 0.036667
20 0.583750 0.427917 0.055000 0.037500
59 0.364063 0.470000 0.024375 0.035000
34 0.513125 0.554167 0.025000 0.036667
39 0.551875 0.470833 0.023750 0.038333
8 0.411562 0.427917 0.025625 0.039167
5 0.316563 0.427083 0.025625 0.037500
7 0.379688 0.427917 0.025625 0.039167
49 0.161875 0.599167 0.033750 0.038333
40 0.481563 0.553333 0.024375 0.036667
36 0.458437 0.470417 0.024375 0.035833
13 0.240625 0.595000 0.033750 0.038333
15 0.356250 0.553333 0.026250 0.036667
9 0.443125 0.427917 0.026250 0.037500
45 0.165313 0.510417 0.041875 0.037500
