59 0.244876 0.615234 0.031479 0.063802
8 0.310029 0.539714 0.032943 0.063802
36 0.374817 0.615885 0.032211 0.062500
50 0.565520 0.851562 0.046120 0.067708
20 0.545388 0.537760 0.076135 0.065104
29 0.341508 0.692057 0.031479 0.063802
6 0.223646 0.538411 0.032943 0.063802
21 0.113104 0.616536 0.032943 0.063802
39 0.503660 0.615885 0.032211 0.065104
45 0.017570 0.695964 0.033675 0.066406
44 0.012079 0.772786 0.022694 0.061198
43 0.078697 0.695312 0.032943 0.065104
53 0.288433 0.615885 0.032211 0.065104
13 0.067716 0.853516 0.046120 0.066406
46 0.531113 0.770182 0.109078 0.066406
55 0.187042 0.772135 0.032943 0.065104
11 0.481698 0.540365 0.032211 0.062500
51 0.200952 0.616536 0.031479 0.063802
1 0.009883 0.539062 0.018302 0.065104
0 0.395681 0.538411 0.032943 0.063802
37 0.428258 0.692708 0.032211 0.065104
17 0.008053 0.541667 0.014641 0.062500
41 0.025622 0.616536 0.033675 0.063802
56 0.069546 0.617188 0.032211 0.065104
24 0.210835 0.693359 0.032211 0.063802
18 0.362738 0.770833 0.031479 0.065104
52 0.013909 0.617188 0.026354 0.062500
34 0.449488 0.771484 0.032211 0.063802
25 0.254758 0.693359 0.032211 0.063802
22 0.556735 0.655599 0.054905 0.144531
49 0.012811 0.852214 0.024158 0.061198
54 0.460835 0.616536 0.031479 0.063802
12 0.471449 0.693359 0.032211 0.066406
16 0.143119 0.772786 0.034407 0.063802
19 0.122987 0.695312 0.032211 0.065104
26 0.513543 0.692057 0.031479 0.063802
15 0.231698 0.772135 0.034407 0.065104
57 0.098829 0.774740 0.033675 0.065104
47 0.233529 0.852865 0.270864 0.070312
31 0.384700 0.692708 0.031479 0.065104
35 0.275256 0.770833 0.033675 0.065104
42 0.157394 0.616536 0.032211 0.063802
33 0.318814 0.771484 0.034407 0.066406
58 0.053807 0.774740 0.032943 0.065104
48 0.439239 0.538411 0.032211 0.063802
4 0.135432 0.538411 0.032211 0.066406
10 0.034773 0.694661 0.032943 0.063802
2 0.047584 0.539714 0.032211 0.063802
7 0.266105 0.540365 0.031479 0.065104
40 0.405930 0.770833 0.031479 0.065104
28 0.298316 0.694010 0.031479 0.065104
38 0.417277 0.615234 0.032211 0.063802
3 0.091142 0.539062 0.032943 0.065104
9 0.353221 0.538411 0.032943 0.063802
23 0.166545 0.694661 0.031479 0.063802
32 0.013909 0.772786 0.026354 0.063802
5 0.178990 0.538411 0.031479 0.063802
30 0.468155 0.669271 0.934846 0.604167
27 0.331259 0.614583 0.031479 0.062500
14 0.400073 0.850911 0.044656 0.066406
