40 0.477210 0.479730 0.031768 0.060197
20 0.614296 0.254914 0.075276 0.060197
0 0.466506 0.253686 0.033840 0.060197
11 0.550414 0.253071 0.031768 0.058968
33 0.393992 0.479730 0.033840 0.062654
1 0.083218 0.251843 0.031077 0.058968
3 0.168508 0.253071 0.031768 0.058968
25 0.330456 0.404791 0.031077 0.062654
32 0.097721 0.479115 0.031077 0.061425
42 0.234461 0.329238 0.031077 0.061425
19 0.204075 0.404791 0.031077 0.065111
56 0.149517 0.329238 0.031077 0.061425
6 0.297307 0.253071 0.031077 0.061425
37 0.498619 0.406020 0.031768 0.062654
44 0.049724 0.482187 0.042818 0.060197
18 0.436119 0.479730 0.032459 0.062654
39 0.571478 0.330467 0.032459 0.061425
41 0.106699 0.328624 0.032459 0.060197
21 0.191989 0.329238 0.030387 0.061425
31 0.456146 0.404791 0.032459 0.062654
24 0.287638 0.404791 0.031077 0.062654
59 0.318715 0.328624 0.031077 0.060197
55 0.267265 0.479115 0.031768 0.061425
22 0.623619 0.368550 0.053867 0.142506
57 0.182666 0.479115 0.029696 0.061425
10 0.119820 0.404177 0.029696 0.063882
13 0.167818 0.554668 0.041436 0.065111
43 0.161948 0.404791 0.031077 0.062654
30 0.498619 0.388821 0.962707 0.593366
7 0.339434 0.253071 0.031077 0.061425
5 0.254489 0.253686 0.031077 0.060197
50 0.622238 0.555283 0.055249 0.063882
48 0.508978 0.253686 0.033149 0.060197
45 0.056630 0.406020 0.053867 0.065111
35 0.351865 0.479730 0.032459 0.062654
47 0.316644 0.554668 0.235497 0.067568
29 0.414710 0.405405 0.032459 0.063882
53 0.361878 0.329853 0.031768 0.060197
17 0.040401 0.254300 0.031077 0.058968
23 0.246202 0.404791 0.031077 0.062654
36 0.445787 0.331081 0.032459 0.060197
49 0.056285 0.556511 0.054558 0.063882
46 0.596685 0.480958 0.103591 0.062654
9 0.424724 0.254300 0.033149 0.061425
51 0.277279 0.329853 0.031077 0.060197
26 0.581146 0.405405 0.031077 0.063882
4 0.212362 0.253686 0.031077 0.060197
58 0.140539 0.479115 0.031077 0.061425
2 0.125691 0.252457 0.031768 0.057740
8 0.381906 0.254300 0.033149 0.061425
14 0.461671 0.554054 0.044890 0.063882
28 0.372583 0.404791 0.032459 0.062654
54 0.529696 0.331695 0.031768 0.061425
38 0.487569 0.331081 0.031768 0.060197
52 0.053867 0.330467 0.052486 0.061425
34 0.518992 0.479730 0.032459 0.062654
15 0.309392 0.479730 0.031768 0.062654
27 0.404351 0.329853 0.032459 0.060197
16 0.225138 0.479730 0.031768 0.062654
12 0.539710 0.406020 0.032459 0.062654
