45 0.068473 0.661028 0.089161 0.088972
24 0.358683 0.661654 0.041375 0.082707
32 0.108392 0.768797 0.046620 0.098997
1 0.117424 0.468045 0.043706 0.088972
39 0.718531 0.563910 0.044289 0.090226
30 0.500583 0.646617 1.000000 0.709273
15 0.384033 0.766917 0.043124 0.092732
16 0.273310 0.766291 0.045455 0.091479
21 0.242424 0.565789 0.044289 0.093985
26 0.736305 0.664787 0.043706 0.091479
57 0.218240 0.766917 0.044872 0.090226
46 0.762529 0.766291 0.145105 0.091479
58 0.163462 0.767544 0.046037 0.091479
3 0.221154 0.469925 0.043706 0.090226
40 0.603730 0.768797 0.044289 0.096491
20 0.766900 0.466165 0.093240 0.082707
7 0.429196 0.469925 0.042541 0.087719
18 0.548368 0.769424 0.043124 0.097744
42 0.295455 0.562657 0.041958 0.085213
10 0.142774 0.662907 0.043124 0.087719
27 0.507867 0.562657 0.040210 0.085213
35 0.439103 0.767544 0.042541 0.096491
53 0.454837 0.562657 0.040210 0.085213
52 0.069639 0.561404 0.072844 0.085213
49 0.036713 0.876566 0.067599 0.106516
38 0.612762 0.561404 0.041375 0.085213
22 0.789627 0.614662 0.076923 0.189223
5 0.324592 0.469925 0.044289 0.087719
19 0.250583 0.662281 0.043124 0.086466
17 0.064685 0.469298 0.044289 0.083960
8 0.481061 0.472431 0.041375 0.092732
9 0.533217 0.471178 0.041958 0.090226
31 0.574592 0.662281 0.041958 0.088972
29 0.520688 0.662907 0.041375 0.090226
47 0.389860 0.879073 0.346154 0.106516
56 0.189977 0.562657 0.044289 0.087719
41 0.136655 0.565789 0.044872 0.093985
23 0.304487 0.661654 0.042541 0.085213
59 0.401224 0.562030 0.041375 0.083960
13 0.180070 0.883459 0.059441 0.107769
6 0.377331 0.471178 0.043706 0.090226
48 0.636072 0.471178 0.042541 0.090226
12 0.682984 0.662281 0.043124 0.088972
55 0.328963 0.766291 0.042541 0.091479
28 0.466783 0.663534 0.040793 0.088972
37 0.628497 0.662907 0.042541 0.087719
14 0.600816 0.880326 0.057110 0.104010
11 0.688228 0.469298 0.040793 0.086466
54 0.666084 0.562657 0.041958 0.085213
43 0.196387 0.663534 0.044289 0.088972
34 0.658508 0.770050 0.045455 0.098997
25 0.412587 0.662281 0.041958 0.086466
51 0.348485 0.561404 0.040793 0.082707
4 0.273019 0.469298 0.043706 0.088972
44 0.045163 0.765038 0.064685 0.093985
33 0.493881 0.771930 0.043706 0.102757
50 0.810606 0.880326 0.061772 0.111529
0 0.585082 0.469298 0.041958 0.091479
36 0.560023 0.562030 0.040793 0.086466
2 0.169580 0.469298 0.043124 0.086466
