10 0.291413 0.424324 0.125380 0.243243
24 0.917173 0.437162 0.132219 0.244595
41 0.263298 0.181081 0.123860 0.232432
51 0.862842 0.191892 0.122340 0.213514
55 0.860182 0.698649 0.136778 0.259459
59 0.972264 0.199324 0.056991 0.209459
57 0.533815 0.700000 0.129939 0.262162
32 0.204407 0.696622 0.132219 0.263514
21 0.566109 0.191892 0.120061 0.227027
58 0.370061 0.697973 0.132219 0.263514
47 0.783055 0.927027 0.435410 0.148649
16 0.699088 0.696622 0.133739 0.255405
56 0.414514 0.182432 0.119301 0.218919
45 0.102964 0.416892 0.204407 0.233784
44 0.054331 0.688514 0.107143 0.263514
43 0.451748 0.428378 0.126900 0.245946
52 0.088906 0.166216 0.176292 0.213514
19 0.608283 0.435135 0.128419 0.251351
23 0.764438 0.436486 0.130699 0.254054
49 0.044073 0.924324 0.086626 0.154054
15 0.974924 0.699324 0.051672 0.244595
13 0.433511 0.925000 0.184650 0.152703
42 0.714666 0.190541 0.122340 0.218919
