56 0.205000 0.526490 0.032857 0.079470
3 0.225000 0.440397 0.035714 0.079470
4 0.262857 0.440397 0.034286 0.079470
19 0.252857 0.615894 0.034286 0.079470
21 0.243571 0.526490 0.032857 0.079470
33 0.425000 0.703642 0.032857 0.076159
59 0.357857 0.524834 0.032857 0.076159
7 0.377857 0.440397 0.032857 0.079470
5 0.300714 0.440397 0.032857 0.079470
13 0.209286 0.793046 0.044286 0.082781
58 0.195714 0.703642 0.031429 0.076159
45 0.119286 0.617550 0.055714 0.082781
46 0.610000 0.705298 0.100000 0.079470
32 0.157143 0.705298 0.034286 0.079470
14 0.496429 0.794702 0.044286 0.079470
54 0.550000 0.526490 0.031429 0.079470
27 0.434286 0.524834 0.031429 0.076159
41 0.166429 0.526490 0.032857 0.079470
38 0.511429 0.524834 0.031429 0.076159
43 0.215000 0.614238 0.032857 0.076159
23 0.290714 0.614238 0.032857 0.076159
17 0.109286 0.438742 0.032857 0.076159
47 0.353571 0.794702 0.235714 0.079470
16 0.272143 0.703642 0.032857 0.076159
49 0.115000 0.794702 0.044286 0.079470
57 0.233571 0.703642 0.032857 0.076159
24 0.330000 0.615894 0.034286 0.079470
2 0.186429 0.440397 0.032857 0.079470
9 0.454286 0.438742 0.034286 0.076159
35 0.387143 0.705298 0.034286 0.079470
30 0.496429 0.574503 0.958571 0.791391
22 0.635000 0.569536 0.050000 0.172185
40 0.502143 0.703642 0.032857 0.076159
52 0.118571 0.528146 0.051429 0.076159
15 0.348571 0.703642 0.034286 0.076159
20 0.626429 0.438742 0.070000 0.076159
36 0.472857 0.526490 0.031429 0.079470
8 0.415714 0.440397 0.034286 0.079470
34 0.539286 0.703642 0.032857 0.076159
42 0.282143 0.528146 0.032857 0.076159
44 0.115000 0.705298 0.044286 0.079470
28 0.405714 0.615894 0.031429 0.079470
51 0.320714 0.526490 0.032857 0.079470
6 0.340000 0.440397 0.034286 0.079470
1 0.148571 0.440397 0.034286 0.079470
31 0.482143 0.614238 0.032857 0.076159
0 0.492857 0.438742 0.034286 0.076159
39 0.587857 0.524834 0.032857 0.076159
12 0.559286 0.615894 0.032857 0.079470
29 0.444286 0.615894 0.034286 0.079470
26 0.596429 0.614238 0.032857 0.076159
48 0.530714 0.438742 0.032857 0.076159
37 0.520714 0.614238 0.032857 0.076159
55 0.310714 0.703642 0.032857 0.076159
11 0.567857 0.438742 0.032857 0.076159
18 0.462857 0.703642 0.031429 0.076159
53 0.396429 0.526490 0.032857 0.079470
50 0.639286 0.794702 0.044286 0.079470
10 0.175714 0.615894 0.034286 0.079470
25 0.367857 0.615894 0.032857 0.079470
