11 0.210728 0.382027 0.057471 0.082624
12 0.186143 0.579216 0.060664 0.086882
26 0.263729 0.579216 0.061303 0.086882
39 0.247126 0.484668 0.060026 0.083475
30 0.490421 0.548552 0.979566 0.766610
48 0.136015 0.383731 0.060026 0.084327
20 0.323755 0.384157 0.139208 0.083475
36 0.025862 0.482538 0.050447 0.084327
46 0.294061 0.690375 0.213921 0.096252
22 0.342593 0.530239 0.101533 0.188245
0 0.062261 0.384583 0.061941 0.084327
37 0.108876 0.580920 0.060664 0.086882
47 0.309068 0.919506 0.616858 0.109881
14 0.056513 0.790034 0.084930 0.092845
54 0.169860 0.480409 0.060026 0.085179
34 0.144955 0.682709 0.061303 0.089438
18 0.013091 0.687819 0.024904 0.089438
31 0.034483 0.582624 0.060026 0.085179
38 0.095466 0.480835 0.060664 0.084327
40 0.068966 0.683986 0.061303 0.088586
50 0.348020 0.787053 0.085568 0.093697
