44 0.139081 0.497869 0.037262 0.049716
0 0.483969 0.324574 0.028596 0.049716
18 0.457539 0.496449 0.027730 0.049716
5 0.308925 0.324574 0.028596 0.049716
36 0.467071 0.381392 0.027730 0.046875
24 0.334489 0.439631 0.027730 0.049716
43 0.229636 0.440341 0.027730 0.048295
20 0.607452 0.322443 0.062392 0.051136
53 0.396447 0.381392 0.028596 0.049716
25 0.370017 0.439631 0.027730 0.049716
17 0.133016 0.324574 0.028596 0.049716
34 0.527730 0.496449 0.027730 0.049716
2 0.202340 0.325284 0.028596 0.051136
41 0.184575 0.382102 0.029463 0.051136
8 0.413778 0.325284 0.028596 0.051136
39 0.571490 0.380682 0.028596 0.051136
15 0.352686 0.496449 0.027730 0.049716
52 0.141681 0.382812 0.045927 0.049716
51 0.326690 0.380682 0.027730 0.048295
4 0.273397 0.325284 0.028596 0.051136
16 0.282062 0.496449 0.028596 0.049716
7 0.379116 0.323864 0.028596 0.051136
14 0.488735 0.554688 0.038128 0.049716
30 0.492634 0.414062 0.881282 0.410511
33 0.422010 0.497159 0.029463 0.051136
32 0.176776 0.496449 0.027730 0.049716
9 0.449307 0.324574 0.028596 0.049716
27 0.431542 0.380682 0.027730 0.048295
11 0.554159 0.323864 0.026863 0.048295
31 0.475303 0.438920 0.026863 0.048295
3 0.237868 0.325284 0.028596 0.051136
40 0.493068 0.495739 0.027730 0.048295
10 0.194107 0.439631 0.027730 0.049716
37 0.510399 0.439631 0.027730 0.049716
6 0.344454 0.325284 0.028596 0.051136
42 0.291161 0.382102 0.027730 0.051136
38 0.501733 0.381392 0.027730 0.049716
35 0.387348 0.497159 0.029463 0.051136
12 0.545927 0.439631 0.027730 0.049716
29 0.440208 0.439631 0.027730 0.049716
55 0.317591 0.496449 0.028596 0.049716
46 0.593588 0.496449 0.086655 0.049716
50 0.620451 0.556108 0.039861 0.055398
26 0.580589 0.438920 0.027730 0.051136
59 0.361352 0.381392 0.027730 0.049716
47 0.356153 0.556108 0.213172 0.055398
13 0.224870 0.555398 0.038995 0.051136
54 0.536828 0.382102 0.028596 0.051136
56 0.220537 0.382812 0.028596 0.052557
49 0.138215 0.557528 0.040728 0.052557
57 0.246967 0.496449 0.027730 0.049716
23 0.299393 0.439631 0.026863 0.049716
21 0.255199 0.382102 0.028596 0.051136
22 0.616118 0.411932 0.045061 0.107955
48 0.518198 0.324574 0.027730 0.049716
58 0.211872 0.497159 0.026863 0.048295
1 0.167678 0.325284 0.028596 0.048295
45 0.142548 0.441051 0.047660 0.049716
19 0.264731 0.440341 0.026863 0.051136
28 0.405113 0.438920 0.028596 0.048295
