10 0.598030 0.625879 0.128518 0.090014
30 0.609756 0.587904 0.782364 0.779184
49 0.365854 0.831224 0.202627 0.098453
2 0.651501 0.422644 0.128518 0.087201
21 0.858818 0.535162 0.132270 0.090014
45 0.404784 0.617440 0.227955 0.094233
19 0.887430 0.640999 0.135084 0.094937
52 0.398218 0.513713 0.190432 0.090717
17 0.374765 0.411744 0.111632 0.085091
1 0.510319 0.417018 0.121951 0.085795
58 0.661351 0.736639 0.131332 0.094937
13 0.872889 0.860056 0.207317 0.099859
56 0.712008 0.527426 0.131332 0.090014
16 0.944184 0.753516 0.113508 0.096343
41 0.569887 0.522152 0.130394 0.090717
44 0.435272 0.725035 0.305816 0.099859
23 0.985460 0.648734 0.030957 0.096343
4 0.937148 0.433896 0.127580 0.090014
42 0.969981 0.540084 0.061914 0.092827
43 0.741088 0.633966 0.131332 0.092124
3 0.793152 0.428622 0.132270 0.087904
57 0.808161 0.745077 0.134146 0.094937
