8 0.558125 0.124375 0.036250 0.036250
58 0.313125 0.733750 0.038750 0.037500
2 0.307500 0.614375 0.037500 0.036250
14 0.615625 0.777500 0.048750 0.037500
54 0.703125 0.165000 0.038750 0.037500
19 0.378750 0.203750 0.037500 0.037500
4 0.391250 0.123125 0.037500 0.036250
44 0.227500 0.735000 0.047500 0.037500
38 0.661250 0.165000 0.037500 0.037500
16 0.400000 0.243750 0.037500 0.037500
27 0.577500 0.164375 0.037500 0.036250
50 0.661875 0.776250 0.038750 0.037500
15 0.483750 0.244375 0.037500 0.036250
53 0.536250 0.165000 0.037500 0.037500
29 0.590000 0.206875 0.037500 0.036250
37 0.671250 0.204375 0.037500 0.036250
11 0.728750 0.613750 0.037500 0.037500
51 0.452500 0.164375 0.037500 0.036250
9 0.603125 0.614375 0.038750 0.036250
46 0.772500 0.245000 0.110000 0.037500
13 0.358125 0.285000 0.038750 0.037500
47 0.486250 0.288750 0.205000 0.037500
30 0.515000 0.193750 0.652500 0.247500
31 0.629375 0.204375 0.036250 0.036250
15 0.481875 0.733750 0.038750 0.037500
23 0.418750 0.693125 0.037500 0.036250
16 0.398125 0.733125 0.038750 0.038750
2 0.308125 0.123125 0.038750 0.036250
0 0.641250 0.123750 0.037500 0.037500
32 0.273125 0.243750 0.038750 0.037500
13 0.355625 0.775000 0.038750 0.037500
20 0.790000 0.614375 0.077500 0.036250
3 0.349375 0.123125 0.038750 0.036250
24 0.462500 0.204375 0.037500 0.036250
36 0.621875 0.656250 0.038750 0.037500
39 0.749375 0.655000 0.038750 0.037500
47 0.482500 0.774375 0.207500 0.038750
59 0.495000 0.165000 0.037500 0.037500
14 0.613125 0.285000 0.046250 0.037500
55 0.443125 0.736250 0.038750 0.037500
8 0.560625 0.615625 0.038750 0.036250
30 0.515625 0.681250 0.658750 0.255000
1 0.265000 0.123125 0.037500 0.036250
17 0.222500 0.121875 0.037500 0.036250
43 0.336875 0.695000 0.038750 0.037500
10 0.294375 0.695000 0.038750 0.037500
41 0.285625 0.655000 0.038750 0.037500
5 0.433750 0.614375 0.037500 0.036250
41 0.284375 0.163750 0.038750 0.037500
21 0.368125 0.655000 0.038750 0.037500
34 0.693125 0.733125 0.038750 0.036250
37 0.671875 0.692500 0.038750 0.037500
46 0.772500 0.734375 0.110000 0.041250
43 0.337500 0.203750 0.037500 0.037500
31 0.632500 0.695000 0.037500 0.037500
21 0.368750 0.163750 0.037500 0.037500
26 0.760000 0.693750 0.040000 0.037500
7 0.516875 0.124375 0.036250 0.036250
29 0.590000 0.695000 0.037500 0.037500
7 0.519375 0.614375 0.038750 0.036250
11 0.726250 0.124375 0.037500 0.036250
28 0.547500 0.696250 0.037500 0.037500
55 0.442500 0.244375 0.037500 0.036250
42 0.411250 0.164375 0.037500 0.036250
38 0.661875 0.652500 0.038750 0.037500
6 0.475000 0.124375 0.037500 0.036250
18 0.608750 0.732500 0.037500 0.037500
54 0.706875 0.653750 0.038750 0.037500
53 0.538125 0.656250 0.038750 0.037500
48 0.688125 0.613750 0.038750 0.037500
59 0.495625 0.655000 0.038750 0.037500
12 0.715000 0.692500 0.040000 0.037500
4 0.391250 0.614375 0.037500 0.036250
0 0.645625 0.613750 0.038750 0.037500
1 0.265000 0.614375 0.037500 0.036250
57 0.358750 0.243750 0.037500 0.037500
51 0.453125 0.655000 0.038750 0.037500
34 0.692500 0.244375 0.037500 0.036250
35 0.524375 0.733750 0.038750 0.037500
57 0.355625 0.733125 0.038750 0.038750
45 0.237500 0.694375 0.067500 0.038750
24 0.461250 0.692500 0.037500 0.037500
26 0.756250 0.204375 0.037500 0.036250
19 0.376250 0.692500 0.037500 0.037500
27 0.580000 0.656250 0.037500 0.037500
6 0.476875 0.615625 0.038750 0.036250
10 0.294375 0.203125 0.038750 0.036250
20 0.790000 0.123750 0.075000 0.035000
56 0.326250 0.163125 0.037500 0.036250
49 0.228125 0.286875 0.043750 0.036250
3 0.350625 0.614375 0.038750 0.036250
36 0.618750 0.164375 0.037500 0.036250
33 0.566875 0.245000 0.036250 0.037500
56 0.327500 0.653750 0.037500 0.037500
52 0.233125 0.653750 0.056250 0.037500
25 0.505625 0.206875 0.036250 0.036250
18 0.608750 0.244375 0.037500 0.036250
42 0.409375 0.653750 0.038750 0.037500
35 0.525000 0.244375 0.037500 0.036250
33 0.565625 0.733750 0.038750 0.037500
22 0.800625 0.185000 0.058750 0.080000
58 0.316250 0.244375 0.037500 0.036250
22 0.801250 0.675000 0.057500 0.080000
23 0.423750 0.205625 0.037500 0.036250
49 0.221875 0.775000 0.048750 0.040000
48 0.683750 0.124375 0.037500 0.036250
50 0.661875 0.288750 0.036250 0.037500
45 0.236875 0.203125 0.066250 0.036250
44 0.223750 0.243750 0.050000 0.037500
5 0.433125 0.123750 0.036250 0.035000
17 0.223750 0.614375 0.035000 0.036250
40 0.651875 0.732500 0.038750 0.037500
39 0.748125 0.167500 0.038750 0.037500
12 0.714375 0.205000 0.038750 0.037500
32 0.270625 0.732500 0.038750 0.037500
9 0.600000 0.124375 0.037500 0.036250
25 0.506250 0.695000 0.037500 0.037500
28 0.549375 0.205625 0.036250 0.036250
52 0.231875 0.161875 0.056250 0.036250
40 0.650625 0.244375 0.038750 0.036250
