31 0.569507 0.455150 0.052317 0.106312
6 0.365097 0.246678 0.050075 0.101329
53 0.445067 0.350498 0.050075 0.102990
28 0.459268 0.456811 0.051570 0.106312
3 0.204036 0.245847 0.053812 0.102990
34 0.656203 0.563123 0.055306 0.112957
27 0.498879 0.348007 0.050075 0.101329
14 0.552691 0.687708 0.065022 0.119601
5 0.311659 0.245017 0.050822 0.101329
2 0.150598 0.246678 0.054559 0.101329
40 0.601271 0.564784 0.054559 0.109635
18 0.545590 0.567276 0.055306 0.111296
57 0.203662 0.575581 0.057549 0.114618
58 0.145366 0.576412 0.059043 0.116279
39 0.700299 0.345515 0.034380 0.099668
12 0.677877 0.451827 0.053812 0.106312
48 0.625561 0.243355 0.050822 0.098007
59 0.391256 0.350498 0.050075 0.102990
26 0.721973 0.449336 0.035874 0.107973
20 0.738416 0.241694 0.071749 0.098007
38 0.605381 0.346346 0.050822 0.101329
56 0.171525 0.350498 0.054559 0.106312
35 0.433483 0.571429 0.053812 0.112957
44 0.029895 0.578904 0.058296 0.117940
32 0.086323 0.577243 0.060538 0.117940
49 0.021300 0.703488 0.041106 0.124585
37 0.623318 0.453488 0.053812 0.106312
23 0.293348 0.459302 0.053064 0.107973
13 0.196936 0.699336 0.066517 0.122924
54 0.658072 0.345515 0.053064 0.102990
16 0.262706 0.575581 0.056054 0.114618
52 0.048580 0.349668 0.077728 0.111296
55 0.319880 0.573920 0.053812 0.114618
46 0.743647 0.559801 0.118087 0.116279
42 0.282511 0.351329 0.052317 0.104651
24 0.348655 0.458472 0.051570 0.106312
11 0.677877 0.242525 0.049327 0.096346
0 0.573617 0.243355 0.050075 0.101329
30 0.418161 0.446013 0.834828 0.782392
8 0.469731 0.245847 0.048580 0.099668
33 0.489910 0.569767 0.053064 0.112957
17 0.042601 0.245847 0.047833 0.102990
25 0.404709 0.458472 0.051570 0.106312
43 0.179372 0.460133 0.056801 0.109635
47 0.374813 0.693522 0.287743 0.124585
9 0.522048 0.244186 0.050075 0.099668
1 0.094918 0.245017 0.055306 0.104651
50 0.618087 0.690199 0.059791 0.117940
10 0.122197 0.460133 0.057549 0.109635
19 0.236921 0.459302 0.053812 0.111296
22 0.755605 0.394518 0.074738 0.214286
29 0.514948 0.455980 0.052317 0.107973
21 0.227205 0.350498 0.053812 0.106312
15 0.376308 0.572259 0.054559 0.114618
45 0.048206 0.460963 0.090433 0.114618
4 0.258221 0.244186 0.050075 0.102990
36 0.551943 0.348007 0.051570 0.101329
51 0.337070 0.350498 0.050822 0.102990
41 0.115097 0.352159 0.058296 0.106312
7 0.417414 0.245847 0.048580 0.099668
