57 0.273166 0.763535 0.061776 0.097134
45 0.078668 0.659236 0.103282 0.098726
59 0.483108 0.542197 0.062741 0.097134
18 0.685811 0.749204 0.064672 0.097134
50 0.776544 0.876592 0.068533 0.119427
38 0.757239 0.532643 0.062741 0.097134
49 0.053571 0.886146 0.066602 0.119427
25 0.510135 0.647293 0.062741 0.097134
19 0.305019 0.652070 0.063707 0.097134
55 0.410714 0.757962 0.062741 0.098726
12 0.854730 0.636146 0.064672 0.097134
21 0.278475 0.546975 0.064672 0.097134
30 0.501931 0.618631 0.998069 0.699045
47 0.486486 0.872611 0.351351 0.121019
27 0.620656 0.536624 0.061776 0.095541
33 0.616795 0.752389 0.063707 0.100318
34 0.824324 0.745223 0.065637 0.095541
41 0.140444 0.550955 0.064672 0.095541
53 0.550676 0.539013 0.062741 0.097134
16 0.341699 0.758758 0.063707 0.097134
43 0.236486 0.655255 0.063707 0.093949
6 0.466699 0.437102 0.062741 0.097134
56 0.208977 0.548567 0.062741 0.097134
22 0.967664 0.579618 0.066602 0.207006
8 0.602799 0.432325 0.062741 0.097134
11 0.876931 0.423567 0.062741 0.095541
37 0.786197 0.640127 0.064672 0.098726
36 0.688707 0.535828 0.064672 0.097134
14 0.699324 0.867038 0.068533 0.119427
3 0.262066 0.441083 0.064672 0.095541
29 0.648649 0.643312 0.063707 0.098726
35 0.548263 0.753981 0.063707 0.097134
48 0.807432 0.425955 0.062741 0.097134
24 0.442568 0.648885 0.062741 0.097134
0 0.739865 0.428344 0.062741 0.098726
9 0.670849 0.430732 0.061776 0.097134
52 0.065637 0.552548 0.075290 0.095541
40 0.754826 0.746019 0.063707 0.097134
58 0.202703 0.764331 0.063707 0.098726
32 0.133205 0.766720 0.063707 0.097134
28 0.579633 0.644108 0.062741 0.097134
7 0.535714 0.435510 0.061776 0.093949
15 0.479730 0.755573 0.063707 0.097134
5 0.398166 0.437898 0.062741 0.095541
46 0.930985 0.741242 0.139961 0.097134
23 0.373069 0.650478 0.062741 0.093949
44 0.059846 0.768312 0.073359 0.097134
1 0.125000 0.444268 0.062741 0.095541
39 0.894788 0.528662 0.063707 0.095541
4 0.331081 0.439490 0.061776 0.095541
17 0.056950 0.446656 0.061776 0.093949
13 0.271718 0.881369 0.066602 0.116242
51 0.415058 0.542197 0.061776 0.097134
10 0.167471 0.656051 0.062741 0.095541
54 0.824807 0.531051 0.062741 0.097134
42 0.347008 0.545382 0.062741 0.093949
2 0.194015 0.442675 0.063707 0.095541
20 0.958012 0.421178 0.085907 0.097134
26 0.924228 0.635350 0.062741 0.095541
31 0.717181 0.640924 0.061776 0.097134
