33 0.610186 0.721795 0.063249 0.125641
11 0.857523 0.335897 0.059920 0.120513
39 0.879827 0.465385 0.039281 0.123077
58 0.204727 0.721154 0.065912 0.124359
30 0.501997 0.532692 0.997337 0.873077
10 0.171105 0.589744 0.063915 0.123077
17 0.059587 0.331410 0.053928 0.121795
15 0.476698 0.719872 0.065246 0.124359
55 0.409121 0.720513 0.064581 0.125641
21 0.292277 0.460897 0.065246 0.124359
13 0.268975 0.854487 0.074567 0.126923
41 0.155792 0.462821 0.066578 0.123077
12 0.844541 0.594231 0.061917 0.121795
38 0.759321 0.463462 0.063249 0.121795
37 0.777963 0.593590 0.063249 0.123077
36 0.693076 0.463462 0.063915 0.121795
24 0.443076 0.589744 0.063249 0.123077
51 0.427430 0.461538 0.062583 0.120513
4 0.326565 0.331410 0.061917 0.121795
46 0.912783 0.721154 0.130493 0.124359
49 0.057590 0.853846 0.068575 0.125641
59 0.493675 0.462821 0.063249 0.123077
9 0.659454 0.335256 0.063249 0.121795
40 0.744008 0.719231 0.063249 0.123077
34 0.810919 0.720513 0.062583 0.123077
23 0.375499 0.589744 0.063915 0.123077
50 0.753995 0.853846 0.064581 0.125641
28 0.576897 0.591026 0.061917 0.123077
52 0.074234 0.458974 0.089880 0.125641
54 0.826232 0.464744 0.062583 0.124359
47 0.476365 0.855128 0.333555 0.130769
45 0.081225 0.587821 0.106525 0.126923
2 0.191744 0.330769 0.066578 0.123077
27 0.627164 0.462821 0.062583 0.120513
42 0.359521 0.461538 0.063915 0.123077
18 0.677097 0.720513 0.062583 0.123077
32 0.136152 0.721154 0.063249 0.126923
5 0.392477 0.333333 0.064581 0.123077
53 0.559920 0.462821 0.063915 0.123077
29 0.644141 0.591667 0.063249 0.124359
31 0.710386 0.591667 0.062583 0.121795
22 0.941079 0.530769 0.072570 0.256410
25 0.509987 0.590385 0.063915 0.121795
26 0.898469 0.592949 0.039281 0.124359
16 0.341545 0.721795 0.065246 0.125641
44 0.063915 0.719872 0.073236 0.126923
7 0.526964 0.335256 0.061917 0.121795
14 0.681425 0.853846 0.072570 0.125641
43 0.239348 0.591026 0.064581 0.123077
20 0.934421 0.337179 0.083222 0.123077
0 0.725699 0.335897 0.062583 0.123077
56 0.223702 0.460897 0.065246 0.124359
57 0.273302 0.722436 0.064581 0.126923
8 0.592876 0.335256 0.061917 0.121795
35 0.543609 0.721795 0.064581 0.125641
6 0.460053 0.334615 0.063915 0.123077
1 0.123502 0.330128 0.064581 0.124359
19 0.307590 0.590385 0.065246 0.124359
3 0.258988 0.330769 0.065246 0.123077
48 0.791611 0.336538 0.062583 0.121795
