21 0.248214 0.366228 0.039286 0.059211
13 0.231071 0.573465 0.040714 0.059211
28 0.441071 0.434211 0.039286 0.059211
24 0.349286 0.434211 0.038571 0.059211
19 0.257857 0.434759 0.038571 0.058114
27 0.476071 0.366228 0.039286 0.057018
10 0.165714 0.433114 0.038571 0.057018
57 0.233214 0.503289 0.039286 0.059211
55 0.325357 0.503289 0.039286 0.059211
46 0.669643 0.502741 0.075000 0.060307
56 0.202500 0.365680 0.039286 0.058114
22 0.713929 0.399123 0.063571 0.129386
54 0.613571 0.366228 0.040000 0.057018
40 0.556786 0.503289 0.040714 0.059211
7 0.409643 0.298794 0.037857 0.058114
45 0.105357 0.433114 0.067857 0.059211
0 0.545357 0.298246 0.039286 0.057018
33 0.463571 0.503838 0.040000 0.060307
53 0.430000 0.366776 0.038571 0.058114
34 0.603929 0.502741 0.040714 0.058114
23 0.303929 0.434759 0.039286 0.058114
36 0.521071 0.366228 0.039286 0.057018
20 0.704286 0.296601 0.078571 0.055921
4 0.274286 0.298246 0.037143 0.057018
12 0.626786 0.434211 0.039286 0.057018
8 0.454286 0.299342 0.038571 0.057018
16 0.278929 0.503289 0.039286 0.059211
3 0.228571 0.298794 0.040000 0.058114
37 0.580000 0.434211 0.040000 0.059211
42 0.293571 0.366776 0.038571 0.058114
5 0.318571 0.298246 0.038571 0.057018
52 0.102500 0.365132 0.056429 0.059211
17 0.094643 0.298246 0.033571 0.054825
51 0.339286 0.366776 0.038571 0.058114
31 0.533214 0.434759 0.039286 0.058114
44 0.089286 0.501645 0.045714 0.060307
30 0.494286 0.410088 0.891429 0.451754
43 0.212143 0.434211 0.038571 0.059211
39 0.657500 0.365680 0.035000 0.058114
49 0.086786 0.572368 0.046429 0.061404
58 0.186786 0.503289 0.039286 0.059211
18 0.510000 0.503289 0.040000 0.059211
15 0.370714 0.503289 0.040000 0.059211
14 0.510357 0.573465 0.040714 0.059211
47 0.370357 0.573465 0.226429 0.061404
48 0.591071 0.298246 0.039286 0.057018
2 0.183214 0.298246 0.039286 0.057018
32 0.139643 0.502193 0.042143 0.061404
38 0.567500 0.366228 0.039286 0.057018
35 0.417500 0.503838 0.040714 0.060307
11 0.636786 0.297697 0.037857 0.055921
26 0.670000 0.432566 0.034286 0.058114
41 0.156071 0.366228 0.042143 0.059211
6 0.363929 0.298246 0.037857 0.057018
29 0.487500 0.434211 0.039286 0.059211
59 0.385357 0.366776 0.037857 0.058114
9 0.499643 0.298246 0.039286 0.057018
50 0.605357 0.574013 0.040714 0.060307
25 0.395357 0.434759 0.039286 0.058114
1 0.137143 0.298246 0.038571 0.057018
