24 0.425950 0.595675 0.058978 0.049803
19 0.292595 0.595675 0.060944 0.051114
18 0.660878 0.654980 0.062254 0.050459
42 0.343381 0.538991 0.060288 0.050459
50 0.747051 0.718545 0.062910 0.062254
37 0.762451 0.598952 0.062254 0.051114
36 0.676278 0.540629 0.061599 0.051114
56 0.208388 0.538008 0.060288 0.049803
20 0.944954 0.483617 0.111402 0.052425
9 0.645806 0.483617 0.060944 0.051114
4 0.311599 0.481651 0.059633 0.049803
38 0.745085 0.540629 0.061599 0.051114
8 0.577982 0.483945 0.060288 0.050459
35 0.526868 0.653670 0.060288 0.050459
51 0.409895 0.538991 0.058322 0.050459
59 0.476409 0.539318 0.058978 0.051114
34 0.798493 0.656291 0.063565 0.050459
11 0.851245 0.482962 0.060288 0.051114
10 0.158585 0.594364 0.058978 0.049803
25 0.492464 0.596330 0.059633 0.049803
7 0.512123 0.483290 0.059633 0.050459
47 0.475426 0.715269 0.329620 0.062254
15 0.459699 0.652687 0.060944 0.051114
30 0.500655 0.576016 1.000000 0.410223
1 0.111730 0.480996 0.058322 0.049803
16 0.326343 0.652359 0.061599 0.050459
44 0.055374 0.650393 0.068807 0.051769
17 0.048820 0.480341 0.051769 0.048493
13 0.269987 0.713630 0.066841 0.061599
57 0.259174 0.652031 0.059633 0.051114
41 0.142202 0.538336 0.061599 0.050459
31 0.694299 0.598296 0.060944 0.051114
40 0.729358 0.655636 0.061599 0.050459
2 0.178571 0.481651 0.060944 0.049803
29 0.626802 0.597313 0.059633 0.051769
55 0.393185 0.652687 0.060288 0.051114
6 0.445282 0.482634 0.059633 0.050459
0 0.713630 0.483290 0.061599 0.051769
27 0.609764 0.539974 0.059633 0.049803
54 0.813893 0.541612 0.062910 0.051769
33 0.593381 0.654653 0.060944 0.051114
53 0.542267 0.539974 0.059633 0.051114
26 0.901704 0.599607 0.062910 0.052425
49 0.053735 0.711664 0.066841 0.061599
12 0.832241 0.598952 0.062910 0.051114
52 0.063893 0.536697 0.083224 0.049803
58 0.192005 0.651704 0.060288 0.050459
28 0.559305 0.596986 0.058322 0.051114
21 0.276212 0.538991 0.062254 0.050459
22 0.961992 0.571101 0.077326 0.112058
23 0.359764 0.595675 0.058978 0.049803
32 0.125164 0.651376 0.061599 0.051114
39 0.883683 0.541612 0.062254 0.051769
5 0.377785 0.482634 0.059633 0.050459
48 0.781782 0.483290 0.062910 0.053080
3 0.244430 0.481651 0.061599 0.049803
46 0.918087 0.657602 0.165138 0.053080
43 0.225426 0.595020 0.060288 0.049803
45 0.072412 0.593381 0.101573 0.050459
