13 0.291250 0.710818 0.061250 0.115118
37 0.692813 0.484743 0.051875 0.104022
24 0.433125 0.485437 0.048750 0.102635
11 0.744375 0.281553 0.047500 0.094313
10 0.222188 0.482663 0.053125 0.105409
17 0.149688 0.278086 0.044375 0.095700
3 0.298750 0.280166 0.050000 0.094313
31 0.640625 0.484050 0.048750 0.105409
54 0.725625 0.380721 0.050000 0.101248
57 0.298125 0.594313 0.053750 0.109570
35 0.512188 0.594313 0.050625 0.106796
58 0.243438 0.593620 0.054375 0.110957
50 0.683438 0.709431 0.053125 0.112344
20 0.803438 0.282247 0.068125 0.095700
45 0.153750 0.481276 0.083750 0.108183
38 0.675625 0.381415 0.048750 0.099861
16 0.352500 0.593620 0.052500 0.108183
30 0.481563 0.466713 0.826875 0.739251
23 0.381563 0.484743 0.049375 0.104022
22 0.819375 0.431345 0.072500 0.213592
49 0.118750 0.710818 0.060000 0.117892
25 0.485312 0.486130 0.049375 0.101248
53 0.523438 0.382802 0.048125 0.099861
12 0.744687 0.484050 0.051875 0.105409
8 0.546875 0.282247 0.046250 0.095700
48 0.695000 0.282940 0.048750 0.094313
39 0.766250 0.380721 0.033750 0.098474
43 0.275313 0.484050 0.051875 0.105409
33 0.565312 0.595007 0.050625 0.105409
4 0.348750 0.279473 0.047500 0.095700
56 0.267813 0.379334 0.050625 0.101248
19 0.328437 0.484743 0.050625 0.104022
59 0.473438 0.382108 0.046875 0.098474
6 0.448125 0.280860 0.047500 0.095700
18 0.618125 0.593620 0.051250 0.105409
9 0.596250 0.281553 0.046250 0.094313
55 0.405938 0.595007 0.050625 0.108183
52 0.155000 0.375867 0.070000 0.102635
2 0.248438 0.279473 0.050625 0.095700
27 0.574063 0.380721 0.048125 0.098474
14 0.625000 0.709431 0.060000 0.115118
0 0.645312 0.282247 0.048125 0.095700
47 0.458750 0.710125 0.271250 0.116505
15 0.459062 0.594313 0.051875 0.106796
40 0.671250 0.593620 0.051250 0.105409
7 0.497812 0.282940 0.045625 0.094313
46 0.807500 0.591540 0.112500 0.112344
42 0.371563 0.380721 0.048125 0.098474
5 0.398125 0.280860 0.047500 0.095700
29 0.589375 0.484050 0.050000 0.105409
28 0.537500 0.484050 0.048750 0.105409
51 0.422500 0.382108 0.047500 0.098474
1 0.197500 0.277393 0.051250 0.097087
36 0.624687 0.381415 0.049375 0.099861
41 0.215625 0.378641 0.053750 0.099861
21 0.320312 0.379334 0.050625 0.101248
34 0.723437 0.593620 0.053125 0.105409
44 0.132188 0.592926 0.061875 0.112344
32 0.189375 0.592926 0.056250 0.112344
26 0.787188 0.483356 0.034375 0.106796
