45 0.122500 0.528698 0.080000 0.081678
0 0.648125 0.334437 0.048750 0.077263
11 0.758125 0.330022 0.048750 0.077263
56 0.240000 0.432671 0.047500 0.079470
12 0.754375 0.514349 0.051250 0.083885
4 0.326250 0.342163 0.045000 0.075055
30 0.491250 0.505519 0.900000 0.657837
22 0.860625 0.465784 0.081250 0.181015
16 0.329375 0.619205 0.048750 0.086093
51 0.403125 0.428256 0.046250 0.079470
15 0.442500 0.615894 0.050000 0.088300
55 0.386875 0.616998 0.048750 0.086093
20 0.835000 0.326711 0.095000 0.079470
18 0.615000 0.612583 0.052500 0.086093
33 0.557500 0.614790 0.050000 0.090508
9 0.594375 0.335541 0.048750 0.075055
21 0.294375 0.431567 0.048750 0.081678
53 0.512500 0.428256 0.047500 0.079470
10 0.193750 0.526490 0.047500 0.081678
44 0.101250 0.624724 0.057500 0.088300
34 0.730625 0.610375 0.053750 0.086093
57 0.272500 0.619205 0.047500 0.086093
1 0.168125 0.348786 0.046250 0.075055
24 0.415000 0.519868 0.047500 0.081678
47 0.456250 0.726269 0.285000 0.114790
43 0.248750 0.525386 0.047500 0.083885
5 0.379375 0.342163 0.046250 0.075055
17 0.116875 0.350993 0.041250 0.075055
36 0.622500 0.423841 0.050000 0.079470
54 0.734375 0.420530 0.051250 0.081678
52 0.123125 0.435982 0.068750 0.081678
42 0.348750 0.430464 0.047500 0.079470
26 0.811250 0.512141 0.052500 0.083885
27 0.568125 0.426049 0.048750 0.079470
3 0.273125 0.344371 0.046250 0.075055
49 0.091250 0.732892 0.055000 0.110375
35 0.500000 0.615894 0.050000 0.088300
28 0.527500 0.517660 0.050000 0.081678
38 0.678750 0.421634 0.050000 0.079470
19 0.303750 0.524283 0.047500 0.081678
6 0.433750 0.339956 0.047500 0.075055
8 0.540000 0.336645 0.047500 0.077263
37 0.697500 0.514349 0.052500 0.083885
40 0.673125 0.610375 0.051250 0.086093
39 0.789375 0.418322 0.051250 0.081678
59 0.458750 0.428256 0.047500 0.079470
25 0.471875 0.519868 0.048750 0.081678
29 0.583750 0.516556 0.050000 0.083885
46 0.836875 0.608168 0.148750 0.090508
14 0.693125 0.721854 0.053750 0.110375
13 0.277500 0.727373 0.055000 0.108168
2 0.220625 0.345475 0.046250 0.072848
23 0.358750 0.522075 0.047500 0.081678
58 0.215625 0.621413 0.048750 0.086093
32 0.159375 0.622517 0.051250 0.088300
48 0.703125 0.331126 0.048750 0.075055
41 0.185625 0.435982 0.048750 0.081678
7 0.487500 0.338852 0.047500 0.077263
31 0.640625 0.516556 0.048750 0.083885
