43 0.320251 0.443322 0.053430 0.060633
59 0.518799 0.355448 0.054749 0.055360
56 0.302441 0.390158 0.052111 0.057996
48 0.744063 0.268453 0.054090 0.055360
28 0.595317 0.398946 0.056069 0.059754
36 0.678430 0.332601 0.057388 0.055360
25 0.541557 0.407293 0.055409 0.058875
57 0.354551 0.494288 0.054749 0.060633
23 0.431728 0.425308 0.054749 0.059754
10 0.265172 0.451670 0.052770 0.057996
8 0.589380 0.292619 0.053430 0.056239
32 0.240765 0.512302 0.055409 0.063269
46 0.891821 0.410808 0.145119 0.065905
0 0.693931 0.276362 0.055409 0.055360
6 0.483509 0.308875 0.052770 0.055360
45 0.187995 0.461336 0.093668 0.061511
15 0.523087 0.467487 0.059367 0.061511
37 0.757586 0.374780 0.060026 0.057118
44 0.176451 0.522847 0.069261 0.061511
26 0.861807 0.358524 0.060026 0.056239
14 0.726253 0.495606 0.063325 0.065026
9 0.642480 0.284271 0.054090 0.055360
3 0.324208 0.332162 0.053430 0.054482
22 0.903034 0.325571 0.091029 0.108084
49 0.231860 0.577329 0.060026 0.068541
35 0.578496 0.458699 0.059367 0.061511
21 0.356860 0.381371 0.054090 0.056239
52 0.178430 0.407293 0.075858 0.057118
58 0.298813 0.504394 0.056728 0.063269
11 0.795515 0.261863 0.055409 0.054482
24 0.486807 0.416081 0.055409 0.057118
53 0.572889 0.347979 0.056069 0.056239
13 0.347625 0.557557 0.060686 0.067663
40 0.742084 0.432337 0.059367 0.057996
47 0.537269 0.525483 0.330475 0.112478
12 0.809697 0.365993 0.056069 0.057118
16 0.411280 0.486380 0.058707 0.060633
4 0.377968 0.324253 0.051451 0.056239
5 0.430409 0.316344 0.053430 0.054482
2 0.271108 0.340510 0.052770 0.055360
27 0.625989 0.339631 0.055409 0.055360
42 0.411280 0.373902 0.054749 0.057118
33 0.633245 0.449473 0.058047 0.060633
20 0.866755 0.252197 0.097625 0.056239
19 0.375989 0.433216 0.055409 0.057996
7 0.537269 0.300527 0.053430 0.054482
1 0.216689 0.349736 0.049472 0.057996
17 0.161939 0.357206 0.049472 0.057118
51 0.465040 0.364675 0.052770 0.056239
31 0.703496 0.382689 0.056069 0.057118
55 0.467018 0.477153 0.058047 0.061511
38 0.731530 0.324692 0.055409 0.055360
39 0.834433 0.307557 0.058047 0.056239
18 0.687665 0.440685 0.058707 0.058875
50 0.837401 0.477153 0.063984 0.065026
54 0.782982 0.315905 0.056728 0.055360
30 0.559367 0.423111 0.882586 0.491213
34 0.797164 0.424868 0.060026 0.058875
29 0.650396 0.391476 0.056728 0.058875
41 0.248021 0.399385 0.056728 0.057118
