29 0.605164 0.397687 0.054156 0.072954
19 0.309824 0.401246 0.052897 0.072954
43 0.250630 0.402135 0.052897 0.071174
1 0.147355 0.244662 0.052897 0.069395
39 0.821788 0.314057 0.054156 0.072954
26 0.841940 0.394128 0.054156 0.072954
17 0.089421 0.243772 0.052897 0.071174
36 0.644836 0.316726 0.052897 0.071174
23 0.369018 0.400356 0.052897 0.071174
21 0.293451 0.322064 0.052897 0.071174
59 0.469144 0.320285 0.051637 0.071174
10 0.191436 0.403025 0.052897 0.072954
16 0.339421 0.481317 0.054156 0.072954
2 0.206549 0.243772 0.052897 0.071174
44 0.090050 0.484875 0.074307 0.076512
3 0.264484 0.243772 0.052897 0.071174
45 0.112091 0.408363 0.100756 0.072954
4 0.323048 0.242883 0.051637 0.069395
53 0.527708 0.319395 0.052897 0.072954
48 0.731108 0.237544 0.054156 0.069395
38 0.704030 0.316726 0.052897 0.071174
37 0.723552 0.395907 0.054156 0.072954
0 0.671914 0.238434 0.054156 0.071174
8 0.555416 0.241993 0.052897 0.071174
30 0.490554 0.387011 0.908060 0.492883
28 0.546599 0.398577 0.052897 0.071174
47 0.458438 0.569395 0.292191 0.088968
52 0.100756 0.323843 0.083123 0.071174
58 0.219773 0.483096 0.054156 0.072954
7 0.497481 0.241993 0.052897 0.071174
24 0.428212 0.399466 0.052897 0.072954
46 0.857053 0.474199 0.139798 0.076512
27 0.585642 0.317616 0.052897 0.069395
50 0.721662 0.565836 0.055416 0.088968
55 0.399244 0.480427 0.052897 0.074733
18 0.636020 0.476868 0.055416 0.071174
14 0.649244 0.565836 0.079345 0.088968
33 0.576196 0.478648 0.054156 0.074733
35 0.517632 0.479537 0.055416 0.072954
40 0.696474 0.475979 0.055416 0.072954
49 0.112091 0.574733 0.130982 0.092527
56 0.234887 0.322064 0.051637 0.071174
54 0.761965 0.314947 0.052897 0.071174
41 0.175693 0.322954 0.054156 0.072954
9 0.613350 0.240214 0.052897 0.071174
5 0.382242 0.243772 0.054156 0.071174
42 0.352015 0.321174 0.051637 0.069395
34 0.755668 0.475979 0.055416 0.072954
6 0.440176 0.242883 0.054156 0.069395
22 0.890428 0.354982 0.075567 0.158363
57 0.280227 0.483096 0.054156 0.072954
32 0.161209 0.489324 0.055416 0.074733
13 0.243703 0.572064 0.124685 0.090747
11 0.789043 0.235765 0.051637 0.069395
12 0.782746 0.395018 0.054156 0.071174
20 0.867758 0.234875 0.093199 0.071174
31 0.664987 0.396797 0.052897 0.071174
25 0.487406 0.399466 0.052897 0.072954
51 0.411209 0.320285 0.051637 0.071174
15 0.459068 0.479537 0.054156 0.072954
