15 0.467500 0.505718 0.063333 0.091487
6 0.446667 0.215375 0.061667 0.087675
27 0.606667 0.304320 0.061667 0.087675
5 0.380833 0.217916 0.061667 0.087675
35 0.533750 0.503177 0.062500 0.091487
38 0.737500 0.297967 0.063333 0.090216
42 0.344167 0.315121 0.061667 0.088945
57 0.269583 0.513342 0.062500 0.091487
1 0.120417 0.228717 0.060833 0.088945
31 0.697083 0.398348 0.062500 0.090216
36 0.671667 0.301144 0.063333 0.088945
59 0.475417 0.309403 0.062500 0.090216
16 0.335833 0.511436 0.063333 0.090216
47 0.462083 0.606099 0.340833 0.096569
22 0.935417 0.338628 0.077500 0.189327
13 0.259583 0.613723 0.062500 0.091487
14 0.665833 0.597205 0.063333 0.091487
37 0.763750 0.393901 0.064167 0.091487
34 0.800000 0.491741 0.065000 0.088945
25 0.498750 0.405337 0.062500 0.088945
44 0.065000 0.523507 0.073333 0.091487
52 0.071250 0.327192 0.082500 0.090216
21 0.279167 0.318933 0.063333 0.088945
4 0.316250 0.220457 0.060833 0.087675
46 0.873333 0.490470 0.075000 0.091487
53 0.540417 0.306226 0.060833 0.091487
40 0.733750 0.493647 0.064167 0.090216
26 0.892083 0.388818 0.054167 0.091487
18 0.666250 0.496823 0.064167 0.091487
17 0.057917 0.231893 0.054167 0.087675
39 0.866250 0.292249 0.052500 0.088945
19 0.301667 0.414231 0.061667 0.088945
41 0.147917 0.324651 0.064167 0.090216
32 0.137500 0.519695 0.063333 0.091487
10 0.169583 0.419949 0.062500 0.090216
29 0.631250 0.399619 0.062500 0.090216
8 0.576250 0.210928 0.060833 0.086404
50 0.732917 0.594663 0.064167 0.091487
58 0.203750 0.516518 0.062500 0.090216
45 0.082500 0.423126 0.106667 0.091487
7 0.512083 0.212834 0.060833 0.087675
54 0.804583 0.294790 0.064167 0.091487
2 0.185417 0.226175 0.062500 0.088945
49 0.058750 0.622618 0.064167 0.091487
23 0.366667 0.411690 0.061667 0.088945
56 0.213333 0.320839 0.061667 0.090216
30 0.498750 0.389454 0.984167 0.611182
43 0.235417 0.417408 0.062500 0.087675
28 0.564583 0.402160 0.062500 0.090216
51 0.409583 0.311944 0.060833 0.087675
48 0.772917 0.200127 0.064167 0.090216
12 0.830417 0.391995 0.064167 0.090216
9 0.641667 0.207116 0.061667 0.088945
55 0.401667 0.508259 0.063333 0.091487
24 0.432500 0.407243 0.061667 0.090216
11 0.838750 0.196315 0.060833 0.090216
33 0.600000 0.500000 0.063333 0.092757
20 0.919167 0.194409 0.090000 0.091487
3 0.250417 0.222363 0.062500 0.088945
0 0.707083 0.203939 0.062500 0.090216
