46 0.938969 0.401289 0.123870 0.046811
29 0.654159 0.356852 0.060579 0.044776
44 0.065099 0.420285 0.063291 0.044098
16 0.342676 0.414858 0.061483 0.044098
9 0.680380 0.254410 0.060579 0.044776
5 0.405063 0.261533 0.059675 0.044098
54 0.839512 0.301221 0.062387 0.044776
15 0.481013 0.412144 0.061483 0.044098
32 0.132007 0.418589 0.061483 0.044776
24 0.444846 0.362280 0.059675 0.044776
14 0.841772 0.459973 0.063291 0.047490
3 0.268535 0.265265 0.059675 0.043419
59 0.492315 0.310719 0.058770 0.044776
7 0.543852 0.258480 0.058770 0.044776
52 0.073237 0.318860 0.072333 0.043419
47 0.483273 0.465400 0.324593 0.051560
42 0.354430 0.313094 0.059675 0.044098
36 0.698463 0.304274 0.060579 0.045455
40 0.762206 0.405360 0.063291 0.044098
10 0.168174 0.367028 0.059675 0.043419
0 0.750000 0.252374 0.060579 0.044776
1 0.133363 0.268657 0.058770 0.043419
4 0.337251 0.262890 0.057866 0.044098
25 0.514919 0.360923 0.060579 0.043419
17 0.068264 0.270353 0.056962 0.042741
28 0.583635 0.358887 0.058770 0.044776
22 0.974231 0.322592 0.053345 0.097015
6 0.474231 0.260176 0.058770 0.044098
38 0.768987 0.302239 0.060579 0.044098
57 0.273508 0.416214 0.060579 0.044098
55 0.412749 0.413840 0.060579 0.044776
41 0.148282 0.317843 0.061483 0.044098
58 0.203436 0.417571 0.061483 0.044098
11 0.890597 0.248982 0.059675 0.043419
56 0.215190 0.315807 0.059675 0.044098
23 0.376582 0.363297 0.060579 0.044098
30 0.506329 0.337856 0.989150 0.363636
43 0.237342 0.366011 0.060579 0.044098
20 0.965190 0.247286 0.071429 0.044098
2 0.201627 0.266282 0.059675 0.042741
37 0.794756 0.352782 0.061483 0.044776
26 0.937161 0.349729 0.062387 0.044098
12 0.866184 0.351425 0.061483 0.044776
34 0.833635 0.403664 0.063291 0.044776
27 0.630199 0.306649 0.059675 0.044776
39 0.910488 0.299525 0.063291 0.044098
31 0.724684 0.355156 0.060579 0.045455
35 0.551085 0.411465 0.060579 0.044098
48 0.819620 0.250678 0.060579 0.044098
21 0.284810 0.314450 0.059675 0.044098
33 0.619801 0.409430 0.062387 0.044098
53 0.560579 0.308684 0.059675 0.044776
19 0.306510 0.364654 0.059675 0.044098
8 0.611212 0.256445 0.059675 0.044776
49 0.064195 0.472863 0.063291 0.047490
51 0.422694 0.311737 0.058770 0.044098
45 0.081374 0.368385 0.094033 0.044776
18 0.691230 0.407395 0.062387 0.045455
