31 0.616892 0.623941 0.052703 0.078390
3 0.230405 0.413136 0.055405 0.076271
24 0.381081 0.598517 0.054054 0.078390
0 0.635811 0.455508 0.052703 0.076271
25 0.439865 0.604873 0.055405 0.078390
2 0.171622 0.406780 0.056757 0.076271
47 0.402027 0.781780 0.298649 0.105932
10 0.142568 0.575212 0.055405 0.078390
54 0.723649 0.549788 0.055405 0.078390
34 0.702027 0.722458 0.044595 0.080508
48 0.694595 0.461864 0.054054 0.076271
23 0.322297 0.594280 0.055405 0.082627
51 0.370946 0.511653 0.052703 0.078390
29 0.558784 0.617585 0.052703 0.078390
44 0.043919 0.654661 0.058108 0.080508
4 0.289189 0.418432 0.054054 0.074153
27 0.545946 0.529661 0.051351 0.076271
6 0.405405 0.431144 0.054054 0.074153
28 0.499324 0.610169 0.052703 0.080508
15 0.406081 0.688559 0.055405 0.080508
11 0.754054 0.468220 0.051351 0.076271
33 0.525000 0.702331 0.055405 0.082627
56 0.194595 0.493644 0.056757 0.080508
7 0.462162 0.438559 0.051351 0.076271
43 0.202703 0.581568 0.054054 0.078390
22 0.851351 0.606992 0.070270 0.167373
5 0.347297 0.425847 0.054054 0.076271
30 0.458784 0.605932 0.914865 0.635593
55 0.346622 0.684322 0.055405 0.080508
52 0.067568 0.480932 0.070270 0.076271
32 0.104730 0.659958 0.058108 0.082627
18 0.587162 0.708686 0.055405 0.082627
45 0.068243 0.567797 0.085135 0.080508
21 0.254054 0.498941 0.054054 0.078390
41 0.134459 0.488347 0.058108 0.078390
46 0.762838 0.729873 0.063514 0.082627
12 0.738514 0.637712 0.055405 0.080508
38 0.664865 0.542373 0.054054 0.076271
37 0.677027 0.631356 0.054054 0.080508
16 0.287162 0.676907 0.058108 0.082627
17 0.062162 0.397246 0.040541 0.074153
35 0.465541 0.695975 0.055405 0.082627
59 0.429730 0.516949 0.054054 0.076271
9 0.578378 0.449153 0.054054 0.076271
1 0.112162 0.400424 0.056757 0.076271
58 0.166216 0.666314 0.056757 0.082627
20 0.835811 0.475636 0.095946 0.078390
49 0.035135 0.744703 0.062162 0.082627
53 0.487162 0.524364 0.052703 0.078390
40 0.647973 0.716102 0.055405 0.080508
8 0.519595 0.443856 0.052703 0.074153
14 0.712838 0.819915 0.071622 0.084746
39 0.782432 0.556144 0.054054 0.078390
26 0.797297 0.645127 0.054054 0.082627
42 0.312838 0.506356 0.055405 0.076271
19 0.261486 0.587924 0.058108 0.078390
57 0.225000 0.671610 0.058108 0.080508
36 0.603378 0.536017 0.052703 0.076271
