20 0.892119 0.208487 0.083979 0.073801
48 0.751938 0.214022 0.054264 0.073801
21 0.294574 0.312731 0.054264 0.075646
59 0.477390 0.307196 0.052972 0.071956
30 0.500646 0.374539 0.921189 0.549815
10 0.188630 0.399446 0.051680 0.071956
5 0.384367 0.226015 0.052972 0.071956
41 0.173773 0.317343 0.052972 0.073801
34 0.775840 0.467712 0.055556 0.071956
35 0.525840 0.474170 0.054264 0.073801
44 0.122739 0.484317 0.126615 0.075646
9 0.629199 0.217712 0.054264 0.073801
19 0.310724 0.396679 0.052972 0.073801
36 0.660853 0.300738 0.055556 0.073801
57 0.281008 0.482472 0.052972 0.071956
24 0.432171 0.392989 0.052972 0.073801
28 0.554910 0.387454 0.052972 0.073801
11 0.814599 0.211255 0.052972 0.071956
49 0.096899 0.571956 0.085271 0.073801
14 0.616925 0.559041 0.055556 0.073801
23 0.371447 0.393911 0.052972 0.071956
42 0.354651 0.310886 0.052972 0.071956
50 0.743540 0.556273 0.055556 0.075646
37 0.741602 0.384686 0.054264 0.071956
13 0.310724 0.566421 0.081395 0.073801
29 0.616925 0.387454 0.052972 0.073801
51 0.416021 0.308118 0.051680 0.073801
6 0.445736 0.224170 0.054264 0.071956
55 0.403101 0.477860 0.051680 0.073801
7 0.507106 0.222325 0.052972 0.075646
56 0.233204 0.313653 0.052972 0.073801
18 0.649871 0.472325 0.054264 0.073801
39 0.832041 0.294280 0.043928 0.075646
27 0.600129 0.301661 0.052972 0.071956
3 0.263566 0.229705 0.054264 0.071956
40 0.713178 0.469557 0.054264 0.071956
12 0.798450 0.380996 0.043928 0.071956
33 0.587855 0.473247 0.054264 0.075646
46 0.910853 0.469557 0.072351 0.075646
52 0.098837 0.315498 0.078811 0.073801
58 0.219638 0.484317 0.051680 0.071956
45 0.106589 0.400369 0.094315 0.073801
32 0.837209 0.467712 0.051680 0.075646
54 0.780362 0.297048 0.043928 0.073801
8 0.567183 0.219557 0.054264 0.073801
31 0.679587 0.385609 0.054264 0.073801
17 0.083979 0.234317 0.046512 0.070111
0 0.690568 0.215867 0.055556 0.073801
15 0.464470 0.476937 0.055556 0.075646
53 0.538114 0.304428 0.052972 0.073801
4 0.324289 0.227860 0.051680 0.071956
38 0.723514 0.298893 0.054264 0.073801
43 0.249354 0.398524 0.051680 0.073801
22 0.901163 0.336716 0.076227 0.160517
25 0.493540 0.391144 0.054264 0.073801
1 0.143411 0.233395 0.051680 0.071956
16 0.341731 0.480627 0.052972 0.075646
2 0.203488 0.230627 0.052972 0.073801
47 0.470930 0.564576 0.220930 0.077491
26 0.850775 0.379151 0.042636 0.075646
