24 0.349375 0.485417 0.037500 0.079167
36 0.495937 0.398611 0.035625 0.075000
9 0.475625 0.316667 0.035000 0.075000
56 0.218750 0.402778 0.038750 0.080556
20 0.633750 0.312500 0.048750 0.075000
44 0.116562 0.581250 0.046875 0.084722
16 0.287500 0.574306 0.038750 0.081944
13 0.241250 0.666667 0.046250 0.086111
7 0.399687 0.317361 0.035625 0.076389
21 0.260000 0.402778 0.038750 0.080556
25 0.390000 0.484722 0.037500 0.077778
51 0.340313 0.401389 0.036875 0.077778
33 0.449375 0.568056 0.037500 0.083333
26 0.615625 0.475694 0.022500 0.079167
37 0.545312 0.480556 0.035625 0.077778
38 0.534062 0.397917 0.035625 0.076389
53 0.419375 0.400694 0.036250 0.076389
42 0.300312 0.402083 0.036875 0.079167
2 0.202500 0.320833 0.038750 0.077778
32 0.161875 0.579167 0.041250 0.083333
10 0.185000 0.490278 0.040000 0.080556
27 0.457813 0.398611 0.035625 0.075000
23 0.309063 0.486806 0.038125 0.079167
54 0.572187 0.396528 0.035625 0.076389
45 0.129375 0.490972 0.066250 0.084722
12 0.584375 0.479167 0.036250 0.077778
5 0.321250 0.318750 0.037500 0.076389
15 0.369375 0.571528 0.038750 0.081944
28 0.429375 0.482639 0.036250 0.079167
0 0.513437 0.316667 0.035625 0.075000
39 0.603125 0.393750 0.022500 0.076389
22 0.640312 0.433333 0.044375 0.161111
19 0.268437 0.487500 0.038125 0.080556
3 0.242500 0.319444 0.037500 0.077778
57 0.245625 0.575694 0.040000 0.081944
49 0.107500 0.672917 0.050000 0.087500
47 0.367812 0.661111 0.201875 0.088889
50 0.534062 0.651389 0.036875 0.083333
14 0.491875 0.652778 0.043750 0.086111
30 0.380312 0.461806 0.605625 0.593056
8 0.437812 0.317361 0.035625 0.076389
46 0.627812 0.559028 0.079375 0.079167
59 0.380312 0.401389 0.036875 0.077778
34 0.565625 0.561806 0.036250 0.079167
43 0.226875 0.489583 0.038750 0.079167
29 0.468750 0.481944 0.036250 0.077778
48 0.550937 0.316667 0.034375 0.072222
4 0.281250 0.318056 0.036250 0.077778
52 0.127812 0.403472 0.056875 0.084722
6 0.360938 0.318750 0.035625 0.076389
11 0.589063 0.313889 0.034375 0.075000
17 0.121563 0.322222 0.035625 0.077778
31 0.507188 0.480556 0.035625 0.077778
35 0.409687 0.570833 0.036875 0.080556
55 0.329062 0.572917 0.038125 0.081944
18 0.488438 0.564583 0.036875 0.081944
40 0.527188 0.563194 0.036875 0.079167
58 0.204063 0.577778 0.039375 0.083333
41 0.177187 0.404861 0.040625 0.081944
1 0.160312 0.319444 0.039375 0.080556
