2 0.215358 0.197635 0.049654 0.067568
51 0.402425 0.273649 0.047344 0.067568
55 0.389145 0.428209 0.048499 0.069257
15 0.443995 0.428209 0.049654 0.069257
3 0.269053 0.197635 0.048499 0.067568
42 0.348730 0.274493 0.048499 0.069257
11 0.757506 0.194257 0.046189 0.067568
18 0.607968 0.425676 0.049654 0.067568
45 0.125289 0.350507 0.081986 0.069257
56 0.239030 0.274493 0.048499 0.069257
38 0.674365 0.271959 0.048499 0.067568
44 0.109700 0.429054 0.057737 0.070946
53 0.510970 0.272804 0.047344 0.069257
27 0.566397 0.271959 0.047344 0.067568
34 0.717667 0.424831 0.049654 0.069257
48 0.702079 0.195101 0.048499 0.069257
58 0.224018 0.429899 0.048499 0.069257
30 0.487298 0.341216 0.854503 0.489865
57 0.279446 0.428209 0.048499 0.069257
25 0.471132 0.350507 0.048499 0.069257
35 0.498845 0.428209 0.048499 0.069257
14 0.613164 0.510980 0.055427 0.082770
8 0.540416 0.197635 0.048499 0.067568
23 0.361432 0.350507 0.048499 0.069257
5 0.377598 0.197635 0.048499 0.067568
32 0.168014 0.429054 0.049654 0.070946
31 0.635104 0.348818 0.048499 0.069257
12 0.745381 0.347973 0.049654 0.067568
33 0.553118 0.427365 0.048499 0.070946
17 0.109700 0.198480 0.041570 0.065878
49 0.107968 0.515203 0.058891 0.084459
6 0.432448 0.197635 0.047344 0.067568
1 0.161085 0.198480 0.047344 0.065878
24 0.416282 0.350507 0.047344 0.069257
29 0.580254 0.349662 0.049654 0.070946
13 0.280023 0.514358 0.049654 0.082770
19 0.307159 0.350507 0.048499 0.069257
9 0.594688 0.195946 0.048499 0.067568
22 0.851617 0.309122 0.070439 0.148649
59 0.457275 0.272804 0.048499 0.069257
43 0.252309 0.351351 0.047344 0.067568
20 0.836028 0.192568 0.092379 0.067568
46 0.819284 0.424831 0.139723 0.069257
41 0.185335 0.274493 0.049654 0.069257
40 0.663395 0.425676 0.049654 0.067568
28 0.525404 0.349662 0.048499 0.070946
26 0.799654 0.347128 0.049654 0.069257
16 0.334296 0.428209 0.049654 0.069257
21 0.293880 0.274493 0.049654 0.069257
36 0.620092 0.271959 0.048499 0.067568
10 0.197460 0.351351 0.048499 0.067568
4 0.323903 0.197635 0.047344 0.067568
50 0.671478 0.510135 0.051963 0.084459
39 0.784642 0.269426 0.049654 0.069257
54 0.729215 0.271115 0.049654 0.069257
47 0.444573 0.511824 0.267898 0.084459
0 0.648961 0.195946 0.048499 0.067568
7 0.486143 0.197635 0.048499 0.067568
52 0.120092 0.273649 0.066975 0.067568
37 0.689954 0.348818 0.049654 0.069257
