14 0.752222 0.635309 0.055556 0.069588
32 0.219444 0.516108 0.050000 0.063144
27 0.655556 0.421392 0.053333 0.061856
43 0.313333 0.457474 0.055556 0.061856
11 0.817778 0.375000 0.046667 0.051546
38 0.773333 0.431701 0.053333 0.061856
7 0.553333 0.349871 0.046667 0.052835
30 0.549444 0.480670 0.881111 0.448454
21 0.361111 0.394330 0.055556 0.061856
55 0.456667 0.538660 0.055556 0.061856
45 0.183333 0.444588 0.073333 0.064433
18 0.693889 0.557990 0.054444 0.061856
53 0.596667 0.417526 0.053333 0.061856
49 0.160556 0.583119 0.061111 0.070876
31 0.727778 0.494845 0.053333 0.061856
33 0.633889 0.554124 0.054444 0.061856
47 0.517778 0.615335 0.280000 0.086340
8 0.606111 0.355026 0.047778 0.052835
59 0.537778 0.411727 0.053333 0.060567
17 0.185000 0.314433 0.047778 0.051546
25 0.549444 0.480026 0.054444 0.060567
51 0.478889 0.406572 0.053333 0.060567
28 0.608333 0.483892 0.052222 0.060567
19 0.372222 0.463273 0.053333 0.063144
56 0.301667 0.388531 0.054444 0.060567
39 0.891111 0.440077 0.053333 0.060567
46 0.907222 0.577964 0.116667 0.070876
42 0.420000 0.400773 0.053333 0.061856
58 0.277222 0.521907 0.056667 0.061856
44 0.166111 0.511598 0.052222 0.064433
37 0.787222 0.499356 0.054444 0.060567
29 0.668333 0.489691 0.054444 0.061856
36 0.713889 0.427191 0.054444 0.060567
4 0.395556 0.335052 0.046667 0.051546
52 0.182222 0.376933 0.055556 0.060567
1 0.238333 0.319588 0.047778 0.051546
48 0.762778 0.367912 0.047778 0.052835
22 0.924444 0.510309 0.084444 0.064433
54 0.832222 0.436211 0.053333 0.060567
15 0.515556 0.543814 0.055556 0.061856
5 0.447778 0.340851 0.046667 0.052835
20 0.934444 0.380799 0.068889 0.055412
3 0.343889 0.330541 0.050000 0.052835
57 0.337778 0.527062 0.055556 0.061856
10 0.252222 0.451031 0.055556 0.061856
40 0.753889 0.563789 0.054444 0.060567
24 0.490000 0.474871 0.053333 0.063144
23 0.431667 0.468428 0.054444 0.060567
34 0.813333 0.569588 0.055556 0.061856
35 0.575000 0.548969 0.054444 0.061856
0 0.710000 0.364046 0.046667 0.052835
6 0.500556 0.345361 0.047778 0.051546
26 0.945000 0.445232 0.038889 0.060567
16 0.396667 0.533505 0.055556 0.061856
41 0.242222 0.383376 0.055556 0.060567
9 0.658333 0.360180 0.047778 0.052835
2 0.291111 0.324742 0.048889 0.051546
13 0.345000 0.598582 0.056667 0.068299
12 0.847222 0.504510 0.054444 0.060567
