40 0.672308 0.431214 0.047692 0.064740
35 0.517308 0.428324 0.046923 0.065896
51 0.429615 0.282081 0.045385 0.062428
41 0.224615 0.275723 0.047692 0.063584
7 0.507692 0.215607 0.044615 0.061272
20 0.828846 0.224277 0.085385 0.060116
17 0.156923 0.202312 0.041538 0.062428
34 0.724231 0.432948 0.048462 0.063584
43 0.285769 0.348555 0.046923 0.063584
14 0.625385 0.510983 0.053846 0.078613
29 0.593846 0.357803 0.046154 0.063584
18 0.619615 0.430058 0.046923 0.064740
1 0.205385 0.204046 0.046154 0.061272
53 0.530769 0.285549 0.044615 0.062428
9 0.607692 0.217919 0.044615 0.061272
36 0.630769 0.287861 0.046154 0.062428
55 0.413462 0.424855 0.046923 0.065896
47 0.464615 0.506936 0.258462 0.082081
38 0.681154 0.289595 0.045385 0.061272
21 0.327692 0.278035 0.047692 0.063584
3 0.306923 0.208671 0.046154 0.061272
8 0.557308 0.216763 0.043846 0.061272
52 0.164231 0.272832 0.065385 0.064740
33 0.568077 0.429480 0.046923 0.065896
19 0.337692 0.350289 0.046154 0.064740
59 0.480385 0.284393 0.045385 0.062428
25 0.491923 0.355491 0.045385 0.063584
4 0.357692 0.209827 0.044615 0.061272
58 0.255769 0.420809 0.048462 0.067052
27 0.580769 0.286705 0.044615 0.062428
0 0.656923 0.219653 0.044615 0.060116
15 0.465385 0.427168 0.047692 0.065896
42 0.379231 0.280925 0.046154 0.062428
57 0.308846 0.421387 0.046923 0.065896
30 0.500385 0.342775 0.810000 0.493642
31 0.645000 0.358960 0.045385 0.063584
50 0.680385 0.512717 0.048462 0.079769
48 0.706923 0.220231 0.044615 0.061272
54 0.732308 0.291329 0.046154 0.062428
45 0.165385 0.343931 0.080000 0.065896
44 0.146154 0.417341 0.055385 0.067052
46 0.818077 0.435838 0.131538 0.067052
10 0.233462 0.346821 0.046923 0.064740
39 0.782692 0.290751 0.045385 0.061272
22 0.845385 0.329480 0.067692 0.134104
13 0.305769 0.503468 0.050000 0.079769
28 0.542692 0.356069 0.045385 0.064740
2 0.256154 0.206358 0.046154 0.061272
5 0.407308 0.212139 0.045385 0.061272
32 0.202308 0.417341 0.049231 0.067052
26 0.798846 0.361850 0.045385 0.062428
49 0.139615 0.497688 0.059231 0.082081
56 0.276538 0.276879 0.046923 0.063584
23 0.389615 0.352023 0.045385 0.063584
11 0.757308 0.221965 0.043846 0.060116
24 0.440385 0.353757 0.045385 0.064740
12 0.748077 0.361272 0.046923 0.063584
37 0.696154 0.360116 0.046154 0.063584
6 0.458462 0.213873 0.044615 0.060116
16 0.361538 0.423699 0.047692 0.065896
