13 0.246842 0.598519 0.129474 0.094815
31 0.676842 0.411852 0.054737 0.074074
39 0.837895 0.324444 0.054737 0.074074
12 0.796842 0.408889 0.054737 0.074074
52 0.089474 0.339259 0.088421 0.077037
51 0.416842 0.333333 0.054737 0.074074
3 0.261053 0.253333 0.056842 0.074074
46 0.869474 0.494815 0.138947 0.088889
0 0.685789 0.245185 0.055789 0.075556
44 0.084211 0.509630 0.075789 0.077037
4 0.322105 0.251111 0.054737 0.075556
17 0.073158 0.255556 0.055789 0.075556
32 0.156842 0.508148 0.056842 0.077037
40 0.708421 0.493333 0.054737 0.074074
29 0.615789 0.412593 0.054737 0.075556
37 0.736842 0.410370 0.054737 0.074074
36 0.657368 0.328889 0.055789 0.074074
55 0.404737 0.501481 0.055789 0.075556
5 0.384211 0.251111 0.056842 0.075556
45 0.100526 0.426667 0.110526 0.082963
48 0.746316 0.243704 0.054737 0.075556
20 0.886316 0.240000 0.094737 0.074074
22 0.903158 0.362963 0.067368 0.162963
8 0.564737 0.248148 0.055789 0.075556
1 0.136316 0.254815 0.055789 0.074074
26 0.856316 0.406667 0.053684 0.075556
27 0.596842 0.329630 0.054737 0.072593
58 0.220000 0.506667 0.056842 0.077037
28 0.555789 0.414074 0.054737 0.075556
53 0.536842 0.331852 0.054737 0.074074
16 0.342632 0.503704 0.055789 0.077037
21 0.292105 0.337037 0.055789 0.075556
6 0.444737 0.250370 0.055789 0.074074
24 0.434211 0.417778 0.055789 0.074074
10 0.187368 0.422963 0.056842 0.075556
11 0.806316 0.240741 0.052632 0.072593
33 0.586842 0.497778 0.055789 0.077037
59 0.476316 0.333333 0.055789 0.074074
30 0.491579 0.400000 0.924211 0.521481
41 0.167895 0.339259 0.057895 0.077037
14 0.660526 0.587407 0.081053 0.090370
7 0.505263 0.249630 0.054737 0.075556
2 0.198421 0.254074 0.055789 0.075556
54 0.777895 0.325926 0.054737 0.074074
18 0.647895 0.495556 0.055789 0.072593
19 0.311053 0.420741 0.055789 0.074074
57 0.282632 0.505185 0.055789 0.074074
25 0.494737 0.416296 0.054737 0.074074
42 0.353684 0.335556 0.054737 0.075556
49 0.110526 0.602222 0.136842 0.096296
23 0.373158 0.419259 0.055789 0.074074
35 0.526842 0.499259 0.055789 0.077037
47 0.465789 0.591852 0.297895 0.093333
38 0.717895 0.327407 0.054737 0.074074
34 0.767895 0.492593 0.055789 0.072593
50 0.732632 0.583704 0.056842 0.088889
9 0.625789 0.246667 0.055789 0.075556
56 0.231053 0.337037 0.055789 0.075556
43 0.250000 0.422222 0.055789 0.074074
15 0.466316 0.500741 0.056842 0.074074
