49 0.168993 0.378871 0.057646 0.063752
15 0.460255 0.313297 0.045510 0.061931
9 0.587379 0.124317 0.042476 0.057377
18 0.600728 0.313297 0.044903 0.061931
17 0.176881 0.122495 0.039442 0.057377
47 0.462682 0.379326 0.239684 0.062842
2 0.267294 0.122495 0.043083 0.057377
26 0.762743 0.249089 0.043689 0.059199
33 0.554005 0.314208 0.044903 0.061931
53 0.514867 0.186248 0.043083 0.061020
14 0.606493 0.379326 0.045510 0.062842
16 0.366201 0.313752 0.045510 0.062842
54 0.699636 0.187158 0.043689 0.061020
13 0.317354 0.379781 0.046117 0.063752
35 0.507282 0.314208 0.044903 0.061931
39 0.745146 0.186248 0.043689 0.059199
50 0.654126 0.379781 0.046117 0.063752
30 0.552184 0.234517 0.837379 0.385246
43 0.297027 0.248179 0.044296 0.061020
0 0.632585 0.124317 0.041869 0.057377
42 0.376820 0.185792 0.043689 0.060109
25 0.484223 0.249545 0.043689 0.060109
38 0.653519 0.186248 0.043689 0.059199
19 0.344053 0.248634 0.044903 0.061931
34 0.695085 0.314208 0.045510 0.060109
6 0.450850 0.123862 0.042476 0.058288
52 0.183859 0.183971 0.059466 0.060109
46 0.773968 0.313752 0.107403 0.061020
23 0.391383 0.248634 0.043689 0.060109
10 0.250910 0.248179 0.044296 0.061020
58 0.272451 0.313752 0.046117 0.062842
36 0.607100 0.186703 0.044296 0.060109
8 0.541566 0.123862 0.041869 0.058288
32 0.224211 0.312386 0.045510 0.063752
1 0.221177 0.122040 0.043083 0.058288
24 0.437500 0.249545 0.043689 0.060109
11 0.723604 0.123406 0.041869 0.057377
5 0.405036 0.123862 0.043083 0.058288
45 0.188410 0.247268 0.074636 0.061020
22 0.797027 0.217668 0.052791 0.122040
28 0.530947 0.249545 0.043689 0.060109
12 0.716930 0.250455 0.044296 0.060109
29 0.577670 0.250000 0.043689 0.061020
40 0.647755 0.313297 0.044296 0.060109
41 0.237561 0.184882 0.046723 0.060109
55 0.413228 0.313752 0.044903 0.062842
56 0.284284 0.184882 0.044296 0.060109
4 0.359223 0.122951 0.042476 0.058288
21 0.330400 0.184882 0.044296 0.060109
48 0.678095 0.124317 0.041869 0.055556
37 0.670206 0.250455 0.044296 0.060109
7 0.496663 0.123862 0.041869 0.058288
20 0.783981 0.124317 0.069175 0.059199
57 0.319175 0.313752 0.044903 0.062842
27 0.561286 0.185792 0.043689 0.060109
31 0.623786 0.249545 0.043689 0.060109
44 0.172633 0.312386 0.055218 0.063752
59 0.469053 0.185792 0.043689 0.060109
51 0.422633 0.185337 0.043083 0.059199
3 0.313107 0.122040 0.043689 0.058288
