39 0.808421 0.311194 0.050526 0.070149
10 0.207368 0.401493 0.050526 0.068657
59 0.472105 0.318657 0.049474 0.070149
58 0.237368 0.479104 0.049474 0.068657
2 0.221053 0.245522 0.052632 0.070149
25 0.486842 0.397015 0.049474 0.068657
56 0.247368 0.323134 0.050526 0.070149
23 0.375263 0.399254 0.049474 0.067164
33 0.570526 0.472388 0.050526 0.070149
34 0.738421 0.468657 0.051579 0.068657
3 0.276842 0.244776 0.052632 0.068657
44 0.121579 0.480597 0.057895 0.068657
4 0.333684 0.243284 0.050526 0.068657
49 0.123684 0.564179 0.057895 0.080597
19 0.318947 0.400000 0.050526 0.068657
5 0.388947 0.242537 0.051579 0.070149
47 0.462105 0.558955 0.271579 0.085075
55 0.404211 0.476119 0.050526 0.068657
20 0.863684 0.232090 0.097895 0.070149
54 0.751579 0.312687 0.050526 0.070149
6 0.445263 0.241045 0.050526 0.070149
26 0.822632 0.388806 0.049474 0.070149
27 0.583684 0.316418 0.049474 0.068657
32 0.181579 0.479851 0.051579 0.070149
11 0.782632 0.233582 0.049474 0.070149
37 0.709474 0.391045 0.050526 0.068657
8 0.557895 0.239552 0.050526 0.070149
7 0.502105 0.241045 0.050526 0.070149
0 0.670000 0.237313 0.049474 0.071642
15 0.460000 0.474627 0.050526 0.068657
22 0.876316 0.347761 0.070526 0.149254
46 0.840000 0.466418 0.143158 0.070149
43 0.263158 0.400746 0.050526 0.067164
53 0.527895 0.317164 0.049474 0.070149
50 0.690000 0.554478 0.051579 0.082090
41 0.191579 0.324627 0.052632 0.070149
24 0.431053 0.398507 0.049474 0.068657
35 0.515263 0.473134 0.049474 0.068657
51 0.416316 0.320149 0.049474 0.070149
36 0.639474 0.314925 0.049474 0.068657
40 0.682105 0.470149 0.050526 0.068657
16 0.348947 0.477612 0.049474 0.068657
42 0.360526 0.321642 0.049474 0.070149
17 0.111579 0.247761 0.044211 0.068657
30 0.504211 0.379104 0.856842 0.504478
45 0.134211 0.402239 0.085263 0.070149
21 0.304737 0.322388 0.051579 0.071642
48 0.725263 0.235075 0.050526 0.070149
38 0.695263 0.314179 0.049474 0.070149
1 0.164211 0.246269 0.050526 0.068657
14 0.631579 0.555224 0.056842 0.080597
13 0.294737 0.562687 0.050526 0.080597
18 0.626316 0.470896 0.050526 0.070149
29 0.598421 0.394776 0.049474 0.070149
12 0.766316 0.390299 0.050526 0.070149
57 0.293158 0.477612 0.049474 0.068657
52 0.125263 0.324627 0.069474 0.070149
28 0.542632 0.395522 0.049474 0.068657
9 0.613684 0.238060 0.050526 0.070149
31 0.654737 0.392537 0.048421 0.068657
