30 0.475926 0.306950 0.848148 0.494208
41 0.165432 0.246139 0.046914 0.067568
0 0.600617 0.161197 0.045679 0.067568
49 0.090123 0.488417 0.051852 0.084942
6 0.398148 0.166988 0.043210 0.063707
20 0.775926 0.156371 0.090123 0.069498
44 0.093210 0.401544 0.053086 0.073359
39 0.729012 0.234556 0.048148 0.067568
25 0.434568 0.316602 0.046914 0.069498
56 0.216667 0.244208 0.045679 0.067568
8 0.499383 0.165058 0.045679 0.067568
16 0.305556 0.397683 0.045679 0.069498
32 0.148765 0.400579 0.048148 0.071429
4 0.296296 0.168919 0.044444 0.067568
58 0.201235 0.399614 0.046914 0.069498
31 0.589506 0.313707 0.045679 0.067568
3 0.246296 0.169884 0.045679 0.065637
27 0.523457 0.238417 0.044444 0.067568
40 0.617284 0.391892 0.046914 0.069498
11 0.703086 0.159266 0.045679 0.067568
57 0.253704 0.399614 0.045679 0.069498
17 0.095062 0.171815 0.039506 0.065637
14 0.577160 0.477799 0.048148 0.083012
12 0.693210 0.311776 0.045679 0.067568
34 0.669136 0.388996 0.046914 0.067568
29 0.538272 0.314672 0.044444 0.069498
10 0.175926 0.321429 0.045679 0.067568
13 0.260494 0.485521 0.051852 0.083012
43 0.227778 0.321429 0.045679 0.067568
35 0.461728 0.393822 0.046914 0.069498
48 0.651852 0.160232 0.046914 0.065637
23 0.332716 0.319498 0.045679 0.067568
54 0.677160 0.236486 0.045679 0.067568
24 0.383333 0.318533 0.045679 0.069498
2 0.195062 0.170849 0.046914 0.063707
22 0.791975 0.269305 0.067901 0.144788
5 0.346914 0.167954 0.044444 0.065637
50 0.681481 0.475869 0.049383 0.083012
52 0.104938 0.247104 0.064198 0.069498
38 0.625309 0.236486 0.045679 0.067568
36 0.574691 0.236486 0.045679 0.067568
18 0.565432 0.391892 0.046914 0.069498
1 0.144444 0.171815 0.044444 0.065637
26 0.745062 0.309846 0.048148 0.067568
45 0.109259 0.323359 0.077778 0.071429
51 0.370370 0.242278 0.044444 0.067568
53 0.472222 0.240347 0.045679 0.067568
42 0.319136 0.243243 0.045679 0.065637
55 0.357407 0.396718 0.045679 0.071429
37 0.640741 0.311776 0.046914 0.067568
47 0.420370 0.480695 0.255556 0.088803
21 0.267901 0.244208 0.046914 0.067568
33 0.513580 0.393822 0.046914 0.069498
19 0.279630 0.319498 0.045679 0.067568
59 0.421605 0.240347 0.045679 0.067568
9 0.550000 0.163127 0.045679 0.067568
28 0.486420 0.315637 0.044444 0.067568
46 0.765432 0.387066 0.133333 0.071429
7 0.448765 0.166023 0.045679 0.065637
15 0.409877 0.395753 0.046914 0.069498
