59 0.490674 0.344646 0.063128 0.081262
44 0.033357 0.514340 0.065280 0.084130
11 0.882353 0.261950 0.061693 0.080306
55 0.398494 0.524857 0.063845 0.084130
8 0.599713 0.258604 0.063128 0.081262
49 0.031205 0.619025 0.060976 0.104207
37 0.790531 0.443595 0.064562 0.082218
17 0.034792 0.237572 0.060976 0.079350
23 0.364419 0.431644 0.064562 0.081262
21 0.277618 0.338432 0.064562 0.082218
52 0.046987 0.329350 0.092539 0.081262
13 0.249283 0.623805 0.066714 0.100382
51 0.420014 0.343690 0.062410 0.081262
41 0.134146 0.335086 0.065997 0.081262
2 0.177188 0.243786 0.064562 0.080306
43 0.220588 0.427820 0.063845 0.081262
0 0.739957 0.260516 0.063845 0.081262
22 0.977762 0.403920 0.045911 0.176864
56 0.205882 0.335564 0.064562 0.082218
48 0.810617 0.261950 0.063128 0.080306
57 0.253228 0.521033 0.064562 0.084130
34 0.827116 0.536329 0.065997 0.082218
3 0.247848 0.246654 0.065280 0.080306
9 0.670373 0.260038 0.063845 0.080306
33 0.610832 0.530593 0.063845 0.084130
18 0.682568 0.532983 0.063845 0.083174
58 0.180416 0.519598 0.066714 0.083174
28 0.576758 0.436902 0.063128 0.082218
29 0.648135 0.440249 0.063845 0.081262
7 0.530129 0.256692 0.063128 0.081262
26 0.935438 0.446941 0.063128 0.081262
16 0.326399 0.523423 0.064562 0.083174
1 0.105093 0.241874 0.063845 0.080306
35 0.540172 0.529159 0.064562 0.083174
15 0.469154 0.527247 0.065997 0.085086
6 0.460187 0.253824 0.062410 0.081262
36 0.701220 0.350382 0.063845 0.081262
32 0.106887 0.517208 0.065997 0.084130
47 0.466284 0.628585 0.355811 0.104207
30 0.500717 0.403442 1.000000 0.674952
40 0.755380 0.534417 0.064562 0.082218
5 0.389168 0.251434 0.063845 0.080306
39 0.915710 0.354685 0.063845 0.080306
24 0.435796 0.434034 0.062410 0.082218
46 0.933644 0.540153 0.134146 0.086042
54 0.844333 0.353728 0.064562 0.082218
38 0.772597 0.351816 0.064562 0.082218
12 0.863343 0.445507 0.063845 0.082218
14 0.689383 0.634799 0.080344 0.101338
42 0.349713 0.340822 0.063845 0.079350
25 0.506098 0.436424 0.063845 0.081262
50 0.768293 0.637189 0.067432 0.102294
53 0.560258 0.347036 0.063128 0.082218
45 0.055595 0.423996 0.109756 0.085086
19 0.292324 0.430210 0.063845 0.082218
20 0.961263 0.266252 0.078910 0.081262
27 0.630918 0.348948 0.062410 0.080306
10 0.147776 0.425430 0.064562 0.082218
31 0.719154 0.441205 0.063845 0.081262
4 0.319584 0.248088 0.062410 0.079350
