20 0.606875 0.452843 0.127500 0.201110
48 0.402813 0.472261 0.090625 0.201110
12 0.480938 0.889043 0.094375 0.208044
9 0.213750 0.487517 0.092500 0.203883
26 0.560625 0.880028 0.058750 0.209431
28 0.088125 0.907074 0.097500 0.174757
30 0.356875 0.538141 0.711250 0.912621
39 0.530625 0.665742 0.057500 0.205270
54 0.453125 0.676838 0.092500 0.208044
37 0.383437 0.893897 0.094375 0.203883
27 0.163750 0.700416 0.095000 0.210818
31 0.286250 0.899445 0.093750 0.192788
8 0.116875 0.496533 0.095000 0.205270
7 0.036250 0.500000 0.068750 0.203883
22 0.622812 0.762829 0.123125 0.424411
11 0.497812 0.462552 0.089375 0.198336
53 0.065000 0.710125 0.100000 0.216366
36 0.260625 0.692094 0.095000 0.208044
29 0.186562 0.901526 0.096875 0.180305
38 0.357500 0.682386 0.092500 0.210818
0 0.307812 0.479889 0.091875 0.202497
