33 0.607236 0.720201 0.061930 0.122961
11 0.849413 0.342535 0.058670 0.117942
39 0.871252 0.469260 0.038462 0.120452
58 0.210235 0.719573 0.064537 0.121706
30 0.501630 0.535132 0.977184 0.854454
10 0.177314 0.590966 0.062581 0.120452
17 0.068123 0.338143 0.052803 0.119197
15 0.476532 0.718319 0.063885 0.121706
55 0.410365 0.718946 0.063233 0.122961
21 0.295958 0.464868 0.063885 0.121706
13 0.273142 0.850063 0.073012 0.124216
41 0.162321 0.466750 0.065189 0.120452
12 0.836701 0.595358 0.060626 0.119197
38 0.753259 0.467378 0.061930 0.119197
37 0.771512 0.594730 0.061930 0.120452
36 0.688396 0.467378 0.062581 0.119197
24 0.443611 0.590966 0.061930 0.120452
51 0.428292 0.465496 0.061278 0.117942
4 0.329531 0.338143 0.060626 0.119197
46 0.903520 0.719573 0.127771 0.121706
49 0.066167 0.849435 0.067145 0.122961
59 0.493155 0.466750 0.061930 0.120452
9 0.655476 0.341907 0.061930 0.119197
40 0.738266 0.717691 0.061930 0.120452
34 0.803781 0.718946 0.061278 0.120452
23 0.377445 0.590966 0.062581 0.120452
50 0.748044 0.849435 0.063233 0.122961
28 0.574641 0.592221 0.060626 0.120452
52 0.082464 0.462986 0.088005 0.122961
54 0.818774 0.468632 0.061278 0.121706
47 0.476206 0.850690 0.326597 0.127980
45 0.089309 0.589084 0.104302 0.124216
2 0.197523 0.337516 0.065189 0.120452
27 0.623859 0.466750 0.061278 0.117942
42 0.361799 0.465496 0.062581 0.120452
18 0.672751 0.718946 0.061278 0.120452
32 0.143090 0.719573 0.061930 0.124216
5 0.394068 0.340025 0.063233 0.120452
53 0.558018 0.466750 0.062581 0.120452
29 0.640482 0.592848 0.061930 0.121706
31 0.705346 0.592848 0.061278 0.119197
22 0.931226 0.533250 0.071056 0.250941
25 0.509126 0.591593 0.062581 0.119197
26 0.889505 0.594103 0.038462 0.121706
16 0.344198 0.720201 0.063885 0.122961
44 0.072360 0.718319 0.071708 0.124216
7 0.525750 0.341907 0.060626 0.119197
14 0.676988 0.849435 0.071056 0.122961
43 0.244133 0.592221 0.063233 0.120452
20 0.924707 0.343789 0.081486 0.120452
0 0.720339 0.342535 0.061278 0.120452
56 0.228814 0.464868 0.063885 0.121706
57 0.277379 0.720828 0.063233 0.124216
8 0.590287 0.341907 0.060626 0.119197
35 0.542047 0.720201 0.063233 0.122961
6 0.460235 0.341280 0.062581 0.120452
1 0.130704 0.336888 0.063233 0.121706
19 0.310952 0.591593 0.063885 0.121706
3 0.263364 0.337516 0.063885 0.120452
48 0.784876 0.343162 0.061278 0.119197
