52 0.123118 0.291796 0.069892 0.069659
48 0.718817 0.215170 0.048387 0.068111
28 0.539247 0.369969 0.048387 0.068111
59 0.470430 0.292570 0.048387 0.068111
0 0.665054 0.215170 0.048387 0.068111
32 0.176344 0.449690 0.051613 0.069659
44 0.116129 0.449690 0.058065 0.069659
29 0.595161 0.369969 0.048387 0.068111
39 0.800538 0.291796 0.048387 0.066563
13 0.290323 0.536378 0.051613 0.082043
42 0.359140 0.292570 0.049462 0.068111
21 0.303226 0.293344 0.051613 0.069659
11 0.774731 0.214396 0.048387 0.066563
23 0.373118 0.370743 0.049462 0.066563
47 0.457527 0.534056 0.274194 0.083591
30 0.496774 0.342879 0.858065 0.527864
7 0.500000 0.215944 0.049462 0.069659
12 0.759677 0.369969 0.048387 0.068111
1 0.164516 0.214396 0.049462 0.069659
10 0.204839 0.371517 0.050538 0.068111
46 0.833333 0.445820 0.141935 0.068111
6 0.444086 0.215170 0.049462 0.068111
24 0.428495 0.371517 0.048387 0.068111
54 0.745699 0.292570 0.048387 0.068111
3 0.276882 0.215170 0.050538 0.068111
35 0.512366 0.448916 0.050538 0.068111
43 0.260753 0.371517 0.050538 0.068111
34 0.732796 0.446594 0.050538 0.066563
40 0.678495 0.448142 0.049462 0.066563
15 0.456989 0.448916 0.051613 0.068111
4 0.333333 0.214396 0.049462 0.069659
26 0.814516 0.369969 0.048387 0.068111
2 0.221505 0.213622 0.051613 0.068111
36 0.635484 0.292570 0.049462 0.068111
16 0.345699 0.448916 0.050538 0.068111
27 0.581183 0.292570 0.048387 0.068111
17 0.111290 0.213622 0.044086 0.068111
56 0.246237 0.292570 0.049462 0.068111
33 0.567204 0.448142 0.050538 0.069659
50 0.685484 0.533282 0.050538 0.082043
45 0.131183 0.370743 0.086022 0.069659
14 0.627419 0.532508 0.056989 0.080495
19 0.317204 0.371517 0.049462 0.068111
57 0.289247 0.449690 0.049462 0.069659
58 0.232796 0.449690 0.050538 0.069659
18 0.622581 0.448916 0.049462 0.068111
51 0.414516 0.292570 0.048387 0.068111
25 0.483871 0.371517 0.049462 0.068111
38 0.690860 0.292570 0.048387 0.068111
53 0.525269 0.292570 0.048387 0.068111
22 0.865591 0.329721 0.068817 0.145511
20 0.853226 0.214396 0.093548 0.069659
49 0.114516 0.534056 0.059140 0.083591
55 0.401075 0.448916 0.049462 0.068111
8 0.555376 0.215170 0.048387 0.068111
5 0.388172 0.215170 0.049462 0.068111
9 0.610215 0.215170 0.048387 0.068111
37 0.704301 0.369969 0.049462 0.068111
41 0.190323 0.292570 0.051613 0.068111
31 0.650000 0.369969 0.048387 0.068111
