57 0.276978 0.590418 0.053957 0.043185
5 0.401978 0.442982 0.053957 0.041161
38 0.736511 0.487179 0.055755 0.043185
18 0.661421 0.586707 0.056655 0.043860
2 0.214928 0.444669 0.055755 0.041835
25 0.499101 0.538799 0.055755 0.042510
47 0.465378 0.645412 0.292266 0.058704
58 0.212680 0.591093 0.054856 0.043185
11 0.846223 0.437247 0.055755 0.041835
8 0.590827 0.440621 0.055755 0.041835
46 0.905126 0.586370 0.150180 0.044534
6 0.465378 0.441970 0.054856 0.041835
51 0.418165 0.490216 0.053957 0.042510
34 0.791817 0.586370 0.058453 0.043185
31 0.691097 0.536775 0.054856 0.042510
40 0.726619 0.586707 0.057554 0.043860
27 0.608813 0.488529 0.053957 0.041835
56 0.229317 0.492578 0.053957 0.043185
36 0.671763 0.487854 0.055755 0.041835
21 0.293165 0.492240 0.053957 0.042510
3 0.276978 0.443995 0.055755 0.041835
24 0.435252 0.538799 0.053957 0.042510
53 0.545414 0.489879 0.054856 0.043185
9 0.654676 0.439946 0.055755 0.041835
39 0.866007 0.486505 0.057554 0.043185
26 0.886241 0.535762 0.056655 0.043185
0 0.718076 0.438934 0.056655 0.042510
13 0.282374 0.647436 0.057554 0.057355
15 0.468975 0.588057 0.056655 0.043860
1 0.150629 0.446019 0.054856 0.041835
23 0.372302 0.539811 0.053957 0.043185
12 0.821043 0.535762 0.057554 0.043185
35 0.532824 0.587719 0.056655 0.043185
52 0.097572 0.493927 0.065647 0.043185
29 0.626799 0.537787 0.055755 0.043185
16 0.341277 0.589744 0.054856 0.043185
4 0.339928 0.443320 0.053957 0.041835
14 0.713579 0.644062 0.058453 0.057355
32 0.150629 0.592443 0.051259 0.043185
22 0.938849 0.510121 0.071942 0.094467
48 0.781025 0.438259 0.056655 0.042510
20 0.926259 0.436572 0.086331 0.043185
7 0.528777 0.441633 0.053957 0.042510
10 0.181205 0.541835 0.054856 0.043185
45 0.104766 0.543185 0.081835 0.043185
37 0.755845 0.536437 0.056655 0.043185
59 0.482014 0.489879 0.053957 0.043185
43 0.245054 0.541161 0.054856 0.043185
42 0.355216 0.491228 0.052158 0.041835
30 0.520234 0.533401 0.945144 0.313765
49 0.086781 0.650135 0.058453 0.057355
55 0.405126 0.589069 0.054856 0.043185
19 0.308453 0.540823 0.053957 0.042510
54 0.800360 0.486842 0.057554 0.042510
41 0.165917 0.493590 0.056655 0.042510
33 0.596673 0.587382 0.058453 0.043860
17 0.090378 0.446019 0.045863 0.040486
28 0.562950 0.538462 0.053957 0.043185
44 0.089478 0.593117 0.056655 0.044534
