49 0.124167 0.503434 0.056667 0.086538
23 0.368750 0.338599 0.044167 0.064560
34 0.700833 0.405907 0.048333 0.067308
21 0.307083 0.265110 0.044167 0.065934
25 0.469583 0.336538 0.044167 0.065934
9 0.580000 0.186813 0.043333 0.063187
24 0.419167 0.337225 0.045000 0.064560
5 0.384167 0.191621 0.043333 0.061813
11 0.727500 0.183379 0.043333 0.061813
7 0.482500 0.189560 0.043333 0.063187
20 0.797083 0.182005 0.084167 0.059066
33 0.545833 0.410027 0.045000 0.070055
28 0.519167 0.334478 0.043333 0.067308
43 0.267500 0.340659 0.045000 0.065934
6 0.433333 0.190934 0.043333 0.063187
45 0.148750 0.342033 0.077500 0.065934
56 0.257083 0.265797 0.044167 0.064560
40 0.649167 0.406593 0.046667 0.068681
35 0.495417 0.411401 0.045833 0.067308
53 0.505417 0.261676 0.044167 0.064560
58 0.238750 0.417582 0.045833 0.068681
13 0.288750 0.500000 0.047500 0.082418
55 0.393750 0.414148 0.045833 0.067308
8 0.530833 0.188187 0.043333 0.063187
47 0.447917 0.497940 0.257500 0.089286
41 0.207083 0.267170 0.045833 0.064560
16 0.342083 0.414148 0.045833 0.067308
19 0.317917 0.339286 0.044167 0.065934
12 0.722500 0.328984 0.046667 0.064560
0 0.629167 0.186126 0.045000 0.064560
17 0.139583 0.195055 0.039167 0.060440
36 0.605000 0.258929 0.045000 0.064560
27 0.555833 0.259615 0.043333 0.063187
51 0.406250 0.263049 0.042500 0.064560
54 0.704583 0.255495 0.045833 0.063187
50 0.660417 0.490385 0.049167 0.085165
14 0.604583 0.491758 0.054167 0.082418
30 0.485833 0.324176 0.803333 0.508242
3 0.286250 0.193681 0.044167 0.063187
38 0.655000 0.256868 0.045000 0.063187
4 0.335417 0.192308 0.042500 0.063187
18 0.597500 0.408654 0.046667 0.067308
37 0.671250 0.331044 0.045833 0.065934
57 0.290417 0.416209 0.045833 0.068681
59 0.456667 0.262363 0.043333 0.065934
39 0.754583 0.254121 0.045833 0.065934
29 0.570000 0.333791 0.045000 0.065934
2 0.237083 0.193681 0.044167 0.063187
10 0.215833 0.340659 0.045000 0.065934
52 0.146250 0.267170 0.064167 0.064560
32 0.186250 0.418269 0.045833 0.070055
44 0.130417 0.418956 0.054167 0.068681
15 0.444583 0.412775 0.045833 0.067308
31 0.620833 0.331731 0.045000 0.067308
1 0.186667 0.195055 0.043333 0.063187
22 0.819583 0.288462 0.072500 0.140110
42 0.357083 0.265110 0.044167 0.063187
26 0.773333 0.326923 0.046667 0.065934
48 0.677500 0.184066 0.043333 0.063187
46 0.795417 0.402473 0.134167 0.068681
