39 0.821256 0.266267 0.057971 0.080479
10 0.131643 0.369863 0.057971 0.078767
59 0.435386 0.274829 0.056763 0.080479
58 0.166063 0.458904 0.056763 0.078767
2 0.147343 0.190925 0.060386 0.080479
25 0.452295 0.364726 0.056763 0.078767
56 0.177536 0.279966 0.057971 0.080479
23 0.324275 0.367295 0.056763 0.077055
33 0.548309 0.451199 0.057971 0.080479
34 0.740942 0.446918 0.059179 0.078767
3 0.211353 0.190068 0.060386 0.078767
44 0.033816 0.460616 0.065217 0.078767
4 0.276570 0.188356 0.057971 0.078767
49 0.035628 0.556507 0.066425 0.092466
19 0.259662 0.368151 0.057971 0.078767
5 0.339976 0.187500 0.059179 0.080479
47 0.423913 0.550514 0.311594 0.097603
55 0.357488 0.455479 0.057971 0.078767
20 0.884662 0.175514 0.112319 0.080479
54 0.756039 0.267979 0.057971 0.080479
6 0.404589 0.185788 0.057971 0.080479
26 0.837560 0.355308 0.056763 0.080479
27 0.563406 0.272260 0.056763 0.078767
32 0.102053 0.459760 0.059179 0.080479
11 0.791667 0.177226 0.056763 0.080479
37 0.707729 0.357877 0.057971 0.078767
8 0.533816 0.184075 0.057971 0.080479
7 0.469807 0.185788 0.057971 0.080479
0 0.662440 0.181507 0.056763 0.082192
15 0.421498 0.453767 0.057971 0.078767
22 0.899155 0.308219 0.080918 0.171233
46 0.857488 0.444349 0.164251 0.080479
43 0.195652 0.369007 0.057971 0.077055
53 0.499396 0.273116 0.056763 0.080479
50 0.685386 0.545377 0.059179 0.094178
41 0.113527 0.281678 0.060386 0.080479
24 0.388285 0.366438 0.056763 0.078767
35 0.484903 0.452055 0.056763 0.078767
51 0.371377 0.276541 0.056763 0.080479
36 0.627415 0.270548 0.056763 0.078767
40 0.676329 0.448630 0.057971 0.078767
16 0.294082 0.457192 0.056763 0.078767
42 0.307367 0.278253 0.056763 0.080479
17 0.024155 0.193493 0.045894 0.078767
30 0.482488 0.344178 0.962560 0.578767
45 0.048913 0.370719 0.095411 0.080479
21 0.243357 0.279110 0.059179 0.082192
48 0.725845 0.178938 0.057971 0.080479
38 0.691425 0.269692 0.056763 0.080479
1 0.082126 0.191781 0.057971 0.078767
14 0.618357 0.546233 0.065217 0.092466
13 0.231884 0.554795 0.057971 0.092466
18 0.612319 0.449486 0.057971 0.080479
29 0.580314 0.362158 0.056763 0.080479
12 0.772947 0.357021 0.057971 0.080479
57 0.230072 0.457192 0.056763 0.078767
52 0.039251 0.281678 0.076087 0.080479
28 0.516304 0.363014 0.056763 0.078767
9 0.597826 0.182363 0.057971 0.080479
31 0.644928 0.359589 0.055556 0.078767
