58 0.174731 0.585616 0.054839 0.121005
59 0.452151 0.339041 0.050538 0.102740
35 0.495161 0.594749 0.052688 0.107306
51 0.390860 0.337900 0.050538 0.100457
26 0.838172 0.488584 0.052688 0.109589
11 0.784946 0.236301 0.051613 0.107306
6 0.421505 0.220320 0.051613 0.111872
5 0.360215 0.218037 0.049462 0.107306
16 0.305376 0.593607 0.058065 0.118721
24 0.402151 0.460046 0.053763 0.102740
22 0.890860 0.432648 0.076344 0.244292
56 0.200538 0.325342 0.052688 0.102740
42 0.327419 0.328767 0.050538 0.100457
40 0.685484 0.613014 0.052688 0.121005
38 0.698925 0.351598 0.049462 0.100457
7 0.484946 0.226027 0.051613 0.109589
52 0.058602 0.329909 0.089247 0.125571
37 0.714516 0.478311 0.054839 0.107306
41 0.139785 0.331050 0.062366 0.123288
21 0.265054 0.328767 0.059140 0.095890
31 0.653763 0.476027 0.049462 0.102740
8 0.545699 0.230594 0.052688 0.109589
34 0.748387 0.615297 0.053763 0.125571
29 0.590860 0.474886 0.050538 0.100457
23 0.339247 0.457763 0.052688 0.102740
14 0.650538 0.747717 0.058065 0.134703
9 0.605914 0.231735 0.050538 0.107306
1 0.113441 0.200913 0.054839 0.105023
17 0.050538 0.199772 0.058065 0.116438
18 0.621505 0.609589 0.051613 0.123288
49 0.085484 0.711187 0.056989 0.116438
30 0.501075 0.478311 1.000000 0.842466
12 0.778495 0.480594 0.051613 0.102740
54 0.760215 0.357306 0.049462 0.102740
47 0.435484 0.729452 0.363441 0.121005
45 0.059140 0.449772 0.105376 0.109589
27 0.575806 0.345890 0.050538 0.098174
36 0.636559 0.349315 0.051613 0.100457
28 0.528495 0.468037 0.050538 0.100457
3 0.237097 0.214612 0.054839 0.118721
33 0.559140 0.605023 0.055914 0.123288
20 0.870968 0.247717 0.101075 0.107306
32 0.109140 0.585616 0.059140 0.125571
48 0.725806 0.237443 0.049462 0.095890
25 0.465591 0.462329 0.051613 0.102740
15 0.432796 0.592466 0.052688 0.107306
4 0.300538 0.214612 0.052688 0.109589
13 0.218280 0.723744 0.058065 0.127854
46 0.859140 0.615297 0.159140 0.116438
43 0.211290 0.453196 0.050538 0.098174
53 0.513978 0.344749 0.051613 0.105023
57 0.240860 0.593607 0.058065 0.127854
55 0.369355 0.594749 0.054839 0.116438
44 0.038710 0.584475 0.075269 0.127854
0 0.666667 0.236301 0.051613 0.111872
19 0.276344 0.455479 0.058065 0.102740
50 0.778495 0.754566 0.060215 0.134703
10 0.146774 0.447489 0.054839 0.100457
39 0.819355 0.367580 0.055914 0.123288
2 0.174731 0.211187 0.059140 0.116438
