53 0.450908 0.283693 0.040429 0.057951
59 0.404703 0.284367 0.040429 0.059299
12 0.650990 0.345013 0.041254 0.059299
54 0.636139 0.278302 0.039604 0.057951
42 0.311056 0.286388 0.041254 0.057951
20 0.721947 0.210243 0.079208 0.056604
1 0.150578 0.223046 0.040429 0.057951
34 0.629538 0.413747 0.042904 0.059299
3 0.242574 0.219003 0.041254 0.057951
6 0.382426 0.218329 0.040429 0.056604
48 0.613449 0.218329 0.040429 0.056604
49 0.090347 0.510782 0.051980 0.078167
10 0.176568 0.356469 0.042904 0.060647
29 0.510726 0.349057 0.041254 0.059299
58 0.198432 0.428571 0.043729 0.064690
17 0.101485 0.219003 0.036304 0.057951
39 0.678630 0.275606 0.037129 0.060647
0 0.564769 0.213612 0.040429 0.057951
13 0.245050 0.506739 0.044554 0.075472
28 0.463696 0.351078 0.041254 0.060647
56 0.215347 0.286388 0.042904 0.057951
57 0.247525 0.427224 0.042904 0.061995
33 0.487624 0.419811 0.042904 0.063342
2 0.198845 0.221698 0.041254 0.057951
18 0.535066 0.417790 0.042079 0.061995
44 0.094472 0.430593 0.050330 0.063342
43 0.224835 0.355121 0.042079 0.060647
15 0.392327 0.424528 0.042079 0.061995
30 0.517739 0.338949 0.939769 0.473046
32 0.148102 0.428571 0.043729 0.061995
35 0.440182 0.423181 0.042079 0.061995
5 0.335809 0.219003 0.041254 0.055256
4 0.289191 0.219003 0.040429 0.055256
21 0.263614 0.286388 0.042079 0.057951
40 0.582096 0.415768 0.042079 0.060647
26 0.693894 0.342992 0.036304 0.060647
24 0.369637 0.354447 0.041254 0.059299
14 0.540429 0.495283 0.049505 0.074124
38 0.589521 0.278976 0.040429 0.056604
31 0.556931 0.347709 0.041254 0.059299
45 0.111386 0.357143 0.072607 0.061995
27 0.497525 0.281671 0.039604 0.056604
23 0.321782 0.354447 0.041254 0.059299
50 0.591584 0.493261 0.044554 0.075472
51 0.357673 0.285040 0.040429 0.057951
25 0.416667 0.352426 0.041254 0.060647
22 0.734736 0.308625 0.068482 0.126685
37 0.604373 0.346361 0.042079 0.059299
46 0.714934 0.412399 0.119637 0.061995
47 0.392739 0.502022 0.237624 0.079515
41 0.167079 0.287062 0.042079 0.059299
16 0.296205 0.425876 0.042904 0.061995
11 0.660066 0.216307 0.039604 0.057951
7 0.428630 0.216981 0.040429 0.056604
52 0.109323 0.287062 0.060231 0.059299
55 0.344472 0.425876 0.042079 0.061995
8 0.474422 0.215633 0.041254 0.056604
19 0.273515 0.355121 0.042079 0.060647
36 0.543729 0.280323 0.041254 0.056604
9 0.520215 0.214960 0.040429 0.057951
