46 0.924157 0.530876 0.070225 0.073705
45 0.133427 0.444223 0.098315 0.071713
8 0.599017 0.287849 0.051966 0.069721
40 0.735253 0.528884 0.051966 0.069721
55 0.433287 0.528884 0.051966 0.069721
10 0.217697 0.445219 0.053371 0.069721
35 0.554775 0.529880 0.050562 0.071713
1 0.176966 0.280876 0.053371 0.067729
2 0.239466 0.280876 0.054775 0.067729
38 0.747191 0.366534 0.050562 0.067729
43 0.280197 0.445219 0.054775 0.069721
58 0.247191 0.529880 0.053371 0.071713
20 0.908708 0.287849 0.078652 0.069721
33 0.615169 0.529880 0.053371 0.071713
42 0.389747 0.364542 0.051966 0.067729
5 0.422051 0.284861 0.051966 0.067729
29 0.644663 0.447211 0.050562 0.069721
41 0.204354 0.362550 0.054775 0.071713
21 0.330056 0.363546 0.053371 0.069721
39 0.857444 0.367530 0.040730 0.069721
4 0.361657 0.283865 0.051966 0.069721
50 0.767556 0.615538 0.057584 0.075697
17 0.116573 0.278884 0.047753 0.067729
34 0.794242 0.528884 0.051966 0.069721
11 0.834270 0.289841 0.050562 0.065737
56 0.266854 0.361554 0.053371 0.069721
12 0.818820 0.447211 0.042135 0.069721
59 0.509831 0.365538 0.050562 0.069721
0 0.717697 0.289841 0.050562 0.069721
19 0.342697 0.446215 0.053371 0.071713
16 0.372191 0.529880 0.053371 0.071713
47 0.490871 0.617530 0.259831 0.079681
25 0.524579 0.447211 0.051966 0.069721
24 0.464185 0.447211 0.051966 0.069721
48 0.773876 0.288845 0.050562 0.067729
53 0.569522 0.365538 0.051966 0.069721
52 0.127809 0.360558 0.081461 0.071713
23 0.403792 0.446215 0.051966 0.067729
54 0.803371 0.367530 0.044944 0.069721
22 0.915730 0.408367 0.070225 0.155378
15 0.494382 0.529880 0.053371 0.071713
7 0.541433 0.287849 0.051966 0.069721
36 0.688904 0.367530 0.051966 0.069721
31 0.704354 0.447211 0.049157 0.069721
14 0.655197 0.617530 0.057584 0.083665
37 0.763343 0.448207 0.051966 0.071713
18 0.674860 0.529880 0.051966 0.071713
26 0.867978 0.447211 0.042135 0.069721
6 0.481742 0.286853 0.050562 0.067729
57 0.309691 0.529880 0.051966 0.071713
44 0.146067 0.528884 0.132022 0.073705
28 0.584270 0.447211 0.050562 0.069721
32 0.853933 0.530876 0.047753 0.073705
27 0.629213 0.366534 0.050562 0.067729
51 0.450843 0.365538 0.050562 0.069721
49 0.120084 0.615538 0.082865 0.075697
9 0.658006 0.287849 0.051966 0.069721
3 0.300562 0.281873 0.053371 0.069721
13 0.323736 0.614542 0.054775 0.077689
30 0.521067 0.427291 0.907303 0.531873
