4 0.288642 0.232582 0.052693 0.075820
36 0.610656 0.312500 0.055035 0.075820
16 0.298595 0.486680 0.056206 0.079918
5 0.346604 0.232582 0.053864 0.075820
12 0.748244 0.394467 0.053864 0.079918
59 0.433841 0.314549 0.052693 0.075820
52 0.064988 0.314549 0.076112 0.079918
30 0.467799 0.390369 0.930913 0.543033
45 0.069672 0.400615 0.092506 0.079918
41 0.136417 0.315574 0.055035 0.077869
22 0.861241 0.351434 0.083138 0.161885
28 0.509368 0.398566 0.053864 0.079918
31 0.629391 0.396516 0.052693 0.079918
56 0.195550 0.314549 0.053864 0.079918
51 0.374122 0.315574 0.052693 0.077869
39 0.787471 0.309426 0.055035 0.077869
14 0.610070 0.578893 0.063232 0.096311
9 0.581967 0.230533 0.053864 0.075820
21 0.255855 0.315574 0.055035 0.077869
46 0.831382 0.481557 0.156909 0.081967
6 0.405738 0.232582 0.052693 0.075820
11 0.755269 0.229508 0.051522 0.073770
1 0.111827 0.232582 0.052693 0.075820
20 0.838407 0.229508 0.100703 0.073770
40 0.662178 0.482582 0.055035 0.079918
44 0.049180 0.488730 0.063232 0.084016
2 0.170960 0.232582 0.053864 0.075820
38 0.669789 0.311475 0.053864 0.077869
7 0.465457 0.232582 0.052693 0.075820
49 0.045082 0.586066 0.066745 0.098361
25 0.449649 0.399590 0.053864 0.077869
50 0.679157 0.582992 0.063232 0.096311
37 0.689110 0.395492 0.055035 0.077869
58 0.176230 0.487705 0.055035 0.081967
54 0.728337 0.310451 0.053864 0.075820
27 0.552108 0.314549 0.052693 0.075820
29 0.569087 0.396516 0.053864 0.079918
33 0.541569 0.484631 0.055035 0.084016
23 0.329625 0.399590 0.052693 0.077869
8 0.522834 0.231557 0.052693 0.077869
32 0.114169 0.487705 0.057377 0.081967
42 0.315574 0.315574 0.052693 0.077869
26 0.807377 0.393443 0.055035 0.077869
19 0.269321 0.400615 0.053864 0.079918
0 0.638759 0.230533 0.052693 0.075820
3 0.230094 0.232582 0.055035 0.075820
10 0.148126 0.400615 0.055035 0.079918
55 0.359485 0.485656 0.053864 0.081967
48 0.697307 0.229508 0.052693 0.073770
47 0.420960 0.581967 0.305621 0.102459
43 0.209016 0.399590 0.055035 0.077869
35 0.480679 0.484631 0.055035 0.079918
24 0.388759 0.399590 0.053864 0.077869
53 0.493560 0.313525 0.052693 0.077869
34 0.722482 0.481557 0.056206 0.081967
18 0.601874 0.483607 0.056206 0.081967
17 0.055621 0.232582 0.045667 0.075820
57 0.238290 0.487705 0.055035 0.081967
15 0.420375 0.485656 0.056206 0.081967
13 0.235948 0.582992 0.057377 0.096311
