46 0.720014 0.709056 0.065751 0.065511
47 0.303107 0.768304 0.214595 0.072254
57 0.121387 0.682081 0.050578 0.065511
37 0.564668 0.625241 0.051301 0.065511
35 0.358020 0.691715 0.051301 0.065511
50 0.560332 0.778902 0.052746 0.066474
11 0.639451 0.478324 0.050578 0.062620
16 0.180997 0.684489 0.051301 0.064547
48 0.581647 0.476879 0.050578 0.063584
18 0.475072 0.697495 0.051301 0.065511
31 0.506503 0.622351 0.050578 0.065511
6 0.293714 0.462428 0.051301 0.063584
27 0.435694 0.542871 0.049133 0.062620
12 0.618858 0.627649 0.041185 0.064547
17 0.011922 0.444605 0.022399 0.062620
7 0.352240 0.465318 0.051301 0.063584
5 0.234465 0.459056 0.051301 0.064547
26 0.667269 0.630058 0.041185 0.065511
1 0.013006 0.447013 0.024566 0.063584
0 0.524566 0.473507 0.052023 0.064547
29 0.447977 0.618979 0.050578 0.066474
40 0.534321 0.699904 0.051301 0.064547
14 0.441474 0.774085 0.052023 0.066474
43 0.095014 0.604528 0.049855 0.064547
54 0.605130 0.552023 0.041185 0.065511
36 0.493136 0.546724 0.051301 0.064547
34 0.593569 0.702794 0.051301 0.064547
21 0.142702 0.530347 0.051301 0.064547
55 0.240607 0.687861 0.050578 0.065511
8 0.409682 0.468208 0.050578 0.063584
19 0.154263 0.606936 0.049855 0.065511
20 0.712066 0.481696 0.077312 0.063584
22 0.716402 0.594412 0.065751 0.144509
4 0.175939 0.455684 0.049855 0.063584
33 0.416546 0.694605 0.052746 0.067437
38 0.551301 0.549133 0.052023 0.063584
58 0.061055 0.679191 0.049855 0.063584
44 0.031069 0.675337 0.060694 0.067437
10 0.035766 0.600674 0.049855 0.064547
28 0.389812 0.616089 0.049855 0.066474
41 0.025650 0.524566 0.049855 0.064547
52 0.019509 0.520713 0.037572 0.064547
39 0.652818 0.553468 0.041185 0.066474
3 0.117052 0.453276 0.052023 0.064547
24 0.272760 0.611272 0.049855 0.064547
59 0.320087 0.538536 0.050578 0.065511
9 0.466763 0.471098 0.052023 0.063584
25 0.332009 0.614644 0.051301 0.065511
42 0.201590 0.533237 0.050578 0.064547
56 0.083815 0.526975 0.050578 0.065511
2 0.057803 0.449904 0.052023 0.063584
15 0.299494 0.688825 0.052746 0.065511
23 0.213873 0.608863 0.050578 0.065511
13 0.147399 0.762042 0.080925 0.067437
32 0.650650 0.705684 0.048410 0.066474
45 0.023121 0.597784 0.044798 0.064547
51 0.260838 0.535164 0.049133 0.064547
30 0.483382 0.581888 0.965318 0.585742
49 0.020592 0.751927 0.039740 0.068401
53 0.377890 0.541426 0.050578 0.065511
