28 0.422182 0.493097 0.050089 0.055227
55 0.364043 0.616864 0.051878 0.056213
39 0.554562 0.300296 0.046512 0.052268
19 0.279070 0.629684 0.051878 0.056213
33 0.470036 0.515779 0.052773 0.055227
23 0.315742 0.594675 0.051878 0.057199
0 0.442308 0.341223 0.049195 0.055227
6 0.300984 0.475345 0.050984 0.055227
20 0.560376 0.229783 0.079606 0.078895
15 0.399374 0.582347 0.050984 0.056213
30 0.449463 0.450690 0.857782 0.881657
35 0.434705 0.549803 0.050089 0.056213
4 0.228533 0.542406 0.050984 0.055227
43 0.241950 0.664201 0.052773 0.056213
17 0.083184 0.679487 0.046512 0.053254
49 0.213775 0.834813 0.062612 0.070020
5 0.263864 0.508383 0.051878 0.054241
3 0.192755 0.575937 0.052773 0.055227
41 0.166816 0.668146 0.052773 0.058185
22 0.611807 0.278600 0.094812 0.095661
13 0.327818 0.729783 0.050984 0.057199
18 0.505367 0.481755 0.050089 0.054241
21 0.240608 0.599112 0.053667 0.056213
12 0.561270 0.360947 0.049195 0.055227
50 0.576029 0.485207 0.053667 0.059172
24 0.350626 0.561144 0.051878 0.057199
57 0.292039 0.685404 0.050984 0.057199
42 0.275492 0.565582 0.053667 0.056213
10 0.205725 0.698225 0.051878 0.057199
14 0.539356 0.520710 0.059034 0.063116
59 0.347943 0.496548 0.051878 0.056213
38 0.488372 0.364398 0.051878 0.056213
51 0.312612 0.531065 0.052773 0.056213
11 0.510733 0.275148 0.050089 0.055227
26 0.593470 0.330375 0.047406 0.051282
29 0.457066 0.460059 0.050089 0.056213
47 0.435152 0.625740 0.201252 0.200197
54 0.522361 0.331854 0.051878 0.056213
32 0.219141 0.754931 0.051878 0.058185
9 0.406977 0.374753 0.050089 0.055227
37 0.526834 0.393984 0.050089 0.056213
27 0.419052 0.430473 0.050984 0.054241
45 0.157871 0.746055 0.076029 0.079882
48 0.476744 0.308679 0.048301 0.053254
2 0.155188 0.610454 0.050984 0.055227
58 0.255814 0.720414 0.051878 0.058185
7 0.337657 0.440335 0.049195 0.054241
53 0.383721 0.464004 0.051878 0.056213
34 0.575134 0.416174 0.048301 0.055227
36 0.453488 0.397436 0.051878 0.055227
31 0.491950 0.426529 0.050089 0.056213
1 0.118515 0.645957 0.050984 0.055227
52 0.121646 0.709566 0.066190 0.070020
40 0.540250 0.448718 0.050089 0.053254
56 0.203041 0.633629 0.051878 0.056213
16 0.328712 0.651381 0.052773 0.058185
46 0.639088 0.359467 0.104651 0.105523
8 0.372987 0.407791 0.050089 0.054241
25 0.386404 0.526627 0.051878 0.055227
44 0.178891 0.792899 0.059034 0.061144
