50 0.571667 0.572391 0.043333 0.077441
55 0.322222 0.499158 0.042222 0.062290
9 0.501667 0.281987 0.043333 0.062290
31 0.538333 0.422559 0.041111 0.063973
28 0.441667 0.424242 0.041111 0.063973
23 0.298333 0.428451 0.041111 0.062290
37 0.586111 0.420875 0.043333 0.063973
4 0.262778 0.287037 0.041111 0.062290
39 0.667222 0.347643 0.038889 0.062290
11 0.645556 0.276936 0.042222 0.062290
42 0.286111 0.357744 0.041111 0.062290
27 0.477222 0.351010 0.041111 0.062290
32 0.129444 0.504209 0.045556 0.065657
36 0.525556 0.351010 0.042222 0.062290
21 0.238333 0.358586 0.043333 0.063973
1 0.120000 0.290404 0.042222 0.062290
35 0.417778 0.497475 0.042222 0.062290
51 0.333333 0.356061 0.042222 0.062290
53 0.429444 0.353535 0.041111 0.063973
44 0.078333 0.505892 0.050000 0.062290
56 0.190000 0.358586 0.042222 0.063973
24 0.345556 0.427609 0.042222 0.063973
14 0.519444 0.573232 0.050000 0.075758
38 0.573333 0.349327 0.042222 0.062290
13 0.226667 0.579966 0.044444 0.075758
46 0.699444 0.490741 0.123333 0.065657
45 0.091111 0.432660 0.073333 0.063973
34 0.611111 0.492424 0.044444 0.062290
30 0.495556 0.402357 0.911111 0.478114
8 0.453889 0.281987 0.041111 0.062290
57 0.226667 0.501684 0.042222 0.063973
43 0.202222 0.430976 0.042222 0.063973
33 0.466667 0.496633 0.044444 0.063973
6 0.361111 0.287879 0.042222 0.060606
29 0.490000 0.422559 0.042222 0.063973
40 0.563333 0.493266 0.044444 0.063973
20 0.715556 0.276094 0.084444 0.063973
52 0.083889 0.361111 0.061111 0.065657
59 0.381111 0.354377 0.042222 0.062290
17 0.073889 0.292088 0.038889 0.062290
7 0.406667 0.283670 0.042222 0.062290
47 0.372222 0.575758 0.237778 0.077441
16 0.274444 0.500842 0.042222 0.062290
48 0.596667 0.277778 0.042222 0.063973
58 0.178333 0.503367 0.043333 0.063973
2 0.167222 0.288721 0.043333 0.062290
15 0.370556 0.498316 0.043333 0.063973
18 0.515000 0.494949 0.043333 0.063973
26 0.680556 0.419192 0.038889 0.063973
49 0.077222 0.583333 0.050000 0.075758
54 0.621111 0.349327 0.042222 0.062290
0 0.549444 0.279461 0.043333 0.063973
41 0.141667 0.360269 0.045556 0.063973
25 0.393889 0.425084 0.041111 0.062290
5 0.310000 0.285354 0.042222 0.062290
3 0.215556 0.287037 0.042222 0.062290
12 0.635000 0.420034 0.043333 0.062290
19 0.250556 0.430135 0.041111 0.062290
22 0.725000 0.382997 0.067778 0.136364
10 0.154444 0.431818 0.042222 0.062290
