0 0.671333 0.218000 0.053333 0.080000
4 0.336667 0.210500 0.052000 0.081000
48 0.725333 0.217000 0.052000 0.080000
52 0.142333 0.287500 0.054000 0.079000
20 0.853000 0.219000 0.082000 0.080000
32 0.799667 0.462000 0.052667 0.082000
41 0.197333 0.288500 0.056000 0.083000
30 0.502333 0.366500 0.814000 0.517000
9 0.615000 0.217000 0.052667 0.080000
24 0.434333 0.373500 0.051333 0.079000
39 0.805667 0.298500 0.039333 0.081000
18 0.628000 0.458500 0.054667 0.083000
10 0.210000 0.370000 0.053333 0.078000
23 0.379000 0.372500 0.054000 0.081000
34 0.743667 0.460500 0.054000 0.081000
15 0.457667 0.456500 0.056667 0.083000
14 0.608667 0.542000 0.056000 0.084000
55 0.401000 0.454500 0.054000 0.081000
40 0.686000 0.459500 0.056000 0.083000
12 0.773667 0.380000 0.052667 0.080000
46 0.865333 0.464000 0.068000 0.082000
28 0.547333 0.376500 0.053333 0.081000
25 0.490000 0.375000 0.053333 0.080000
22 0.863000 0.341500 0.064667 0.165000
21 0.309333 0.291000 0.056000 0.082000
16 0.346333 0.453500 0.055333 0.081000
45 0.146000 0.368500 0.069333 0.081000
49 0.205667 0.536000 0.087333 0.084000
6 0.447333 0.213000 0.053333 0.080000
44 0.155667 0.450000 0.094000 0.084000
57 0.289667 0.453500 0.054000 0.081000
37 0.716667 0.379500 0.054667 0.083000
17 0.335667 0.541000 0.051333 0.078000
43 0.266000 0.370500 0.053333 0.079000
59 0.476000 0.294000 0.054667 0.080000
8 0.559333 0.215500 0.053333 0.079000
13 0.277000 0.537500 0.055333 0.083000
1 0.169667 0.207000 0.051333 0.078000
36 0.644333 0.296500 0.055333 0.081000
50 0.723667 0.545500 0.055333 0.085000
19 0.322000 0.371500 0.054667 0.081000
47 0.472000 0.540500 0.216000 0.085000
29 0.604667 0.377500 0.053333 0.081000
7 0.504333 0.214500 0.052667 0.081000
54 0.757000 0.298500 0.052667 0.081000
31 0.661333 0.377500 0.052000 0.081000
58 0.233333 0.453000 0.054667 0.082000
35 0.514000 0.457500 0.053333 0.081000
56 0.252667 0.289000 0.053333 0.082000
42 0.365000 0.292500 0.055333 0.081000
27 0.588667 0.295500 0.053333 0.081000
33 0.571333 0.459000 0.056000 0.084000
26 0.822333 0.380000 0.039333 0.082000
53 0.532000 0.295000 0.054667 0.082000
51 0.420000 0.293500 0.053333 0.079000
3 0.280667 0.208500 0.054667 0.081000
2 0.225000 0.208000 0.055333 0.080000
38 0.701000 0.296500 0.052667 0.081000
11 0.781667 0.218000 0.051333 0.080000
5 0.391333 0.211000 0.053333 0.080000
