49 0.836250 0.419583 0.053750 0.062500
30 0.489375 0.293750 0.785000 0.392500
33 0.561875 0.362917 0.048750 0.057500
41 0.231250 0.250833 0.048750 0.051667
31 0.635938 0.302500 0.048125 0.055000
4 0.355938 0.194583 0.044375 0.050833
55 0.410625 0.364583 0.047500 0.057500
8 0.545937 0.193333 0.044375 0.050000
43 0.287813 0.306250 0.046875 0.054167
18 0.612812 0.360833 0.049375 0.056667
21 0.329062 0.250000 0.046875 0.051667
24 0.436250 0.305417 0.046250 0.054167
11 0.740000 0.187917 0.046250 0.050833
6 0.450937 0.195000 0.044375 0.050000
3 0.309063 0.195833 0.045625 0.050000
17 0.168125 0.197083 0.040000 0.049167
54 0.720625 0.244167 0.048750 0.053333
50 0.674375 0.422500 0.051250 0.060000
28 0.535625 0.304167 0.046250 0.055000
40 0.664062 0.360000 0.049375 0.056667
36 0.620625 0.246667 0.046250 0.051667
39 0.760938 0.241667 0.031875 0.053333
48 0.690312 0.189583 0.045625 0.050833
29 0.585625 0.303333 0.047500 0.055000
23 0.386875 0.305417 0.046250 0.054167
56 0.280000 0.250000 0.047500 0.051667
10 0.237813 0.305417 0.048125 0.054167
53 0.522813 0.248750 0.045625 0.052500
14 0.618125 0.423333 0.058750 0.061667
59 0.474375 0.249167 0.045000 0.051667
58 0.258437 0.365000 0.049375 0.056667
51 0.426250 0.249167 0.045000 0.051667
35 0.511250 0.364167 0.048750 0.056667
47 0.460313 0.425417 0.255625 0.060833
0 0.641875 0.190833 0.046250 0.051667
7 0.498750 0.194167 0.043750 0.050000
16 0.359687 0.365000 0.049375 0.056667
5 0.403125 0.195000 0.045000 0.050000
38 0.669687 0.245000 0.048125 0.053333
32 0.207187 0.364167 0.050625 0.056667
22 0.811562 0.268750 0.065625 0.112500
34 0.715313 0.359167 0.050625 0.056667
27 0.572187 0.247083 0.045625 0.050833
44 0.153125 0.364167 0.057500 0.058333
42 0.377188 0.250000 0.045625 0.051667
20 0.798438 0.186667 0.065625 0.050000
15 0.460625 0.364167 0.048750 0.056667
45 0.172813 0.305000 0.078125 0.055000
37 0.686562 0.301667 0.049375 0.055000
26 0.779375 0.297917 0.031250 0.055833
57 0.309063 0.364583 0.048125 0.055833
46 0.798125 0.356667 0.110000 0.060000
13 0.302500 0.425833 0.057500 0.060000
1 0.213125 0.196250 0.046250 0.050833
19 0.337500 0.305833 0.047500 0.055000
9 0.594375 0.191667 0.045000 0.050000
25 0.485938 0.305000 0.046875 0.053333
49 0.142813 0.426250 0.053125 0.060833
52 0.174063 0.248750 0.065625 0.052500
2 0.261562 0.195417 0.045625 0.049167
12 0.737812 0.300417 0.050625 0.055833
