49 0.927083 0.417130 0.059722 0.069444
30 0.541667 0.277315 0.872222 0.436111
33 0.622222 0.354167 0.054167 0.063889
41 0.254861 0.229630 0.054167 0.057407
31 0.704514 0.287037 0.053472 0.061111
4 0.393403 0.167130 0.049306 0.056481
55 0.454167 0.356019 0.052778 0.063889
8 0.604514 0.165741 0.049306 0.055556
43 0.317708 0.291204 0.052083 0.060185
18 0.678819 0.351852 0.054861 0.062963
21 0.363542 0.228704 0.052083 0.057407
24 0.482639 0.290278 0.051389 0.060185
11 0.820139 0.159722 0.051389 0.056481
6 0.498958 0.167593 0.049306 0.055556
3 0.341319 0.168519 0.050694 0.055556
17 0.184722 0.169907 0.044444 0.054630
54 0.798611 0.222222 0.054167 0.059259
50 0.747222 0.420370 0.056944 0.066667
28 0.593056 0.288889 0.051389 0.061111
40 0.735764 0.350926 0.054861 0.062963
36 0.687500 0.225000 0.051389 0.057407
39 0.843403 0.219444 0.035417 0.059259
48 0.764931 0.161574 0.050694 0.056481
29 0.648611 0.287963 0.052778 0.061111
23 0.427778 0.290278 0.051389 0.060185
56 0.309028 0.228704 0.052778 0.057407
10 0.262153 0.290278 0.053472 0.060185
53 0.578819 0.227315 0.050694 0.058333
14 0.684722 0.421296 0.065278 0.068519
59 0.525000 0.227778 0.050000 0.057407
58 0.285069 0.356481 0.054861 0.062963
51 0.471528 0.227778 0.050000 0.057407
35 0.565972 0.355556 0.054167 0.062963
47 0.509375 0.423611 0.284028 0.067593
0 0.711111 0.162963 0.051389 0.057407
7 0.552083 0.166667 0.048611 0.055556
16 0.397569 0.356481 0.054861 0.062963
5 0.445833 0.167593 0.050000 0.055556
38 0.742014 0.223148 0.053472 0.059259
32 0.228125 0.355556 0.056250 0.062963
22 0.899653 0.249537 0.072917 0.125000
34 0.792708 0.350000 0.056250 0.062963
27 0.633681 0.225463 0.050694 0.056481
44 0.168056 0.355556 0.063889 0.064815
42 0.417014 0.228704 0.050694 0.057407
20 0.885069 0.158333 0.072917 0.055556
15 0.509722 0.355556 0.054167 0.062963
45 0.189931 0.289815 0.086806 0.061111
37 0.760764 0.286111 0.054861 0.061111
26 0.863889 0.281944 0.034722 0.062037
57 0.341319 0.356019 0.053472 0.062037
46 0.884722 0.347222 0.122222 0.066667
13 0.334028 0.424074 0.063889 0.066667
1 0.234722 0.168981 0.051389 0.056481
19 0.372917 0.290741 0.052778 0.061111
9 0.658333 0.163889 0.050000 0.055556
25 0.537847 0.289815 0.052083 0.059259
49 0.156597 0.424537 0.059028 0.067593
52 0.191319 0.227315 0.072917 0.058333
2 0.288542 0.168056 0.050694 0.054630
12 0.817708 0.284722 0.056250 0.062037
