57 0.262727 0.744378 0.058182 0.091454
45 0.079545 0.646177 0.097273 0.092954
59 0.460455 0.535982 0.059091 0.091454
18 0.651364 0.730885 0.060909 0.091454
50 0.736818 0.850825 0.064545 0.112444
38 0.718636 0.526987 0.059091 0.091454
49 0.055909 0.859820 0.062727 0.112444
25 0.485909 0.634933 0.059091 0.091454
19 0.292727 0.639430 0.060000 0.091454
55 0.392273 0.739130 0.059091 0.092954
12 0.810455 0.624438 0.060909 0.091454
21 0.267727 0.540480 0.060909 0.091454
30 0.494091 0.607946 0.971818 0.658171
47 0.463636 0.847076 0.330909 0.113943
27 0.590000 0.530735 0.058182 0.089955
33 0.586364 0.733883 0.060000 0.094453
34 0.781818 0.727136 0.061818 0.089955
41 0.137727 0.544228 0.060909 0.089955
53 0.524091 0.532984 0.059091 0.091454
16 0.327273 0.739880 0.060000 0.091454
43 0.228182 0.642429 0.060000 0.088456
6 0.445000 0.437031 0.059091 0.091454
56 0.202273 0.541979 0.059091 0.091454
22 0.922273 0.571214 0.073636 0.194903
8 0.573182 0.432534 0.059091 0.091454
11 0.831364 0.424288 0.059091 0.089955
37 0.745909 0.628186 0.060909 0.092954
36 0.654091 0.529985 0.060909 0.091454
14 0.664091 0.841829 0.064545 0.112444
3 0.252273 0.440780 0.060909 0.089955
29 0.616364 0.631184 0.060000 0.092954
35 0.521818 0.735382 0.060000 0.091454
48 0.765909 0.426537 0.059091 0.091454
24 0.422273 0.636432 0.059091 0.091454
0 0.702273 0.428786 0.059091 0.092954
9 0.637273 0.431034 0.058182 0.091454
52 0.067273 0.545727 0.070909 0.089955
40 0.716364 0.727886 0.060000 0.091454
58 0.196364 0.745127 0.060000 0.092954
32 0.130909 0.747376 0.060000 0.091454
28 0.551364 0.631934 0.059091 0.091454
7 0.510000 0.435532 0.058182 0.088456
15 0.457273 0.736882 0.060000 0.091454
5 0.380455 0.437781 0.059091 0.089955
46 0.890000 0.723388 0.147273 0.091454
23 0.356818 0.637931 0.059091 0.088456
44 0.061818 0.748876 0.069091 0.091454
1 0.123182 0.443778 0.059091 0.089955
39 0.848182 0.523238 0.060000 0.089955
4 0.317273 0.439280 0.058182 0.089955
17 0.059091 0.446027 0.058182 0.088456
13 0.261364 0.855322 0.062727 0.109445
51 0.396364 0.535982 0.058182 0.091454
10 0.163182 0.643178 0.059091 0.089955
54 0.782273 0.525487 0.059091 0.091454
42 0.332273 0.538981 0.059091 0.088456
2 0.188182 0.442279 0.060000 0.089955
20 0.910909 0.422039 0.087273 0.091454
26 0.875909 0.623688 0.059091 0.089955
31 0.680909 0.628936 0.058182 0.091454
