10 0.532917 0.560625 0.114167 0.080000
30 0.596667 0.526875 0.801667 0.692500
49 0.326667 0.743125 0.180000 0.087500
2 0.580417 0.380000 0.114167 0.077500
55 0.963333 0.678750 0.068333 0.082500
21 0.764583 0.480000 0.117500 0.080000
45 0.361250 0.553125 0.202500 0.083750
19 0.790000 0.574063 0.120000 0.084375
52 0.355417 0.460938 0.169167 0.080625
17 0.334583 0.370312 0.099167 0.075625
1 0.455000 0.375000 0.108333 0.076250
58 0.589167 0.659062 0.116667 0.084375
5 0.952917 0.395313 0.089167 0.080625
13 0.777083 0.768750 0.184167 0.088750
56 0.634167 0.473125 0.116667 0.080000
16 0.851250 0.674063 0.122500 0.085625
41 0.507917 0.468438 0.115833 0.080625
44 0.388333 0.648750 0.271667 0.088750
23 0.922917 0.580937 0.119167 0.085625
4 0.836250 0.390000 0.117500 0.080000
42 0.895000 0.484375 0.118333 0.082500
43 0.660000 0.567813 0.116667 0.081875
3 0.706250 0.385313 0.117500 0.078125
57 0.719583 0.666562 0.119167 0.084375
