30 0.470972 0.316667 0.813981 0.474074
41 0.172986 0.258333 0.045024 0.064815
0 0.590640 0.176852 0.043839 0.064815
49 0.100711 0.490741 0.049763 0.081481
6 0.396327 0.182407 0.041469 0.061111
20 0.758886 0.172222 0.086493 0.066667
44 0.103673 0.407407 0.050948 0.070370
39 0.713863 0.247222 0.046209 0.064815
25 0.431280 0.325926 0.045024 0.066667
56 0.222156 0.256481 0.043839 0.064815
8 0.493483 0.180556 0.043839 0.064815
16 0.307464 0.403704 0.043839 0.066667
32 0.156991 0.406481 0.046209 0.068519
4 0.298578 0.184259 0.042654 0.064815
58 0.207346 0.405556 0.045024 0.066667
31 0.579976 0.323148 0.043839 0.064815
3 0.250592 0.185185 0.043839 0.062963
27 0.516588 0.250926 0.042654 0.064815
40 0.606635 0.398148 0.045024 0.066667
11 0.688981 0.175000 0.043839 0.064815
57 0.257701 0.405556 0.043839 0.066667
17 0.105450 0.187037 0.037915 0.062963
14 0.568128 0.480556 0.046209 0.079630
12 0.679502 0.321296 0.043839 0.064815
34 0.656398 0.395370 0.045024 0.064815
29 0.530806 0.324074 0.042654 0.066667
10 0.183057 0.330556 0.043839 0.064815
13 0.264218 0.487963 0.049763 0.079630
43 0.232820 0.330556 0.043839 0.064815
35 0.457346 0.400000 0.045024 0.066667
48 0.639810 0.175926 0.045024 0.062963
23 0.333531 0.328704 0.043839 0.064815
54 0.664100 0.249074 0.043839 0.064815
24 0.382109 0.327778 0.043839 0.066667
2 0.201422 0.186111 0.045024 0.061111
22 0.774289 0.280556 0.065166 0.138889
5 0.347156 0.183333 0.042654 0.062963
50 0.668246 0.478704 0.047393 0.079630
52 0.114929 0.259259 0.061611 0.066667
38 0.614336 0.249074 0.043839 0.064815
36 0.565758 0.249074 0.043839 0.064815
18 0.556872 0.398148 0.045024 0.066667
1 0.152844 0.187037 0.042654 0.062963
26 0.729265 0.319444 0.046209 0.064815
45 0.119076 0.332407 0.074645 0.068519
51 0.369668 0.254630 0.042654 0.064815
53 0.467417 0.252778 0.043839 0.064815
42 0.320498 0.255556 0.043839 0.062963
55 0.357227 0.402778 0.043839 0.068519
37 0.629147 0.321296 0.045024 0.064815
47 0.417654 0.483333 0.245261 0.085185
21 0.271327 0.256481 0.045024 0.064815
33 0.507109 0.400000 0.045024 0.066667
19 0.282583 0.328704 0.043839 0.064815
59 0.418839 0.252778 0.043839 0.064815
9 0.542062 0.178704 0.043839 0.064815
28 0.481043 0.325000 0.042654 0.064815
46 0.748815 0.393519 0.127962 0.068519
7 0.444905 0.181481 0.043839 0.062963
15 0.407583 0.401852 0.045024 0.066667
