46 0.954455 0.298591 0.093069 0.051187
29 0.663861 0.250000 0.066337 0.048961
44 0.027228 0.319362 0.052475 0.048220
16 0.322772 0.313427 0.067327 0.048220
9 0.692574 0.137982 0.066337 0.048961
5 0.391089 0.145772 0.065347 0.048220
54 0.866832 0.189169 0.068317 0.048961
15 0.474257 0.310460 0.067327 0.048220
32 0.092079 0.317507 0.067327 0.048961
24 0.434653 0.255935 0.065347 0.048961
14 0.869307 0.362760 0.069307 0.051929
3 0.241584 0.149852 0.065347 0.047478
59 0.486634 0.199555 0.064356 0.048961
7 0.543069 0.142433 0.064356 0.048961
52 0.034158 0.208457 0.066337 0.047478
47 0.476733 0.368694 0.355446 0.056380
42 0.335644 0.202151 0.065347 0.048220
36 0.712376 0.192507 0.066337 0.049703
40 0.782178 0.303042 0.069307 0.048220
10 0.131683 0.261128 0.065347 0.047478
0 0.768812 0.135757 0.066337 0.048961
1 0.093564 0.153561 0.064356 0.047478
4 0.316832 0.147255 0.063366 0.048220
25 0.511386 0.254451 0.066337 0.047478
17 0.027228 0.155415 0.052475 0.046736
28 0.586634 0.252226 0.064356 0.048961
6 0.466832 0.144288 0.064356 0.048220
38 0.789604 0.190282 0.066337 0.048220
57 0.247030 0.314911 0.066337 0.048220
55 0.399505 0.312315 0.066337 0.048961
41 0.109901 0.207344 0.067327 0.048220
58 0.170297 0.316395 0.067327 0.048220
11 0.922772 0.132047 0.065347 0.047478
56 0.183168 0.205119 0.065347 0.048220
23 0.359901 0.257047 0.066337 0.048220
30 0.500990 0.229228 1.000000 0.397626
43 0.207426 0.260015 0.066337 0.048220
20 0.983168 0.130193 0.035644 0.048220
2 0.168317 0.150964 0.065347 0.046736
37 0.817822 0.245549 0.067327 0.048961
26 0.970297 0.242211 0.061386 0.048220
12 0.896040 0.244065 0.067327 0.048961
34 0.860396 0.301187 0.069307 0.048961
27 0.637624 0.195104 0.065347 0.048961
39 0.944554 0.187315 0.069307 0.048220
31 0.741089 0.248145 0.066337 0.049703
35 0.550990 0.309718 0.066337 0.048220
48 0.845050 0.133902 0.066337 0.048220
21 0.259406 0.203635 0.065347 0.048220
33 0.626238 0.307493 0.068317 0.048220
53 0.561386 0.197329 0.065347 0.048961
19 0.283168 0.258531 0.065347 0.048220
8 0.616832 0.140208 0.065347 0.048961
49 0.026733 0.376855 0.051485 0.051929
51 0.410396 0.200668 0.064356 0.048220
45 0.044554 0.262611 0.087129 0.048961
18 0.704455 0.305267 0.068317 0.049703
