9 0.532917 0.554928 0.050833 0.060575
56 0.178333 0.624743 0.050000 0.060575
31 0.577500 0.688398 0.051667 0.062628
1 0.105833 0.561088 0.050000 0.060575
47 0.378333 0.828542 0.285000 0.067762
12 0.690417 0.688398 0.054167 0.062628
36 0.557083 0.620637 0.052500 0.062628
28 0.466667 0.687885 0.051667 0.063655
40 0.607083 0.757700 0.054167 0.063655
23 0.301667 0.690452 0.051667 0.062628
32 0.110417 0.758727 0.052500 0.063655
21 0.232083 0.624230 0.050833 0.061602
48 0.642917 0.554415 0.052500 0.061602
49 0.043333 0.828029 0.055000 0.064682
50 0.606667 0.829569 0.055000 0.065708
43 0.193750 0.690965 0.050833 0.061602
8 0.479167 0.555955 0.050000 0.060575
7 0.426667 0.556468 0.050000 0.061602
37 0.632917 0.688912 0.054167 0.063655
27 0.502917 0.620637 0.050833 0.062628
58 0.165000 0.759240 0.051667 0.062628
41 0.125417 0.625257 0.052500 0.061602
6 0.372083 0.556468 0.050833 0.061602
5 0.317083 0.556982 0.050833 0.060575
11 0.698333 0.553388 0.051667 0.061602
10 0.140417 0.690965 0.050833 0.061602
26 0.745000 0.688912 0.048333 0.063655
46 0.726250 0.759240 0.062500 0.064682
25 0.411250 0.688912 0.050833 0.061602
44 0.052083 0.758727 0.062500 0.063655
17 0.055417 0.561602 0.045833 0.059548
55 0.327917 0.758214 0.052500 0.064682
51 0.339167 0.622690 0.050000 0.060575
54 0.669167 0.621150 0.053333 0.063655
42 0.285000 0.623203 0.050000 0.061602
59 0.394167 0.622177 0.051667 0.061602
15 0.382917 0.758214 0.052500 0.064682
39 0.722500 0.620637 0.048333 0.062628
19 0.247500 0.690452 0.050000 0.062628
34 0.664167 0.758214 0.055000 0.062628
14 0.549583 0.829055 0.054167 0.066735
30 0.492917 0.678645 0.967500 0.406571
53 0.447500 0.621150 0.050000 0.063655
20 0.766250 0.553901 0.075833 0.062628
18 0.550417 0.757700 0.054167 0.065708
2 0.158750 0.560062 0.050833 0.060575
24 0.355833 0.689938 0.051667 0.063655
22 0.780000 0.654004 0.060000 0.129363
16 0.273333 0.758727 0.051667 0.063655
38 0.612083 0.620637 0.052500 0.062628
33 0.495000 0.758727 0.053333 0.065708
4 0.265000 0.558008 0.048333 0.060575
29 0.522083 0.688398 0.052500 0.064682
35 0.438750 0.757700 0.052500 0.065708
0 0.587500 0.555441 0.051667 0.061602
57 0.218750 0.759240 0.050833 0.062628
3 0.211667 0.559035 0.051667 0.060575
13 0.207500 0.828542 0.053333 0.065708
45 0.069583 0.691992 0.087500 0.061602
52 0.063333 0.626283 0.068333 0.061602
