45 0.163043 0.469163 0.108696 0.079295
8 0.677795 0.296256 0.057453 0.077093
40 0.828416 0.562775 0.057453 0.077093
55 0.494565 0.562775 0.057453 0.077093
10 0.256211 0.470264 0.059006 0.077093
35 0.628882 0.563877 0.055901 0.079295
1 0.211180 0.288546 0.059006 0.074890
2 0.280280 0.288546 0.060559 0.074890
38 0.841615 0.383260 0.055901 0.074890
43 0.325311 0.470264 0.060559 0.077093
58 0.288820 0.563877 0.059006 0.079295
20 0.989130 0.296256 0.024845 0.077093
33 0.695652 0.563877 0.059006 0.079295
42 0.446429 0.381057 0.057453 0.074890
5 0.482143 0.292952 0.057453 0.074890
29 0.728261 0.472467 0.055901 0.077093
41 0.241460 0.378855 0.060559 0.079295
21 0.380435 0.379956 0.059006 0.077093
39 0.963509 0.384361 0.045031 0.077093
4 0.415373 0.291850 0.057453 0.077093
50 0.864130 0.658590 0.063665 0.083700
17 0.144410 0.286344 0.052795 0.074890
34 0.893634 0.562775 0.057453 0.077093
11 0.937888 0.298458 0.055901 0.072687
56 0.310559 0.377753 0.059006 0.077093
12 0.920807 0.472467 0.046584 0.077093
59 0.579193 0.382159 0.055901 0.077093
0 0.809006 0.298458 0.055901 0.077093
19 0.394410 0.471366 0.059006 0.079295
16 0.427019 0.563877 0.059006 0.079295
47 0.558230 0.660793 0.287267 0.088106
25 0.595497 0.472467 0.057453 0.077093
24 0.528727 0.472467 0.057453 0.077093
48 0.871118 0.297357 0.055901 0.074890
53 0.645186 0.382159 0.057453 0.077093
52 0.156832 0.376652 0.090062 0.079295
23 0.461957 0.471366 0.057453 0.074890
54 0.903727 0.384361 0.049689 0.077093
15 0.562112 0.563877 0.059006 0.079295
7 0.614130 0.296256 0.057453 0.077093
36 0.777174 0.384361 0.057453 0.077093
31 0.794255 0.472467 0.054348 0.077093
14 0.739907 0.660793 0.063665 0.092511
37 0.859472 0.473568 0.057453 0.079295
18 0.761646 0.563877 0.057453 0.079295
26 0.975155 0.472467 0.046584 0.077093
6 0.548137 0.295154 0.055901 0.074890
57 0.357919 0.563877 0.057453 0.079295
44 0.177019 0.562775 0.145963 0.081498
28 0.661491 0.472467 0.055901 0.077093
32 0.959627 0.564978 0.052795 0.081498
27 0.711180 0.383260 0.055901 0.074890
51 0.513975 0.382159 0.055901 0.077093
49 0.148292 0.658590 0.091615 0.083700
9 0.743012 0.296256 0.057453 0.077093
3 0.347826 0.289648 0.059006 0.077093
13 0.373447 0.657489 0.060559 0.085903
30 0.545807 0.450441 0.911491 0.588106
