43 0.208839 0.604985 0.042510 0.083082
20 0.678812 0.312689 0.076923 0.072508
7 0.401147 0.381420 0.041161 0.074018
34 0.614372 0.580060 0.046559 0.081571
24 0.352227 0.564955 0.043185 0.081571
27 0.473684 0.445619 0.041835 0.075529
42 0.290486 0.494713 0.042510 0.080060
32 0.134278 0.716767 0.045884 0.089124
51 0.337045 0.482628 0.042510 0.077039
31 0.537449 0.514350 0.043860 0.080060
0 0.533063 0.347432 0.041835 0.072508
55 0.332659 0.662387 0.044534 0.086103
29 0.492240 0.526435 0.043860 0.080060
56 0.196356 0.519637 0.043185 0.081571
28 0.446356 0.539275 0.043860 0.081571
10 0.160594 0.617825 0.043185 0.081571
18 0.521592 0.605740 0.045884 0.081571
4 0.266194 0.416163 0.041161 0.074018
49 0.077935 0.838369 0.054656 0.111782
9 0.489204 0.358761 0.041835 0.070997
8 0.445344 0.370846 0.040486 0.074018
35 0.428812 0.634441 0.045209 0.084592
15 0.380567 0.647281 0.045884 0.086103
36 0.517544 0.434290 0.043185 0.077039
47 0.386977 0.750000 0.244939 0.158610
21 0.243590 0.507553 0.043185 0.081571
53 0.428138 0.458459 0.042510 0.077039
23 0.305668 0.577795 0.043185 0.080060
44 0.080634 0.731118 0.051957 0.090634
58 0.185223 0.703927 0.045209 0.087613
2 0.174089 0.440332 0.041835 0.074018
5 0.311404 0.404834 0.041161 0.072508
33 0.476046 0.619335 0.045209 0.084592
50 0.586032 0.690332 0.047908 0.099698
25 0.399460 0.552115 0.043185 0.080060
30 0.493252 0.562689 0.954116 0.823263
16 0.284076 0.675227 0.045884 0.084592
46 0.697031 0.556647 0.121457 0.095166
13 0.236842 0.793051 0.045884 0.102719
14 0.535762 0.702417 0.053981 0.102719
3 0.220310 0.429003 0.042510 0.075529
38 0.561741 0.422205 0.042510 0.077039
37 0.582321 0.500755 0.044534 0.077039
39 0.646761 0.398036 0.039811 0.074018
40 0.568489 0.592900 0.045209 0.080060
52 0.091768 0.546828 0.060729 0.084592
6 0.355938 0.393505 0.041161 0.074018
57 0.234480 0.689577 0.043860 0.086103
45 0.096829 0.634441 0.073549 0.090634
1 0.127193 0.453927 0.041161 0.077039
17 0.082996 0.464502 0.036437 0.074018
48 0.575236 0.336103 0.042510 0.070997
59 0.382928 0.469789 0.042510 0.078550
22 0.705128 0.424471 0.076923 0.154079
26 0.669028 0.474320 0.039811 0.075529
19 0.257085 0.591390 0.043185 0.083082
41 0.148785 0.532477 0.043860 0.080060
11 0.618758 0.326284 0.041835 0.069486
12 0.626856 0.488671 0.044534 0.077039
54 0.605938 0.409366 0.043185 0.075529
