52 0.134211 0.304841 0.068421 0.068079
48 0.717368 0.229955 0.047368 0.066566
28 0.541579 0.381241 0.047368 0.066566
59 0.474211 0.305598 0.047368 0.066566
0 0.664737 0.229955 0.047368 0.066566
32 0.186316 0.459153 0.050526 0.068079
44 0.127368 0.459153 0.056842 0.068079
29 0.596316 0.381241 0.047368 0.066566
39 0.797368 0.304841 0.047368 0.065053
13 0.297895 0.543873 0.050526 0.080182
42 0.365263 0.305598 0.048421 0.066566
21 0.310526 0.306354 0.050526 0.068079
11 0.772105 0.229198 0.047368 0.065053
23 0.378947 0.381997 0.048421 0.065053
47 0.461579 0.541604 0.268421 0.081694
30 0.500000 0.354766 0.840000 0.515885
7 0.503158 0.230711 0.048421 0.068079
12 0.757368 0.381241 0.047368 0.066566
1 0.174737 0.229198 0.048421 0.068079
10 0.214211 0.382753 0.049474 0.066566
46 0.829474 0.455371 0.138947 0.066566
6 0.448421 0.229955 0.048421 0.066566
24 0.433158 0.382753 0.047368 0.066566
54 0.743684 0.305598 0.047368 0.066566
3 0.284737 0.229955 0.049474 0.066566
35 0.515263 0.458396 0.049474 0.066566
43 0.268947 0.382753 0.049474 0.066566
34 0.731053 0.456127 0.049474 0.065053
40 0.677895 0.457640 0.048421 0.065053
15 0.461053 0.458396 0.050526 0.066566
4 0.340000 0.229198 0.048421 0.068079
26 0.811053 0.381241 0.047368 0.066566
2 0.230526 0.228442 0.050526 0.066566
36 0.635789 0.305598 0.048421 0.066566
16 0.352105 0.458396 0.049474 0.066566
27 0.582632 0.305598 0.047368 0.066566
17 0.122632 0.228442 0.043158 0.066566
56 0.254737 0.305598 0.048421 0.066566
33 0.568947 0.457640 0.049474 0.068079
50 0.684737 0.540847 0.049474 0.080182
45 0.142105 0.381997 0.084211 0.068079
14 0.627895 0.540091 0.055789 0.078669
19 0.324211 0.382753 0.048421 0.066566
57 0.296842 0.459153 0.048421 0.068079
58 0.241579 0.459153 0.049474 0.068079
18 0.623158 0.458396 0.048421 0.066566
51 0.419474 0.305598 0.047368 0.066566
25 0.487368 0.382753 0.048421 0.066566
38 0.690000 0.305598 0.047368 0.066566
53 0.527895 0.305598 0.047368 0.066566
22 0.861053 0.341906 0.067368 0.142209
20 0.848947 0.229198 0.091579 0.068079
49 0.125789 0.541604 0.057895 0.081694
55 0.406316 0.458396 0.048421 0.066566
8 0.557368 0.229955 0.047368 0.066566
5 0.393684 0.229955 0.048421 0.066566
9 0.611053 0.229955 0.047368 0.066566
37 0.703158 0.381241 0.048421 0.066566
41 0.200000 0.305598 0.050526 0.066566
31 0.650000 0.381241 0.047368 0.066566
