21 0.116059 0.399582 0.053981 0.146444
6 0.266869 0.243724 0.053306 0.140167
19 0.127193 0.566946 0.053306 0.150628
30 0.500675 0.502092 1.000000 1.000000
28 0.367409 0.569038 0.051957 0.146444
9 0.443320 0.246862 0.052632 0.133891
40 0.520243 0.739540 0.053981 0.148536
31 0.487517 0.567992 0.051957 0.152720
33 0.397099 0.736402 0.054656 0.154812
59 0.294534 0.399582 0.051957 0.142259
26 0.668691 0.570084 0.055331 0.152720
4 0.149798 0.239540 0.052632 0.144351
57 0.093455 0.734310 0.054656 0.150628
3 0.090418 0.241632 0.053981 0.135983
55 0.214912 0.737448 0.056005 0.148536
11 0.619096 0.245816 0.049258 0.135983
54 0.592105 0.404812 0.053306 0.144351
46 0.657557 0.740586 0.084345 0.158996
17 0.012483 0.240586 0.023617 0.138075
51 0.235493 0.399582 0.051282 0.142259
44 0.016869 0.736402 0.032389 0.146444
38 0.531714 0.401674 0.052632 0.142259
14 0.458502 0.915272 0.054656 0.156904
0 0.502024 0.246862 0.052632 0.138075
27 0.412618 0.400628 0.051957 0.140167
2 0.031714 0.239540 0.053981 0.135983
50 0.598853 0.919456 0.088394 0.156904
7 0.325911 0.245816 0.051282 0.140167
13 0.089406 0.912134 0.056005 0.154812
47 0.273617 0.911088 0.302969 0.165272
8 0.383603 0.246862 0.051957 0.142259
24 0.247301 0.569038 0.053306 0.146444
23 0.186910 0.566946 0.053981 0.146444
18 0.458502 0.738494 0.053306 0.150628
39 0.652834 0.404812 0.054656 0.148536
35 0.336707 0.737448 0.053981 0.152720
42 0.175776 0.399582 0.053306 0.146444
10 0.017206 0.567992 0.033063 0.144351
29 0.427463 0.565900 0.053306 0.152720
5 0.208165 0.240586 0.051957 0.146444
25 0.307692 0.567992 0.052632 0.144351
16 0.153509 0.736402 0.054656 0.150628
20 0.700742 0.248954 0.093792 0.133891
52 0.019906 0.393305 0.038462 0.154812
53 0.353914 0.401674 0.051957 0.142259
34 0.580634 0.738494 0.054656 0.150628
36 0.471997 0.404812 0.053306 0.140167
41 0.014507 0.399582 0.027665 0.150628
43 0.066802 0.567992 0.055331 0.144351
32 0.014507 0.736402 0.027665 0.154812
49 0.016869 0.912134 0.032389 0.158996
56 0.057018 0.398536 0.053306 0.144351
22 0.719636 0.491632 0.070850 0.317992
58 0.032726 0.734310 0.054656 0.150628
15 0.275978 0.736402 0.053981 0.150628
45 0.023279 0.566946 0.045209 0.138075
48 0.560391 0.246862 0.051957 0.138075
37 0.548583 0.567992 0.052632 0.148536
1 0.014170 0.237448 0.026991 0.140167
12 0.608637 0.571130 0.052632 0.146444
