2 0.223577 0.327027 0.037940 0.052252
47 0.402439 0.553153 0.205962 0.054054
43 0.255420 0.438739 0.036585 0.052252
59 0.411924 0.382883 0.037940 0.052252
9 0.518293 0.327928 0.039295 0.050450
36 0.537940 0.383784 0.037940 0.050450
54 0.621951 0.384685 0.037940 0.052252
24 0.381436 0.439640 0.036585 0.050450
13 0.277100 0.552252 0.036585 0.052252
40 0.570461 0.494595 0.037940 0.052252
0 0.559621 0.327928 0.037940 0.050450
1 0.182249 0.327027 0.036585 0.052252
7 0.434282 0.327928 0.036585 0.050450
17 0.139566 0.327027 0.037940 0.052252
11 0.643631 0.328829 0.037940 0.052252
18 0.528455 0.494595 0.037940 0.052252
26 0.674797 0.438739 0.037940 0.052252
35 0.445122 0.494595 0.039295 0.052252
37 0.591463 0.439640 0.036585 0.050450
29 0.507453 0.438739 0.036585 0.052252
52 0.149729 0.382883 0.058266 0.052252
57 0.277100 0.494595 0.036585 0.052252
21 0.285908 0.381982 0.037940 0.050450
56 0.243902 0.382883 0.037940 0.052252
14 0.529133 0.551351 0.039295 0.054054
33 0.487127 0.494595 0.039295 0.052252
23 0.339431 0.438739 0.036585 0.052252
8 0.475610 0.327928 0.037940 0.050450
30 0.497290 0.413514 0.783198 0.372973
46 0.670054 0.495495 0.069106 0.050450
32 0.192412 0.494595 0.037940 0.052252
45 0.155149 0.439640 0.069106 0.050450
12 0.634146 0.439640 0.037940 0.050450
6 0.392276 0.327928 0.039295 0.050450
25 0.422764 0.438739 0.037940 0.052252
39 0.663957 0.383784 0.037940 0.050450
16 0.319106 0.494595 0.039295 0.052252
31 0.549458 0.438739 0.036585 0.052252
19 0.297425 0.438739 0.036585 0.052252
51 0.370596 0.382883 0.036585 0.048649
55 0.361789 0.494595 0.037940 0.052252
22 0.716802 0.411712 0.059621 0.109910
50 0.629404 0.552252 0.071816 0.052252
34 0.612466 0.495495 0.037940 0.050450
27 0.496612 0.381982 0.036585 0.050450
42 0.328591 0.383784 0.039295 0.050450
38 0.579946 0.382883 0.037940 0.052252
3 0.265583 0.327027 0.037940 0.052252
48 0.601626 0.328829 0.037940 0.052252
28 0.465447 0.438739 0.036585 0.052252
20 0.707317 0.328829 0.078591 0.048649
15 0.403117 0.494595 0.039295 0.052252
58 0.235095 0.495495 0.036585 0.050450
53 0.454607 0.382883 0.036585 0.052252
4 0.308943 0.326126 0.037940 0.050450
49 0.144309 0.553153 0.050136 0.054054
44 0.144986 0.495495 0.048780 0.050450
41 0.201897 0.383784 0.037940 0.050450
5 0.350949 0.327928 0.037940 0.050450
10 0.213415 0.439640 0.036585 0.050450
