20 0.735938 0.387917 0.088125 0.052500
15 0.391875 0.574583 0.045000 0.057500
50 0.652813 0.639583 0.080625 0.057500
56 0.214062 0.450000 0.041875 0.055000
35 0.440312 0.575000 0.044375 0.056667
48 0.617500 0.388333 0.042500 0.053333
43 0.223750 0.512083 0.042500 0.055833
12 0.656250 0.511250 0.043750 0.055833
55 0.343750 0.574583 0.043750 0.055833
39 0.689688 0.449167 0.043125 0.055000
6 0.382188 0.389167 0.043125 0.053333
52 0.108438 0.450000 0.066875 0.053333
58 0.199063 0.575000 0.043125 0.055000
42 0.309063 0.449583 0.044375 0.054167
51 0.356563 0.449167 0.041875 0.053333
24 0.367812 0.510833 0.043125 0.055000
9 0.522813 0.388333 0.041875 0.051667
59 0.404062 0.449167 0.043125 0.055000
34 0.633125 0.574583 0.043750 0.055833
47 0.390937 0.640000 0.239375 0.058333
44 0.095312 0.575417 0.059375 0.055833
22 0.750000 0.481667 0.068750 0.116667
26 0.703438 0.511667 0.043125 0.055000
37 0.608125 0.511250 0.043750 0.055833
38 0.594063 0.449167 0.043125 0.055000
33 0.488125 0.574583 0.045000 0.057500
1 0.146563 0.389583 0.041875 0.052500
32 0.151250 0.574583 0.045000 0.055833
16 0.295312 0.574583 0.044375 0.055833
0 0.570312 0.387917 0.043125 0.052500
8 0.475625 0.389167 0.042500 0.053333
28 0.463750 0.510833 0.042500 0.056667
45 0.111875 0.512500 0.080000 0.055000
54 0.642188 0.449583 0.043125 0.055833
3 0.240625 0.389167 0.042500 0.053333
57 0.247500 0.575417 0.043750 0.055833
29 0.511875 0.510833 0.043750 0.056667
13 0.244688 0.639583 0.044375 0.057500
18 0.537188 0.574583 0.043125 0.055833
11 0.665000 0.388333 0.041250 0.051667
17 0.099687 0.389167 0.041875 0.051667
25 0.416250 0.510833 0.043750 0.055000
10 0.177187 0.511250 0.041875 0.055833
46 0.699063 0.574583 0.078125 0.055833
49 0.092813 0.639583 0.059375 0.059167
53 0.451562 0.449167 0.043125 0.055000
23 0.319688 0.511667 0.043125 0.055000
19 0.271562 0.512083 0.041875 0.055833
27 0.499063 0.448333 0.043125 0.053333
5 0.334062 0.389583 0.041875 0.052500
30 0.526563 0.490000 0.930625 0.396667
41 0.166563 0.449583 0.045625 0.054167
2 0.193438 0.390000 0.041875 0.053333
21 0.261562 0.449583 0.043125 0.054167
36 0.545937 0.448750 0.043125 0.055833
7 0.428750 0.389167 0.041250 0.051667
40 0.585938 0.574583 0.043125 0.055833
4 0.287813 0.389167 0.041875 0.053333
31 0.559688 0.510833 0.043125 0.055000
14 0.537188 0.640000 0.045625 0.058333
