48 0.616450 0.285503 0.040717 0.073964
7 0.434039 0.285503 0.040717 0.073964
13 0.261401 0.622781 0.040717 0.073964
52 0.125407 0.369822 0.058632 0.076923
36 0.548046 0.368343 0.040717 0.073964
0 0.570847 0.285503 0.040717 0.073964
54 0.639251 0.369822 0.040717 0.076923
19 0.284202 0.454142 0.040717 0.073964
40 0.582248 0.538462 0.040717 0.071006
30 0.513029 0.421598 0.872964 0.547337
39 0.684853 0.369822 0.040717 0.076923
14 0.536645 0.622781 0.040717 0.073964
3 0.250000 0.285503 0.040717 0.073964
15 0.398208 0.536982 0.040717 0.073964
38 0.593648 0.368343 0.040717 0.073964
35 0.444625 0.536982 0.039088 0.073964
49 0.119707 0.624260 0.050489 0.076923
22 0.736156 0.411243 0.052117 0.159763
29 0.513844 0.452663 0.040717 0.076923
44 0.119707 0.539941 0.047231 0.073964
45 0.131107 0.454142 0.070033 0.073964
11 0.662866 0.284024 0.039088 0.071006
31 0.559446 0.454142 0.040717 0.073964
34 0.627850 0.538462 0.040717 0.071006
23 0.329805 0.454142 0.040717 0.073964
59 0.410423 0.368343 0.039088 0.073964
50 0.640065 0.624260 0.065147 0.076923
8 0.478827 0.285503 0.039088 0.073964
37 0.605049 0.454142 0.040717 0.073964
10 0.192182 0.454142 0.042345 0.073964
2 0.203583 0.285503 0.042345 0.073964
17 0.114821 0.285503 0.034202 0.073964
4 0.296417 0.285503 0.039088 0.073964
18 0.535831 0.538462 0.039088 0.071006
57 0.261401 0.538462 0.040717 0.071006
58 0.215798 0.539941 0.040717 0.073964
26 0.696254 0.452663 0.040717 0.076923
53 0.456026 0.369822 0.039088 0.076923
28 0.467427 0.452663 0.039088 0.076923
43 0.237785 0.454142 0.039088 0.073964
21 0.271987 0.369822 0.039088 0.076923
42 0.318404 0.369822 0.040717 0.076923
46 0.684853 0.538462 0.063518 0.076923
9 0.525244 0.285503 0.040717 0.073964
25 0.421010 0.454142 0.040717 0.073964
41 0.179967 0.369822 0.040717 0.076923
6 0.387622 0.285503 0.042345 0.073964
47 0.398208 0.624260 0.223127 0.076923
1 0.158795 0.285503 0.040717 0.073964
20 0.725570 0.284024 0.073290 0.071006
27 0.501629 0.368343 0.039088 0.073964
16 0.307003 0.538462 0.040717 0.071006
33 0.489414 0.536982 0.040717 0.073964
32 0.168567 0.538462 0.040717 0.076923
51 0.364821 0.368343 0.039088 0.073964
56 0.227199 0.369822 0.040717 0.076923
55 0.352606 0.536982 0.040717 0.073964
12 0.650651 0.454142 0.040717 0.073964
5 0.342020 0.285503 0.039088 0.073964
24 0.375407 0.454142 0.040717 0.073964
