2 0.211356 0.347689 0.044164 0.060924
47 0.419558 0.611345 0.239748 0.063025
43 0.248423 0.477941 0.042587 0.060924
59 0.430599 0.412815 0.044164 0.060924
9 0.554416 0.348739 0.045741 0.058824
36 0.577287 0.413866 0.044164 0.058824
54 0.675079 0.414916 0.044164 0.060924
24 0.395110 0.478992 0.042587 0.058824
13 0.273659 0.610294 0.042587 0.060924
40 0.615142 0.543067 0.044164 0.060924
0 0.602524 0.348739 0.044164 0.058824
1 0.163249 0.347689 0.042587 0.060924
7 0.456625 0.348739 0.042587 0.058824
17 0.113565 0.347689 0.044164 0.060924
11 0.700315 0.349790 0.044164 0.060924
18 0.566246 0.543067 0.044164 0.060924
26 0.736593 0.477941 0.044164 0.060924
35 0.469243 0.543067 0.045741 0.060924
37 0.639590 0.478992 0.042587 0.058824
29 0.541798 0.477941 0.042587 0.060924
52 0.125394 0.412815 0.067823 0.060924
57 0.273659 0.543067 0.042587 0.060924
21 0.283912 0.411765 0.044164 0.058824
56 0.235016 0.412815 0.044164 0.060924
14 0.567035 0.609244 0.045741 0.063025
33 0.518139 0.543067 0.045741 0.060924
23 0.346215 0.477941 0.042587 0.060924
8 0.504732 0.348739 0.044164 0.058824
30 0.529968 0.448529 0.911672 0.434874
46 0.731073 0.544118 0.080442 0.058824
32 0.175079 0.543067 0.044164 0.060924
45 0.131703 0.478992 0.080442 0.058824
12 0.689274 0.478992 0.044164 0.058824
6 0.407729 0.348739 0.045741 0.058824
25 0.443218 0.477941 0.044164 0.060924
39 0.723975 0.413866 0.044164 0.058824
16 0.322555 0.543067 0.045741 0.060924
31 0.590694 0.477941 0.042587 0.060924
19 0.297319 0.477941 0.042587 0.060924
51 0.382492 0.412815 0.042587 0.056723
55 0.372240 0.543067 0.044164 0.060924
22 0.785489 0.446429 0.069401 0.128151
50 0.683754 0.610294 0.083596 0.060924
34 0.664038 0.544118 0.044164 0.058824
27 0.529180 0.411765 0.042587 0.058824
42 0.333596 0.413866 0.045741 0.058824
38 0.626183 0.412815 0.044164 0.060924
3 0.260252 0.347689 0.044164 0.060924
48 0.651420 0.349790 0.044164 0.060924
28 0.492902 0.477941 0.042587 0.060924
20 0.774448 0.349790 0.091483 0.056723
15 0.420347 0.543067 0.045741 0.060924
58 0.224763 0.544118 0.042587 0.058824
53 0.480284 0.412815 0.042587 0.060924
4 0.310726 0.346639 0.044164 0.058824
49 0.119085 0.611345 0.058360 0.063025
44 0.119874 0.544118 0.056782 0.058824
41 0.186120 0.413866 0.044164 0.058824
5 0.359621 0.348739 0.044164 0.058824
10 0.199527 0.478992 0.042587 0.058824
