6 0.305965 0.190233 0.043566 0.112245
2 0.142091 0.175656 0.040214 0.106414
0 0.484920 0.204082 0.048928 0.119534
30 0.488941 0.500729 0.971180 0.998542
51 0.272453 0.307580 0.043566 0.110787
29 0.404155 0.451895 0.046917 0.119534
20 0.656501 0.217930 0.101206 0.126822
52 0.069370 0.284985 0.048928 0.103499
39 0.595174 0.346210 0.050938 0.120991
1 0.104893 0.171283 0.039544 0.103499
24 0.272453 0.433673 0.043566 0.112245
45 0.063338 0.401603 0.058311 0.106414
26 0.657842 0.354227 0.077078 0.128280
21 0.190684 0.297376 0.042225 0.110787
56 0.151139 0.292274 0.040885 0.109329
55 0.240282 0.551020 0.046247 0.113703
40 0.462131 0.594023 0.050268 0.118076
58 0.119303 0.528426 0.041555 0.109329
31 0.450402 0.459913 0.046917 0.120991
23 0.230563 0.424927 0.042895 0.112245
42 0.231233 0.303936 0.042895 0.112245
27 0.403485 0.322157 0.046917 0.116618
44 0.062332 0.518222 0.077748 0.112245
28 0.359920 0.446064 0.046917 0.119534
9 0.437668 0.200437 0.048257 0.118076
41 0.111930 0.289359 0.041555 0.109329
50 0.521783 0.750729 0.091823 0.134111
46 0.581099 0.618076 0.093834 0.134111
53 0.359584 0.318513 0.047587 0.115160
59 0.315684 0.312682 0.045576 0.115160
19 0.190349 0.420554 0.042895 0.112245
17 0.072386 0.173469 0.030831 0.099125
10 0.111260 0.406706 0.040214 0.107872
35 0.326072 0.567784 0.047587 0.118076
43 0.149799 0.413994 0.040885 0.107872
57 0.158847 0.535714 0.042895 0.109329
49 0.032842 0.636297 0.041555 0.109329
22 0.630027 0.488338 0.117962 0.134111
5 0.263740 0.186589 0.043566 0.113703
3 0.181971 0.177843 0.042225 0.107872
34 0.509383 0.602770 0.050938 0.123907
38 0.496649 0.334548 0.048257 0.120991
47 0.277480 0.697522 0.221180 0.170554
54 0.545241 0.340379 0.050268 0.120991
12 0.546247 0.474490 0.050938 0.123907
37 0.497989 0.469388 0.048257 0.119534
25 0.315349 0.438776 0.044906 0.113703
4 0.222185 0.182945 0.042225 0.106414
7 0.349196 0.192420 0.045576 0.116618
13 0.146783 0.659621 0.042895 0.118076
33 0.369973 0.577259 0.048257 0.122449
11 0.581769 0.211370 0.049598 0.119534
18 0.415214 0.584548 0.048928 0.119534
36 0.449062 0.330175 0.048257 0.118076
14 0.406501 0.720117 0.050268 0.128280
15 0.282172 0.559038 0.046917 0.115160
48 0.532172 0.209184 0.049598 0.120991
16 0.198727 0.543732 0.044906 0.110787
8 0.392426 0.198251 0.046247 0.116618
