42 0.236340 0.411079 0.037294 0.128280
34 0.520815 0.688047 0.039029 0.122449
0 0.469211 0.274052 0.038161 0.128280
59 0.320902 0.411079 0.038161 0.128280
6 0.300087 0.272595 0.038161 0.125364
12 0.542931 0.549563 0.038161 0.131195
43 0.162186 0.549563 0.038161 0.125364
47 0.331310 0.839650 0.249783 0.151603
4 0.215525 0.272595 0.037294 0.125364
19 0.204683 0.551020 0.038161 0.128280
35 0.352559 0.688047 0.039029 0.128280
9 0.427147 0.274052 0.039029 0.122449
48 0.511275 0.272595 0.039029 0.125364
16 0.225932 0.689504 0.039029 0.125364
1 0.088465 0.272595 0.038161 0.125364
53 0.363400 0.411079 0.038161 0.128280
46 0.590633 0.688047 0.090199 0.128280
30 0.499566 0.500000 0.981787 0.953353
25 0.331310 0.548105 0.038161 0.128280
27 0.405030 0.409621 0.038161 0.125364
36 0.448829 0.422741 0.039029 0.128280
44 0.054640 0.693878 0.048569 0.128280
37 0.500434 0.549563 0.038161 0.125364
41 0.109714 0.411079 0.039029 0.128280
50 0.606678 0.835277 0.061578 0.148688
3 0.173027 0.272595 0.039029 0.125364
31 0.460104 0.561224 0.037294 0.131195
58 0.141370 0.686589 0.038161 0.125364
57 0.183868 0.689504 0.038161 0.125364
13 0.173461 0.835277 0.060711 0.148688
29 0.415438 0.549563 0.038161 0.131195
33 0.394189 0.689504 0.039029 0.131195
21 0.194276 0.411079 0.038161 0.128280
18 0.439722 0.699708 0.038161 0.128280
15 0.310061 0.688047 0.039029 0.128280
23 0.246748 0.549563 0.037294 0.125364
28 0.373374 0.548105 0.037294 0.128280
56 0.151778 0.411079 0.038161 0.128280
40 0.479185 0.686589 0.039029 0.125364
5 0.257589 0.272595 0.038161 0.125364
38 0.489592 0.411079 0.037294 0.128280
10 0.120555 0.549563 0.038161 0.125364
45 0.064614 0.556851 0.070252 0.128280
17 0.045967 0.274052 0.038161 0.122449
52 0.056808 0.411079 0.059844 0.128280
22 0.611882 0.481050 0.049436 0.268222
32 0.098873 0.688047 0.039896 0.128280
7 0.342585 0.275510 0.038161 0.125364
49 0.055941 0.836735 0.061578 0.151603
51 0.278838 0.409621 0.037294 0.125364
39 0.568517 0.411079 0.026886 0.128280
55 0.268430 0.688047 0.039029 0.128280
54 0.532090 0.411079 0.037294 0.128280
14 0.490026 0.835277 0.060711 0.148688
8 0.384649 0.275510 0.039029 0.125364
26 0.579358 0.548105 0.027754 0.128280
24 0.288812 0.549563 0.038161 0.125364
11 0.553339 0.272595 0.038161 0.125364
2 0.130963 0.272595 0.038161 0.125364
20 0.605811 0.272595 0.059844 0.125364
