12 0.615333 0.418716 0.037333 0.091530
18 0.531000 0.531421 0.039333 0.095628
35 0.451667 0.543033 0.042000 0.096995
24 0.379667 0.446038 0.043333 0.096995
44 0.133667 0.590164 0.062000 0.109290
56 0.226000 0.351093 0.045333 0.101093
5 0.327667 0.235656 0.043333 0.096995
39 0.627667 0.318306 0.028667 0.090164
46 0.665667 0.512295 0.082000 0.095628
49 0.150667 0.713798 0.078667 0.129781
30 0.511000 0.445355 0.943333 0.806011
51 0.359333 0.339481 0.041333 0.096995
29 0.501667 0.431694 0.040667 0.095628
13 0.280333 0.688525 0.072667 0.122951
10 0.202333 0.465164 0.046000 0.102459
15 0.410667 0.549180 0.042667 0.098361
27 0.482000 0.329235 0.038667 0.092896
3 0.238667 0.239754 0.045333 0.099727
17 0.097667 0.246585 0.048667 0.102459
16 0.325667 0.562158 0.044667 0.099727
6 0.370667 0.233607 0.042667 0.095628
59 0.401333 0.336066 0.041333 0.095628
54 0.596667 0.321038 0.037333 0.090164
28 0.462000 0.435792 0.040000 0.095628
23 0.337000 0.450820 0.042000 0.098361
4 0.283667 0.236339 0.043333 0.098361
53 0.442333 0.333333 0.040667 0.095628
37 0.578667 0.424180 0.038667 0.091530
45 0.136000 0.473361 0.086667 0.107923
48 0.568333 0.222678 0.038000 0.090164
9 0.492000 0.226776 0.038667 0.092896
19 0.293000 0.456284 0.044667 0.101093
22 0.668667 0.362705 0.056000 0.189891
55 0.369000 0.554645 0.043333 0.098361
40 0.569333 0.525273 0.038667 0.091530
47 0.439000 0.663251 0.254000 0.143443
7 0.411667 0.230874 0.040667 0.095628
11 0.605000 0.219262 0.036667 0.088798
25 0.421333 0.440574 0.041333 0.094262
42 0.316667 0.344262 0.042667 0.098361
41 0.179667 0.355191 0.047333 0.103825
50 0.690667 0.616803 0.057333 0.107923
26 0.647333 0.415301 0.029333 0.090164
8 0.452667 0.228825 0.040000 0.094262
1 0.146667 0.244536 0.046667 0.101093
57 0.281333 0.567623 0.044000 0.099727
43 0.248000 0.460383 0.045333 0.101093
33 0.491333 0.537568 0.040000 0.096995
38 0.559667 0.323087 0.038000 0.091530
20 0.649667 0.218579 0.052667 0.087432
2 0.193333 0.241803 0.045333 0.101093
36 0.521333 0.327186 0.038667 0.091530
34 0.606667 0.521175 0.038667 0.091530
0 0.531000 0.225410 0.039333 0.092896
14 0.589667 0.634563 0.060667 0.110656
31 0.540333 0.426913 0.038000 0.094262
52 0.119667 0.360656 0.072667 0.106557
58 0.235667 0.575137 0.046000 0.103825
21 0.272000 0.346995 0.044000 0.101093
32 0.188333 0.580601 0.047333 0.106557
