16 0.258493 0.585145 0.047267 0.071256
30 0.498154 0.478261 0.972674 0.533816
44 0.082718 0.588768 0.096012 0.073671
54 0.612999 0.425121 0.044313 0.070048
29 0.481905 0.501812 0.045052 0.071256
25 0.384786 0.504831 0.045790 0.070048
6 0.363737 0.356884 0.045052 0.066425
57 0.207903 0.585749 0.048006 0.070048
45 0.075332 0.511473 0.069424 0.071256
13 0.221566 0.672101 0.048744 0.076087
42 0.276957 0.431159 0.045790 0.070048
15 0.358567 0.582126 0.048006 0.072464
51 0.326440 0.429348 0.044313 0.068841
9 0.506647 0.355072 0.044313 0.067633
10 0.137001 0.510266 0.046529 0.071256
47 0.381462 0.664855 0.266617 0.078502
59 0.375185 0.429952 0.045790 0.070048
8 0.459010 0.356280 0.043575 0.067633
4 0.266987 0.357488 0.043575 0.067633
31 0.529911 0.500604 0.043575 0.068841
1 0.120015 0.360507 0.046529 0.066425
5 0.314993 0.357488 0.045052 0.067633
48 0.600074 0.352053 0.043575 0.066425
33 0.457164 0.578502 0.047267 0.072464
53 0.423191 0.429348 0.044313 0.068841
36 0.518833 0.427536 0.045052 0.067633
35 0.408050 0.580918 0.046529 0.072464
19 0.236337 0.509058 0.047267 0.071256
14 0.539882 0.662440 0.045790 0.073671
41 0.129247 0.435386 0.048744 0.071256
23 0.286189 0.506643 0.045052 0.071256
20 0.709380 0.349638 0.073117 0.068841
38 0.566100 0.425725 0.043575 0.068841
24 0.335303 0.506039 0.045790 0.070048
46 0.690547 0.572464 0.125554 0.072464
22 0.700517 0.496981 0.098227 0.071256
21 0.228213 0.432367 0.045790 0.070048
58 0.157312 0.586957 0.048744 0.072464
27 0.471566 0.427536 0.043575 0.067633
28 0.433530 0.503019 0.044313 0.071256
11 0.646972 0.350845 0.042836 0.066425
3 0.218612 0.359300 0.045790 0.068841
2 0.169129 0.359903 0.045790 0.067633
17 0.071270 0.361715 0.045052 0.066425
12 0.625554 0.499396 0.044313 0.071256
0 0.553914 0.353261 0.042836 0.066425
7 0.411743 0.356280 0.043575 0.067633
26 0.716765 0.422705 0.061300 0.067633
39 0.660635 0.423309 0.043575 0.068841
56 0.178730 0.434179 0.045790 0.071256
34 0.602659 0.574879 0.044313 0.070048
37 0.578287 0.500604 0.044313 0.068841
52 0.073486 0.435386 0.058346 0.068841
40 0.555022 0.575483 0.045052 0.068841
43 0.187223 0.509662 0.046529 0.070048
55 0.308715 0.583333 0.047267 0.072464
18 0.505908 0.576691 0.045790 0.071256
49 0.062408 0.670894 0.065731 0.073671
