47 0.800546 0.580150 0.400729 0.113915
6 0.920765 0.177012 0.134791 0.083902
23 0.750000 0.362210 0.141166 0.094134
3 0.497268 0.174284 0.129326 0.078445
17 0.095173 0.170873 0.121129 0.075716
24 0.906193 0.365280 0.145719 0.096180
5 0.777778 0.175648 0.132969 0.082538
21 0.573315 0.264325 0.133880 0.087995
1 0.226776 0.170873 0.123862 0.075716
52 0.111566 0.256480 0.212204 0.084584
13 0.487705 0.570259 0.203097 0.114598
58 0.366120 0.456344 0.142077 0.098226
4 0.636157 0.174625 0.128415 0.077763
59 0.975865 0.267735 0.050091 0.086630
57 0.518215 0.459413 0.143898 0.100273
45 0.116576 0.348909 0.231330 0.090723
10 0.305100 0.353342 0.134791 0.091405
2 0.360656 0.172578 0.125683 0.079127
42 0.717668 0.264666 0.132969 0.087312
51 0.867031 0.266030 0.138434 0.087312
43 0.450820 0.357094 0.136612 0.090723
19 0.598361 0.359482 0.140255 0.092769
16 0.673953 0.464188 0.147541 0.101637
41 0.290984 0.260914 0.133880 0.086630
44 0.069217 0.447135 0.136612 0.096180
49 0.036885 0.553547 0.071949 0.107094
15 0.962204 0.470327 0.077413 0.105730
55 0.834699 0.467599 0.153916 0.104366
56 0.430328 0.260573 0.130237 0.085948
32 0.217668 0.452251 0.142077 0.096862
30 0.500911 0.371078 1.000000 0.691678
