40 0.507644 0.604000 0.033273 0.059200
32 0.164119 0.749600 0.031475 0.062400
25 0.366906 0.592000 0.032374 0.060800
28 0.404676 0.577600 0.032374 0.064000
47 0.370504 0.735200 0.237410 0.155200
35 0.394784 0.652000 0.032374 0.062400
22 0.625000 0.446400 0.061151 0.131200
37 0.517086 0.530400 0.032374 0.059200
30 0.508094 0.504000 0.942446 0.902400
4 0.245504 0.501600 0.032374 0.062400
1 0.129946 0.548000 0.031475 0.062400
13 0.224820 0.793600 0.043165 0.070400
3 0.206835 0.516800 0.032374 0.064000
14 0.511691 0.673600 0.044964 0.067200
8 0.397032 0.438400 0.033273 0.064000
38 0.499101 0.468000 0.030576 0.059200
51 0.311601 0.544800 0.031475 0.062400
27 0.424460 0.498400 0.032374 0.059200
59 0.349371 0.529600 0.031475 0.060800
48 0.508993 0.392800 0.032374 0.062400
50 0.652878 0.613600 0.044964 0.068800
19 0.252698 0.641600 0.032374 0.064000
36 0.461781 0.483200 0.033273 0.060800
10 0.175360 0.674400 0.032374 0.065600
20 0.602068 0.354400 0.067446 0.075200
2 0.168165 0.533600 0.032374 0.062400
58 0.203237 0.732800 0.030576 0.060800
7 0.359263 0.453600 0.033273 0.062400
57 0.241906 0.716800 0.030576 0.060800
12 0.553957 0.513600 0.032374 0.060800
45 0.122302 0.696000 0.059353 0.073600
5 0.283273 0.485600 0.032374 0.062400
21 0.234712 0.577600 0.032374 0.060800
34 0.545414 0.588000 0.033273 0.062400
46 0.614658 0.559200 0.087230 0.084800
0 0.471673 0.407200 0.033273 0.062400
15 0.357014 0.667200 0.032374 0.064000
23 0.290917 0.624800 0.031475 0.062400
53 0.386691 0.513600 0.032374 0.060800
43 0.214478 0.657600 0.033273 0.064000
17 0.090378 0.564000 0.031475 0.062400
44 0.120504 0.768000 0.041367 0.067200
29 0.442446 0.561600 0.032374 0.060800
42 0.272932 0.561600 0.031475 0.064000
31 0.479317 0.545600 0.032374 0.060800
26 0.590378 0.499200 0.033273 0.060800
52 0.108813 0.628000 0.050360 0.072000
11 0.546313 0.376000 0.031475 0.060800
54 0.536421 0.451200 0.031475 0.060800
55 0.319245 0.683200 0.032374 0.064000
16 0.280126 0.700000 0.033273 0.062400
39 0.573291 0.436800 0.033273 0.060800
33 0.432104 0.635200 0.033273 0.064000
9 0.434353 0.423200 0.032374 0.062400
56 0.196043 0.593600 0.032374 0.064000
24 0.329137 0.608800 0.032374 0.062400
41 0.157824 0.609600 0.033273 0.064000
18 0.470324 0.620000 0.032374 0.062400
6 0.321493 0.470400 0.033273 0.064000
49 0.127698 0.839200 0.043165 0.075200
