55 0.315500 0.554025 0.035000 0.069915
2 0.175000 0.301907 0.034000 0.078390
30 0.507500 0.405720 0.933000 0.667373
36 0.486500 0.381356 0.031000 0.063559
52 0.097500 0.387712 0.057000 0.072034
17 0.085500 0.298729 0.033000 0.067797
47 0.359500 0.640890 0.257000 0.091102
35 0.399000 0.548729 0.034000 0.067797
38 0.524500 0.378178 0.029000 0.065678
3 0.218000 0.300847 0.034000 0.080508
28 0.418000 0.463983 0.032000 0.067797
8 0.425000 0.299788 0.032000 0.078390
22 0.647500 0.417373 0.051000 0.148305
51 0.326000 0.383475 0.032000 0.067797
20 0.636000 0.297669 0.066000 0.065678
54 0.563000 0.379237 0.030000 0.067797
37 0.535500 0.460805 0.031000 0.065678
7 0.385500 0.299788 0.031000 0.078390
32 0.139000 0.564619 0.038000 0.078390
39 0.600000 0.380297 0.028000 0.069915
16 0.272500 0.557203 0.037000 0.072034
41 0.154500 0.390890 0.037000 0.078390
4 0.260500 0.298729 0.033000 0.076271
56 0.198000 0.388771 0.036000 0.074153
29 0.457500 0.462924 0.031000 0.065678
48 0.542000 0.298729 0.030000 0.067797
0 0.504000 0.300847 0.032000 0.072034
31 0.496500 0.461864 0.031000 0.063559
49 0.085000 0.661017 0.050000 0.084746
43 0.206000 0.476695 0.036000 0.076271
21 0.240500 0.385593 0.035000 0.072034
23 0.293500 0.470339 0.035000 0.072034
40 0.518500 0.542373 0.031000 0.067797
46 0.628500 0.539195 0.099000 0.065678
44 0.087500 0.567797 0.049000 0.076271
59 0.366500 0.382415 0.031000 0.065678
58 0.184000 0.560381 0.034000 0.069915
18 0.480000 0.546610 0.032000 0.067797
24 0.335500 0.467161 0.033000 0.065678
34 0.557000 0.542373 0.032000 0.067797
57 0.229000 0.559322 0.036000 0.072034
26 0.610500 0.458686 0.031000 0.069915
12 0.573000 0.458686 0.030000 0.065678
53 0.408500 0.382415 0.033000 0.065678
13 0.198500 0.650424 0.049000 0.080508
10 0.163000 0.477754 0.036000 0.078390
11 0.580000 0.297669 0.028000 0.069915
15 0.357500 0.551907 0.035000 0.069915
45 0.102500 0.479873 0.069000 0.074153
33 0.439500 0.547669 0.035000 0.069915
14 0.515500 0.629237 0.045000 0.080508
27 0.447500 0.381356 0.031000 0.063559
6 0.345000 0.299788 0.034000 0.069915
1 0.130000 0.299788 0.036000 0.069915
25 0.376500 0.466102 0.033000 0.067797
42 0.283000 0.383475 0.034000 0.067797
9 0.465000 0.299788 0.032000 0.078390
19 0.250500 0.474576 0.035000 0.076271
5 0.303000 0.297669 0.034000 0.078390
50 0.661500 0.620763 0.043000 0.076271
