13 0.230915 0.610507 0.044164 0.050725
27 0.427445 0.459692 0.032177 0.046196
26 0.572555 0.507246 0.032177 0.047101
46 0.585804 0.557518 0.092744 0.048007
57 0.244795 0.559330 0.032808 0.048007
59 0.358675 0.459692 0.032177 0.048007
50 0.608517 0.606431 0.053628 0.049819
33 0.419558 0.557971 0.032808 0.048913
44 0.134700 0.562500 0.042271 0.047101
32 0.174448 0.561141 0.033438 0.049819
51 0.323975 0.460145 0.032177 0.047101
28 0.402208 0.509058 0.030915 0.048913
16 0.279811 0.558877 0.034700 0.047101
42 0.288328 0.460598 0.032808 0.048007
21 0.253628 0.460598 0.032808 0.048007
11 0.545741 0.409420 0.031546 0.048913
23 0.297476 0.509511 0.030915 0.048007
1 0.167192 0.412138 0.032808 0.048913
18 0.452681 0.557518 0.030915 0.048007
22 0.607886 0.482790 0.049842 0.097826
39 0.563407 0.458786 0.031546 0.048007
53 0.393375 0.460145 0.032177 0.047101
45 0.145426 0.512681 0.058675 0.047101
20 0.598107 0.408062 0.066877 0.048007
47 0.353312 0.615036 0.198107 0.065217
58 0.210095 0.560688 0.032808 0.048913
30 0.500946 0.456069 0.841640 0.442935
17 0.131546 0.412138 0.032177 0.047101
54 0.529653 0.459239 0.033438 0.048913
24 0.332808 0.509511 0.032177 0.048007
12 0.538801 0.508152 0.032808 0.047101
36 0.461830 0.459692 0.032808 0.048007
7 0.376025 0.410779 0.032808 0.049819
40 0.487382 0.557065 0.033438 0.047101
43 0.227129 0.509964 0.032808 0.047101
14 0.474763 0.607337 0.043533 0.049819
52 0.140694 0.461957 0.050473 0.048913
3 0.235962 0.411232 0.032808 0.048913
35 0.385174 0.558424 0.033438 0.048007
48 0.511672 0.409873 0.031546 0.049819
4 0.271293 0.411232 0.032808 0.048913
37 0.504101 0.508152 0.032808 0.047101
0 0.478549 0.410779 0.032177 0.049819
10 0.192114 0.510870 0.033438 0.048913
29 0.436278 0.508605 0.032177 0.048007
9 0.444479 0.410779 0.033438 0.049819
55 0.315457 0.558877 0.032808 0.048913
38 0.495268 0.458786 0.031546 0.048007
49 0.139117 0.611866 0.054890 0.051630
31 0.470347 0.508605 0.030915 0.046196
19 0.262461 0.509964 0.034069 0.048913
34 0.521451 0.556612 0.032177 0.046196
8 0.409779 0.411232 0.032177 0.050725
25 0.368139 0.509058 0.032177 0.048913
41 0.183281 0.461051 0.033438 0.048913
6 0.341009 0.411232 0.033438 0.048913
5 0.305994 0.410779 0.034069 0.049819
56 0.218927 0.461504 0.034069 0.049819
2 0.201262 0.412138 0.031546 0.048913
15 0.350473 0.558424 0.033438 0.048007
