55 0.358545 0.621324 0.040416 0.080882
2 0.196305 0.329657 0.039261 0.090686
30 0.521363 0.449755 0.959584 0.772059
36 0.556005 0.421569 0.035797 0.073529
52 0.106813 0.428922 0.065820 0.083333
17 0.092956 0.325980 0.038106 0.078431
47 0.409353 0.721814 0.296767 0.105392
35 0.454965 0.615196 0.039261 0.078431
38 0.599885 0.417892 0.033487 0.075980
3 0.245958 0.328431 0.039261 0.093137
28 0.476905 0.517157 0.036952 0.078431
8 0.484988 0.327206 0.036952 0.090686
22 0.741917 0.463235 0.058891 0.171569
51 0.370670 0.424020 0.036952 0.078431
20 0.728637 0.324755 0.076212 0.075980
54 0.644342 0.419118 0.034642 0.078431
37 0.612587 0.513480 0.035797 0.075980
7 0.439376 0.327206 0.035797 0.090686
32 0.154734 0.633578 0.043880 0.090686
39 0.687067 0.420343 0.032333 0.080882
16 0.308891 0.625000 0.042725 0.083333
41 0.172633 0.432598 0.042725 0.090686
4 0.295035 0.325980 0.038106 0.088235
56 0.222864 0.430147 0.041570 0.085784
29 0.522517 0.515931 0.035797 0.075980
48 0.620092 0.325980 0.034642 0.078431
0 0.576212 0.328431 0.036952 0.083333
31 0.567552 0.514706 0.035797 0.073529
49 0.092379 0.745098 0.057737 0.098039
43 0.232102 0.531863 0.041570 0.088235
21 0.271940 0.426471 0.040416 0.083333
23 0.333141 0.524510 0.040416 0.083333
40 0.592956 0.607843 0.035797 0.078431
46 0.719977 0.604167 0.114319 0.075980
44 0.095266 0.637255 0.056582 0.088235
59 0.417436 0.422794 0.035797 0.075980
58 0.206697 0.628676 0.039261 0.080882
18 0.548499 0.612745 0.036952 0.078431
24 0.381640 0.520833 0.038106 0.075980
34 0.637413 0.607843 0.036952 0.078431
57 0.258661 0.627451 0.041570 0.083333
26 0.699192 0.511029 0.035797 0.080882
12 0.655889 0.511029 0.034642 0.075980
53 0.465935 0.422794 0.038106 0.075980
13 0.223441 0.732843 0.056582 0.093137
10 0.182448 0.533088 0.041570 0.090686
11 0.663972 0.324755 0.032333 0.080882
15 0.407044 0.618873 0.040416 0.080882
45 0.112587 0.535539 0.079677 0.085784
33 0.501732 0.613971 0.040416 0.080882
14 0.589492 0.708333 0.051963 0.093137
27 0.510970 0.421569 0.035797 0.073529
6 0.392610 0.327206 0.039261 0.080882
1 0.144342 0.327206 0.041570 0.080882
25 0.428984 0.519608 0.038106 0.078431
42 0.321016 0.424020 0.039261 0.078431
9 0.531178 0.327206 0.036952 0.090686
19 0.283487 0.529412 0.040416 0.088235
5 0.344111 0.324755 0.039261 0.090686
50 0.758083 0.698529 0.049654 0.088235
