30 0.498750 0.371667 0.992500 0.650000
57 0.041563 0.516667 0.055625 0.070000
14 0.503125 0.607917 0.078750 0.090833
27 0.393437 0.334583 0.050625 0.070833
59 0.260313 0.337500 0.050625 0.071667
5 0.162188 0.254583 0.051875 0.082500
26 0.683438 0.417917 0.055625 0.075833
37 0.543438 0.419583 0.055625 0.070833
35 0.307188 0.513333 0.054375 0.073333
34 0.580937 0.508750 0.055625 0.074167
54 0.595625 0.328333 0.052500 0.073333
40 0.511250 0.509167 0.055000 0.073333
22 0.752188 0.373333 0.095625 0.171667
28 0.342500 0.423333 0.052500 0.071667
31 0.475313 0.420417 0.051875 0.070833
12 0.613437 0.418333 0.054375 0.073333
46 0.713125 0.508333 0.187500 0.076667
33 0.376875 0.514167 0.055000 0.075000
39 0.665625 0.327917 0.052500 0.075833
47 0.250937 0.613333 0.424375 0.088333
56 0.019062 0.344167 0.031875 0.065000
8 0.358750 0.252083 0.053750 0.095833
50 0.772188 0.603750 0.080625 0.087500
20 0.732187 0.233333 0.128125 0.080000
16 0.107188 0.516667 0.059375 0.070000
11 0.628750 0.236667 0.051250 0.078333
55 0.174063 0.515000 0.054375 0.071667
43 0.022812 0.435000 0.040625 0.075000
24 0.208750 0.427083 0.051250 0.069167
0 0.492500 0.247083 0.055000 0.089167
42 0.130312 0.341667 0.054375 0.066667
38 0.527813 0.330833 0.051875 0.070000
53 0.327813 0.336667 0.051875 0.073333
4 0.098437 0.256250 0.051875 0.077500
48 0.558750 0.241667 0.055000 0.086667
29 0.409375 0.422500 0.052500 0.071667
21 0.066250 0.343750 0.052500 0.069167
51 0.195625 0.339167 0.050000 0.068333
19 0.078125 0.435000 0.055000 0.076667
18 0.443125 0.511667 0.053750 0.076667
3 0.036250 0.261250 0.052500 0.085833
23 0.142813 0.429167 0.051875 0.070000
9 0.425312 0.249583 0.053125 0.095833
36 0.459375 0.332917 0.053750 0.070833
7 0.292812 0.252500 0.051875 0.088333
25 0.274687 0.425833 0.050625 0.071667
15 0.239375 0.513750 0.055000 0.072500
6 0.227500 0.255000 0.052500 0.078333
