19 0.193000 0.565397 0.038000 0.100993
30 0.500667 0.500000 1.000000 0.847682
21 0.180667 0.443709 0.037333 0.096026
5 0.254000 0.322020 0.037333 0.097682
37 0.533333 0.566225 0.037333 0.096026
16 0.216000 0.684603 0.038667 0.097682
49 0.021000 0.808775 0.040667 0.100993
22 0.678000 0.503311 0.060000 0.218543
17 0.015333 0.322020 0.029333 0.100993
56 0.132000 0.444536 0.037333 0.094371
36 0.473000 0.444536 0.038000 0.094371
45 0.033667 0.567053 0.066000 0.097682
11 0.593333 0.325331 0.037333 0.100993
7 0.351667 0.322020 0.038000 0.100993
14 0.503333 0.802980 0.050667 0.099338
47 0.319667 0.807947 0.299333 0.112583
42 0.229667 0.443709 0.038000 0.096026
15 0.315667 0.684603 0.039333 0.097682
9 0.449000 0.322848 0.038000 0.099338
25 0.340000 0.565397 0.037333 0.097682
23 0.241333 0.563742 0.037333 0.097682
20 0.667000 0.320364 0.084667 0.097682
46 0.648333 0.684603 0.120667 0.097682
1 0.059000 0.320364 0.036667 0.097682
52 0.027667 0.442881 0.054000 0.094371
50 0.685000 0.804636 0.050000 0.099338
10 0.095333 0.567053 0.037333 0.097682
44 0.020667 0.684603 0.040000 0.094371
0 0.497333 0.323675 0.038667 0.100993
31 0.484333 0.564570 0.036667 0.096026
28 0.389000 0.566225 0.036667 0.099338
26 0.629333 0.564570 0.036000 0.096026
24 0.291000 0.565397 0.038000 0.097682
58 0.118333 0.685430 0.036667 0.096026
51 0.278667 0.441225 0.037333 0.094371
2 0.107333 0.322020 0.037333 0.097682
35 0.364333 0.686258 0.039333 0.097682
32 0.070000 0.684603 0.038667 0.097682
18 0.462000 0.683775 0.037333 0.096026
43 0.143667 0.564570 0.038000 0.099338
4 0.205667 0.320364 0.038000 0.097682
39 0.617333 0.446192 0.036000 0.097682
12 0.581333 0.564570 0.037333 0.096026
54 0.569333 0.445364 0.037333 0.096026
8 0.400667 0.324503 0.038667 0.102649
34 0.557667 0.684603 0.036667 0.094371
40 0.509667 0.683775 0.036667 0.096026
3 0.156333 0.321192 0.038000 0.102649
6 0.303333 0.321192 0.038667 0.099338
59 0.327667 0.444536 0.038000 0.094371
48 0.545333 0.326159 0.038667 0.102649
29 0.437000 0.564570 0.038000 0.099338
53 0.377000 0.443709 0.038000 0.096026
57 0.167333 0.684603 0.037333 0.097682
27 0.425000 0.442881 0.036667 0.094371
33 0.412667 0.686258 0.038667 0.097682
13 0.135667 0.806291 0.051333 0.102649
41 0.083333 0.445364 0.037333 0.096026
38 0.521333 0.446192 0.036000 0.094371
55 0.265667 0.684603 0.038000 0.097682
