3 0.209280 0.477024 0.030934 0.059081
14 0.475063 0.747812 0.041035 0.055799
26 0.585543 0.615974 0.032197 0.059081
35 0.374053 0.677790 0.030934 0.057987
41 0.151831 0.542670 0.030934 0.056893
2 0.170139 0.477024 0.030934 0.056893
13 0.204545 0.742341 0.040404 0.055799
49 0.101641 0.742341 0.047980 0.055799
6 0.325442 0.478118 0.030934 0.059081
56 0.191288 0.543217 0.029040 0.057987
47 0.341225 0.754376 0.216540 0.077681
40 0.488636 0.680525 0.030303 0.056893
59 0.345960 0.544858 0.030303 0.056893
48 0.518308 0.481947 0.032828 0.060175
21 0.230114 0.543217 0.028409 0.055799
33 0.411616 0.679431 0.030303 0.059081
20 0.616793 0.483042 0.071970 0.055799
34 0.527462 0.681619 0.030934 0.059081
53 0.384785 0.545952 0.030934 0.056893
19 0.239899 0.608862 0.029040 0.057987
57 0.219697 0.675602 0.029040 0.055799
45 0.108902 0.608862 0.056187 0.055799
50 0.624684 0.751094 0.052399 0.057987
22 0.625316 0.583698 0.051136 0.128009
55 0.297348 0.676149 0.029040 0.056893
8 0.402778 0.479759 0.031566 0.060175
31 0.470013 0.614333 0.030934 0.057987
27 0.422348 0.545405 0.030303 0.055799
38 0.499369 0.547046 0.031566 0.056893
0 0.480114 0.480853 0.032197 0.060175
29 0.432134 0.612691 0.030934 0.059081
11 0.557134 0.482495 0.030934 0.056893
58 0.180871 0.675602 0.029672 0.057987
32 0.141098 0.676149 0.030934 0.059081
16 0.258838 0.675602 0.030303 0.057987
24 0.316604 0.609956 0.029672 0.055799
12 0.546717 0.614880 0.031566 0.059081
4 0.247475 0.477571 0.030303 0.057987
54 0.537879 0.549234 0.031566 0.059081
28 0.393939 0.612144 0.030303 0.060175
51 0.307134 0.543764 0.029672 0.056893
17 0.090909 0.475383 0.029040 0.055799
7 0.364583 0.479212 0.030934 0.059081
46 0.601326 0.683807 0.096591 0.056893
37 0.508838 0.614333 0.031566 0.057987
42 0.268308 0.543217 0.029040 0.055799
1 0.130051 0.475383 0.030303 0.055799
39 0.575442 0.549234 0.032197 0.059081
5 0.286301 0.478118 0.030934 0.059081
52 0.103535 0.541028 0.049242 0.057987
15 0.335227 0.677790 0.030303 0.057987
43 0.200442 0.609409 0.029672 0.056893
44 0.096907 0.675602 0.038510 0.055799
25 0.355429 0.611597 0.030303 0.056893
23 0.277778 0.608862 0.029040 0.055799
10 0.161932 0.609409 0.029672 0.056893
30 0.491477 0.551422 0.960227 0.542670
9 0.441604 0.480853 0.032197 0.060175
36 0.461490 0.547046 0.031566 0.056893
18 0.449811 0.679978 0.030934 0.060175
