1 0.125737 0.232809 0.040560 0.056974
39 0.652286 0.290766 0.040560 0.060904
7 0.404130 0.231827 0.039823 0.058939
54 0.607670 0.288802 0.036873 0.053045
45 0.094764 0.356090 0.077434 0.057957
12 0.619100 0.348232 0.036136 0.052063
57 0.232301 0.414538 0.038348 0.053045
22 0.695428 0.318762 0.091445 0.120825
0 0.540192 0.230845 0.039086 0.058939
17 0.077802 0.230845 0.043510 0.053045
58 0.185103 0.416012 0.038348 0.055992
2 0.172566 0.231827 0.041298 0.055010
19 0.253687 0.353143 0.038348 0.052063
13 0.203540 0.477898 0.054572 0.059921
38 0.563053 0.289293 0.036136 0.052063
34 0.596976 0.408644 0.037611 0.055010
55 0.324484 0.411100 0.036873 0.052063
16 0.278761 0.412574 0.038348 0.053045
42 0.289086 0.291257 0.039823 0.052063
9 0.494838 0.229862 0.036873 0.056974
15 0.371313 0.411591 0.037611 0.053045
59 0.382006 0.290275 0.038348 0.052063
27 0.472345 0.289293 0.036136 0.050098
26 0.674779 0.229371 0.036873 0.057957
36 0.516962 0.289784 0.038348 0.051081
14 0.547566 0.472004 0.047935 0.055992
37 0.573378 0.350196 0.036136 0.052063
35 0.416667 0.412083 0.036873 0.054028
3 0.219764 0.232809 0.039823 0.058939
20 0.720870 0.228880 0.039086 0.056974
28 0.437316 0.349705 0.038348 0.053045
41 0.147861 0.293713 0.040560 0.056974
47 0.376106 0.473969 0.280236 0.057957
23 0.300516 0.351670 0.037611 0.051081
25 0.391962 0.350688 0.037611 0.051081
48 0.584440 0.230845 0.039086 0.056974
51 0.334808 0.289784 0.036873 0.051081
11 0.630162 0.227898 0.036136 0.053045
50 0.716814 0.470039 0.056047 0.055992
10 0.159661 0.354617 0.037611 0.055010
4 0.266224 0.233792 0.041298 0.058939
18 0.507375 0.410609 0.036873 0.055010
24 0.346239 0.350688 0.037611 0.051081
46 0.681416 0.407662 0.116519 0.053045
43 0.207596 0.355108 0.040560 0.055992
52 0.088864 0.292731 0.065634 0.056974
8 0.449853 0.231827 0.036873 0.056974
44 0.081858 0.416503 0.056047 0.055010
21 0.243363 0.293222 0.038348 0.055992
53 0.426991 0.289784 0.036873 0.051081
49 0.081490 0.478389 0.058260 0.056974
33 0.463127 0.412083 0.038348 0.055992
32 0.137168 0.415521 0.042773 0.056974
31 0.528761 0.350196 0.035398 0.052063
30 0.505162 0.342829 0.991150 0.622790
5 0.313053 0.231336 0.040560 0.055992
56 0.195428 0.292240 0.039823 0.055992
29 0.483407 0.349705 0.036136 0.053045
40 0.552729 0.409136 0.037611 0.054028
6 0.358407 0.229371 0.039823 0.055992
