7 0.352069 0.536633 0.037472 0.040828
34 0.557327 0.682327 0.036353 0.039150
2 0.109899 0.537192 0.038591 0.043065
17 0.015940 0.535794 0.030761 0.042506
29 0.436521 0.633669 0.036353 0.041387
14 0.503356 0.732383 0.051454 0.041946
59 0.327740 0.585291 0.036913 0.040828
4 0.206935 0.536353 0.038031 0.041387
9 0.448826 0.536353 0.038591 0.041387
58 0.121924 0.681767 0.036913 0.040268
19 0.194072 0.633949 0.036913 0.041946
38 0.521812 0.585291 0.036913 0.040828
31 0.484620 0.634228 0.036353 0.040268
11 0.594519 0.537192 0.038031 0.043065
53 0.376678 0.585291 0.036353 0.040828
33 0.413870 0.683445 0.038031 0.042506
41 0.085570 0.584732 0.038031 0.041946
39 0.618009 0.585011 0.036913 0.041387
37 0.533277 0.633949 0.037472 0.040828
44 0.022092 0.681488 0.043065 0.040828
36 0.473434 0.585291 0.037472 0.039709
54 0.570470 0.585570 0.036913 0.041387
21 0.182606 0.585011 0.037472 0.041387
24 0.291387 0.633669 0.036913 0.040268
52 0.027964 0.584452 0.054810 0.040268
28 0.387864 0.633949 0.036353 0.040828
46 0.649609 0.682886 0.121365 0.040268
32 0.074664 0.681208 0.037472 0.041387
26 0.629474 0.633389 0.036353 0.040828
18 0.461689 0.683166 0.036353 0.040828
16 0.219519 0.681767 0.037472 0.040268
6 0.304251 0.536353 0.038031 0.041387
0 0.497204 0.536913 0.038031 0.041387
42 0.231264 0.584172 0.037472 0.040828
30 0.500559 0.611018 1.000000 0.370805
23 0.242729 0.633110 0.035794 0.040268
15 0.316275 0.682606 0.037472 0.040828
10 0.097595 0.632830 0.037472 0.041946
1 0.060682 0.536353 0.036353 0.040268
51 0.279362 0.584452 0.036353 0.040268
5 0.255872 0.537472 0.037472 0.041387
55 0.267897 0.682886 0.036913 0.040268
57 0.170861 0.682047 0.037472 0.040828
43 0.144575 0.632830 0.037472 0.040828
25 0.339765 0.633669 0.036353 0.040268
50 0.686521 0.732103 0.052013 0.042506
12 0.582494 0.634228 0.037472 0.041387
47 0.320749 0.731264 0.296980 0.044183
13 0.139262 0.731264 0.050336 0.043065
20 0.667785 0.535794 0.085011 0.041387
40 0.510347 0.682327 0.036353 0.039150
45 0.034116 0.633389 0.067114 0.040828
8 0.400168 0.537472 0.037472 0.042506
35 0.364653 0.683725 0.036913 0.040828
22 0.679810 0.609340 0.063199 0.092282
27 0.424776 0.584732 0.035235 0.039709
49 0.022371 0.730984 0.043624 0.043624
3 0.158277 0.537192 0.039150 0.043065
48 0.546421 0.537192 0.038031 0.041946
56 0.134228 0.584732 0.038031 0.041946
