1 0.143437 0.330833 0.034375 0.048333
39 0.589688 0.380000 0.034375 0.051667
7 0.379375 0.330000 0.033750 0.050000
54 0.551875 0.378333 0.031250 0.045000
45 0.117188 0.435417 0.065625 0.049167
12 0.561562 0.428750 0.030625 0.044167
57 0.233750 0.485000 0.032500 0.045000
22 0.626250 0.403750 0.077500 0.102500
0 0.494688 0.329167 0.033125 0.050000
17 0.102813 0.329167 0.036875 0.045000
58 0.193750 0.486250 0.032500 0.047500
2 0.183125 0.330000 0.035000 0.046667
19 0.251875 0.432917 0.032500 0.044167
13 0.209375 0.538750 0.046250 0.050833
38 0.514062 0.378750 0.030625 0.044167
34 0.542813 0.480000 0.031875 0.046667
55 0.311875 0.482083 0.031250 0.044167
16 0.273125 0.483333 0.032500 0.045000
42 0.281875 0.380417 0.033750 0.044167
9 0.456250 0.328333 0.031250 0.048333
15 0.351562 0.482500 0.031875 0.045000
59 0.360625 0.379583 0.032500 0.044167
27 0.437188 0.378750 0.030625 0.042500
26 0.608750 0.327917 0.031250 0.049167
36 0.475000 0.379167 0.032500 0.043333
14 0.500938 0.533750 0.040625 0.047500
37 0.522813 0.430417 0.030625 0.044167
35 0.390000 0.482917 0.031250 0.045833
3 0.223125 0.330833 0.033750 0.050000
20 0.647813 0.327500 0.033125 0.048333
28 0.407500 0.430000 0.032500 0.045000
41 0.162188 0.382500 0.034375 0.048333
47 0.355625 0.535417 0.237500 0.049167
23 0.291563 0.431667 0.031875 0.043333
25 0.369063 0.430833 0.031875 0.043333
48 0.532188 0.329167 0.033125 0.048333
51 0.320625 0.379167 0.031250 0.043333
11 0.570937 0.326667 0.030625 0.045000
50 0.644375 0.532083 0.047500 0.047500
10 0.172187 0.434167 0.031875 0.046667
4 0.262500 0.331667 0.035000 0.050000
18 0.466875 0.481667 0.031250 0.046667
24 0.330313 0.430833 0.031875 0.043333
46 0.614375 0.479167 0.098750 0.045000
43 0.212812 0.434583 0.034375 0.047500
52 0.112187 0.381667 0.055625 0.048333
8 0.418125 0.330000 0.031250 0.048333
44 0.106250 0.486667 0.047500 0.046667
21 0.243125 0.382083 0.032500 0.047500
53 0.398750 0.379167 0.031250 0.043333
49 0.105938 0.539167 0.049375 0.048333
33 0.429375 0.482917 0.032500 0.047500
32 0.153125 0.485833 0.036250 0.048333
31 0.485000 0.430417 0.030000 0.044167
30 0.521875 0.424167 0.953750 0.528333
5 0.302187 0.329583 0.034375 0.047500
56 0.202500 0.381250 0.033750 0.047500
29 0.446562 0.430000 0.030625 0.045000
40 0.505313 0.480417 0.031875 0.045833
6 0.340625 0.327917 0.033750 0.047500
