36 0.449118 0.318548 0.058345 0.076165
31 0.467436 0.412186 0.056988 0.077061
28 0.322252 0.416667 0.056988 0.078853
16 0.067164 0.522401 0.062415 0.077061
24 0.177748 0.423387 0.055631 0.077957
51 0.162483 0.329301 0.053596 0.072581
23 0.105834 0.426523 0.055631 0.077061
5 0.125509 0.239695 0.055631 0.092294
19 0.035957 0.430108 0.058345 0.077061
4 0.055631 0.241935 0.058345 0.087814
47 0.226934 0.620968 0.452510 0.096774
6 0.196404 0.239247 0.057666 0.084229
20 0.744233 0.206093 0.137042 0.086022
37 0.541384 0.409498 0.059701 0.077061
38 0.522388 0.314068 0.056988 0.076165
59 0.233039 0.327957 0.056309 0.080645
43 0.012890 0.431900 0.024423 0.077061
56 0.009837 0.339158 0.018318 0.072581
3 0.014925 0.245072 0.028494 0.090502
12 0.617368 0.406362 0.058345 0.077957
0 0.483718 0.224462 0.058345 0.086918
53 0.306309 0.323925 0.057666 0.079749
54 0.596676 0.310484 0.057666 0.077957
15 0.211669 0.516129 0.059701 0.078853
55 0.140773 0.518817 0.060380 0.078853
40 0.507123 0.506272 0.060380 0.080645
33 0.361262 0.514337 0.060380 0.082437
21 0.025102 0.336022 0.048847 0.073477
8 0.338195 0.232079 0.061737 0.105735
30 0.500678 0.365591 1.000000 0.729391
11 0.631275 0.212366 0.056309 0.082437
29 0.395183 0.413978 0.056309 0.077061
57 0.016282 0.522849 0.031208 0.076165
26 0.693351 0.403674 0.061058 0.081541
13 0.010855 0.628584 0.020353 0.099462
18 0.432497 0.508961 0.057666 0.080645
9 0.410448 0.228495 0.058345 0.103943
35 0.284600 0.514337 0.057666 0.078853
50 0.794437 0.603943 0.085482 0.096774
46 0.727273 0.500896 0.207598 0.082437
14 0.499661 0.612455 0.088874 0.099462
42 0.091588 0.333333 0.056988 0.073477
48 0.555970 0.219086 0.059023 0.088710
27 0.376866 0.320789 0.054953 0.077061
22 0.767300 0.353495 0.108548 0.183692
39 0.672659 0.308692 0.057666 0.081541
34 0.583107 0.504480 0.061737 0.080645
25 0.248304 0.421595 0.054274 0.077957
7 0.265943 0.234767 0.058345 0.094982
