40 0.516085 0.616830 0.034007 0.060458
32 0.164982 0.765523 0.032169 0.063725
25 0.372243 0.604575 0.033088 0.062092
28 0.410846 0.589869 0.033088 0.065359
47 0.375919 0.750817 0.242647 0.158497
35 0.400735 0.665850 0.033088 0.063725
22 0.636029 0.455882 0.062500 0.133987
37 0.525735 0.541667 0.033088 0.060458
30 0.516544 0.514706 0.963235 0.921569
4 0.248162 0.512255 0.033088 0.063725
1 0.130055 0.559641 0.032169 0.063725
13 0.227022 0.810458 0.044118 0.071895
3 0.208640 0.527778 0.033088 0.065359
14 0.520221 0.687908 0.045956 0.068627
8 0.403033 0.447712 0.034007 0.065359
38 0.507353 0.477941 0.031250 0.060458
51 0.315717 0.556373 0.032169 0.063725
27 0.431066 0.508987 0.033088 0.060458
59 0.354320 0.540850 0.032169 0.062092
48 0.517463 0.401144 0.033088 0.063725
50 0.664522 0.626634 0.045956 0.070261
19 0.255515 0.655229 0.033088 0.065359
36 0.469210 0.493464 0.034007 0.062092
10 0.176471 0.688725 0.033088 0.066993
20 0.612592 0.361928 0.068934 0.076797
2 0.169118 0.544935 0.033088 0.063725
58 0.204963 0.748366 0.031250 0.062092
7 0.364430 0.463235 0.034007 0.063725
57 0.244485 0.732026 0.031250 0.062092
12 0.563419 0.524510 0.033088 0.062092
45 0.122243 0.710784 0.060662 0.075163
5 0.286765 0.495915 0.033088 0.063725
21 0.237132 0.589869 0.033088 0.062092
34 0.554688 0.600490 0.034007 0.063725
46 0.625460 0.571078 0.089154 0.086601
0 0.479320 0.415850 0.034007 0.063725
15 0.362132 0.681373 0.033088 0.065359
23 0.294577 0.638072 0.032169 0.063725
53 0.392463 0.524510 0.033088 0.062092
43 0.216452 0.671569 0.034007 0.065359
17 0.089614 0.575980 0.032169 0.063725
44 0.120404 0.784314 0.042279 0.068627
29 0.449449 0.573529 0.033088 0.062092
42 0.276195 0.573529 0.032169 0.065359
31 0.487132 0.557190 0.033088 0.062092
26 0.600643 0.509804 0.034007 0.062092
52 0.108456 0.641340 0.051471 0.073529
11 0.555607 0.383987 0.032169 0.062092
54 0.545496 0.460784 0.032169 0.062092
55 0.323529 0.697712 0.033088 0.065359
16 0.283548 0.714869 0.034007 0.063725
39 0.583180 0.446078 0.034007 0.062092
33 0.438879 0.648693 0.034007 0.065359
9 0.441176 0.432190 0.033088 0.063725
56 0.197610 0.606209 0.033088 0.065359
24 0.333640 0.621732 0.033088 0.063725
41 0.158548 0.622549 0.034007 0.065359
18 0.477941 0.633170 0.033088 0.063725
6 0.325827 0.480392 0.034007 0.065359
49 0.127757 0.857026 0.044118 0.076797
