4 0.239130 0.350467 0.036613 0.079439
13 0.188215 0.727804 0.049199 0.081776
25 0.368993 0.531542 0.035469 0.077103
14 0.515446 0.710280 0.049199 0.079439
55 0.299199 0.627336 0.037757 0.077103
45 0.072654 0.546729 0.069794 0.079439
12 0.597254 0.521028 0.034325 0.074766
54 0.584668 0.431075 0.034325 0.077103
10 0.136728 0.542056 0.037757 0.079439
27 0.448513 0.435748 0.034325 0.072430
58 0.160755 0.635514 0.037757 0.079439
59 0.356407 0.439252 0.035469 0.074766
52 0.067506 0.452103 0.059497 0.077103
36 0.494279 0.433411 0.034325 0.072430
37 0.552059 0.523364 0.035469 0.074766
19 0.228833 0.537383 0.036613 0.079439
6 0.331808 0.346963 0.036613 0.081776
23 0.275172 0.535047 0.035469 0.074766
33 0.438215 0.620327 0.036613 0.077103
44 0.059497 0.642523 0.048055 0.074766
11 0.606407 0.336449 0.034325 0.079439
16 0.252860 0.629673 0.038902 0.077103
5 0.285469 0.349299 0.037757 0.081776
42 0.263158 0.443925 0.036613 0.074766
39 0.628719 0.428738 0.035469 0.077103
21 0.217391 0.445093 0.038902 0.077103
15 0.346682 0.625000 0.036613 0.077103
22 0.687643 0.473131 0.057208 0.170561
41 0.124142 0.448598 0.037757 0.074766
30 0.501144 0.463785 1.000000 0.731308
7 0.378719 0.344626 0.036613 0.081776
46 0.662471 0.610981 0.114416 0.077103
49 0.063501 0.735981 0.060641 0.084112
47 0.352975 0.730140 0.262014 0.105140
31 0.506293 0.524533 0.035469 0.077103
8 0.423913 0.343458 0.035469 0.084112
43 0.182494 0.538551 0.037757 0.077103
48 0.561785 0.338785 0.036613 0.079439
0 0.516018 0.339953 0.036613 0.081776
50 0.692792 0.703271 0.062929 0.084112
26 0.641304 0.519860 0.033181 0.077103
28 0.415332 0.529206 0.034325 0.077103
3 0.192792 0.352804 0.037757 0.079439
38 0.538902 0.431075 0.034325 0.077103
29 0.460526 0.526869 0.035469 0.077103
35 0.393021 0.623832 0.035469 0.074766
51 0.309497 0.441589 0.035469 0.074766
57 0.207094 0.633178 0.036613 0.074766
17 0.053204 0.359813 0.035469 0.079439
18 0.484554 0.619159 0.035469 0.074766
56 0.171053 0.447430 0.037757 0.077103
9 0.470252 0.341121 0.036613 0.079439
53 0.403318 0.438084 0.035469 0.077103
1 0.099542 0.357477 0.036613 0.079439
20 0.674485 0.332944 0.078947 0.077103
32 0.112128 0.636682 0.036613 0.077103
2 0.147025 0.352804 0.037757 0.079439
24 0.322082 0.532710 0.035469 0.074766
34 0.576087 0.614486 0.035469 0.079439
40 0.530320 0.616822 0.035469 0.074766
