55 0.311467 0.558114 0.036157 0.072368
2 0.166322 0.297149 0.035124 0.081140
30 0.509814 0.404605 0.963843 0.690789
36 0.488120 0.379386 0.032025 0.065789
52 0.086260 0.385965 0.058884 0.074561
17 0.073864 0.293860 0.034091 0.070175
47 0.356921 0.648026 0.265496 0.094298
35 0.397727 0.552632 0.035124 0.070175
38 0.527376 0.376096 0.029959 0.067982
3 0.210744 0.296053 0.035124 0.083333
28 0.417355 0.464912 0.033058 0.070175
8 0.424587 0.294956 0.033058 0.081140
22 0.654442 0.416667 0.052686 0.153509
51 0.322314 0.381579 0.033058 0.070175
20 0.642562 0.292763 0.068182 0.067982
54 0.567149 0.377193 0.030992 0.070175
37 0.538740 0.461623 0.032025 0.067982
7 0.383781 0.294956 0.032025 0.081140
32 0.129132 0.569079 0.039256 0.081140
39 0.605372 0.378289 0.028926 0.072368
16 0.267045 0.561404 0.038223 0.074561
41 0.145145 0.389254 0.038223 0.081140
4 0.254649 0.293860 0.034091 0.078947
56 0.190083 0.387061 0.037190 0.076754
29 0.458161 0.463816 0.032025 0.067982
48 0.545455 0.293860 0.030992 0.070175
0 0.506198 0.296053 0.033058 0.074561
31 0.498450 0.462719 0.032025 0.065789
49 0.073347 0.668860 0.051653 0.087719
43 0.198347 0.478070 0.037190 0.078947
21 0.233988 0.383772 0.036157 0.074561
23 0.288740 0.471491 0.036157 0.074561
40 0.521178 0.546053 0.032025 0.070175
46 0.634814 0.542763 0.102273 0.067982
44 0.075930 0.572368 0.050620 0.078947
59 0.364153 0.380482 0.032025 0.067982
58 0.175620 0.564693 0.035124 0.072368
18 0.481405 0.550439 0.033058 0.070175
24 0.332128 0.468202 0.034091 0.067982
34 0.560950 0.546053 0.033058 0.070175
57 0.222107 0.563596 0.037190 0.074561
26 0.616219 0.459430 0.032025 0.072368
12 0.577479 0.459430 0.030992 0.067982
53 0.407541 0.380482 0.034091 0.067982
13 0.190599 0.657895 0.050620 0.083333
10 0.153926 0.479167 0.037190 0.081140
11 0.584711 0.292763 0.028926 0.072368
15 0.354855 0.555921 0.036157 0.072368
45 0.091426 0.481360 0.071281 0.076754
33 0.439566 0.551535 0.036157 0.072368
14 0.518079 0.635965 0.046488 0.083333
27 0.447831 0.379386 0.032025 0.065789
6 0.341942 0.294956 0.035124 0.072368
1 0.119835 0.294956 0.037190 0.072368
25 0.374483 0.467105 0.034091 0.070175
42 0.277893 0.381579 0.035124 0.070175
9 0.465909 0.294956 0.033058 0.081140
19 0.244318 0.475877 0.036157 0.078947
5 0.298554 0.292763 0.035124 0.081140
50 0.668905 0.627193 0.044421 0.078947
