37 0.452793 0.633880 0.031844 0.051002
23 0.214525 0.640710 0.031285 0.050091
2 0.109777 0.525501 0.031844 0.049180
18 0.394693 0.695355 0.030726 0.051913
48 0.458659 0.517760 0.030168 0.050091
13 0.130726 0.774135 0.044693 0.067395
15 0.274581 0.699454 0.032961 0.052823
32 0.066201 0.708106 0.034078 0.055556
11 0.496648 0.516849 0.029050 0.050091
47 0.276536 0.776412 0.233520 0.088342
35 0.316201 0.698543 0.031285 0.052823
4 0.189665 0.523224 0.031844 0.050091
28 0.336313 0.636612 0.030168 0.051002
26 0.529609 0.631603 0.031285 0.053734
36 0.403352 0.576503 0.031285 0.049180
31 0.413408 0.633880 0.030168 0.049180
55 0.233520 0.700820 0.031285 0.053734
29 0.375140 0.635701 0.030726 0.049180
21 0.167039 0.582878 0.031285 0.049180
46 0.547765 0.689891 0.100000 0.051913
58 0.108659 0.707195 0.032961 0.053734
51 0.246927 0.579690 0.030168 0.050091
19 0.173743 0.641621 0.032402 0.051913
14 0.421508 0.760929 0.043017 0.066485
34 0.474581 0.692168 0.029609 0.051002
10 0.092179 0.645719 0.033520 0.052823
20 0.553352 0.515938 0.066480 0.051913
50 0.575978 0.755464 0.055866 0.066485
25 0.296648 0.637523 0.030168 0.051002
17 0.031006 0.527778 0.030726 0.046448
16 0.191620 0.702641 0.033520 0.053734
57 0.150279 0.704918 0.032402 0.052823
22 0.567039 0.600638 0.053631 0.110200
12 0.492458 0.632058 0.030726 0.051002
44 0.021508 0.709927 0.041899 0.051913
43 0.133240 0.643443 0.032961 0.051913
41 0.086313 0.585155 0.034078 0.050091
5 0.229330 0.523679 0.031844 0.051002
7 0.307542 0.521858 0.030726 0.052823
59 0.287709 0.578780 0.031285 0.050091
6 0.268715 0.522769 0.031285 0.051002
0 0.421508 0.519126 0.029609 0.051002
56 0.127095 0.585155 0.032961 0.051913
40 0.433799 0.693534 0.030726 0.051913
54 0.479888 0.574681 0.031285 0.051002
9 0.383799 0.520492 0.030168 0.053734
38 0.440782 0.574681 0.030168 0.049180
53 0.327374 0.579690 0.030168 0.050091
1 0.070391 0.526412 0.031285 0.049180
3 0.149441 0.523679 0.030726 0.051002
24 0.255866 0.639344 0.032402 0.051002
27 0.364525 0.577413 0.029609 0.047359
52 0.036313 0.586066 0.052514 0.048270
45 0.036034 0.647996 0.063128 0.050091
42 0.207263 0.581512 0.031285 0.050091
30 0.470670 0.606557 0.940223 0.526412
49 0.024302 0.780055 0.047486 0.068306
8 0.345531 0.521858 0.031844 0.054645
39 0.517318 0.574226 0.030168 0.051913
33 0.355866 0.696721 0.032402 0.052823
