40 0.493750 0.685417 0.031250 0.045833
24 0.302187 0.635417 0.033125 0.047500
5 0.268750 0.522083 0.033750 0.045833
37 0.514375 0.628750 0.031250 0.045833
23 0.258750 0.635833 0.032500 0.046667
31 0.471562 0.629167 0.031875 0.046667
9 0.439063 0.517917 0.033125 0.045833
42 0.247812 0.579583 0.033125 0.047500
34 0.535625 0.684583 0.031250 0.045833
58 0.150625 0.697500 0.032500 0.046667
47 0.327500 0.750417 0.262500 0.054167
15 0.323750 0.692083 0.033750 0.047500
56 0.161250 0.580833 0.033750 0.048333
52 0.065000 0.582917 0.053750 0.047500
29 0.430312 0.631250 0.031875 0.047500
48 0.522500 0.517083 0.032500 0.047500
1 0.095000 0.525417 0.032500 0.047500
51 0.290938 0.577083 0.033125 0.047500
12 0.555625 0.627083 0.031250 0.047500
22 0.638437 0.598333 0.053125 0.105000
28 0.387813 0.633750 0.031875 0.047500
32 0.106875 0.697917 0.033750 0.047500
4 0.225625 0.522500 0.032500 0.046667
18 0.451562 0.687083 0.031875 0.045833
25 0.345313 0.634167 0.033125 0.046667
59 0.333750 0.577500 0.032500 0.046667
57 0.193438 0.695833 0.033125 0.048333
13 0.166563 0.754583 0.045625 0.050833
0 0.480625 0.516667 0.032500 0.046667
6 0.312188 0.521250 0.034375 0.047500
7 0.355312 0.520000 0.033125 0.046667
21 0.204375 0.580417 0.033750 0.047500
30 0.503750 0.585417 0.968750 0.457500
27 0.419063 0.574583 0.031875 0.045833
14 0.489375 0.743750 0.043750 0.049167
19 0.215625 0.637917 0.033750 0.047500
45 0.070625 0.641667 0.066250 0.048333
26 0.596875 0.627083 0.031250 0.045833
39 0.585938 0.571667 0.031875 0.046667
10 0.129375 0.639583 0.033750 0.047500
44 0.057813 0.698333 0.044375 0.046667
3 0.182188 0.523333 0.034375 0.048333
8 0.397500 0.520417 0.033750 0.047500
16 0.236563 0.694167 0.033125 0.046667
11 0.564375 0.516250 0.031250 0.047500
53 0.377188 0.576250 0.033125 0.047500
55 0.280313 0.692500 0.034375 0.048333
33 0.408438 0.689167 0.033125 0.048333
20 0.626875 0.513750 0.072500 0.045833
46 0.614062 0.683333 0.104375 0.048333
36 0.460938 0.572917 0.033125 0.045833
43 0.172500 0.639583 0.033750 0.047500
35 0.366875 0.690417 0.033750 0.047500
41 0.117813 0.582917 0.033125 0.049167
2 0.138437 0.525000 0.033125 0.046667
50 0.647188 0.740000 0.043125 0.048333
49 0.058438 0.755833 0.046875 0.048333
17 0.053437 0.526667 0.031875 0.048333
54 0.544687 0.571667 0.031875 0.046667
38 0.502500 0.572500 0.032500 0.046667
