13 0.165276 0.710271 0.044838 0.067829
39 0.566736 0.484496 0.032325 0.065891
14 0.470803 0.710271 0.046924 0.071705
10 0.128259 0.558140 0.033368 0.062016
46 0.592284 0.632752 0.102190 0.060078
57 0.190824 0.632752 0.031283 0.060078
55 0.271637 0.632752 0.032325 0.063953
51 0.282065 0.482558 0.030240 0.062016
54 0.525547 0.484496 0.033368 0.062016
48 0.504692 0.407946 0.035454 0.063953
52 0.068300 0.482558 0.053180 0.062016
1 0.097497 0.407946 0.032325 0.063953
40 0.474974 0.633721 0.032325 0.062016
59 0.322732 0.484496 0.032325 0.062016
20 0.607925 0.407946 0.072993 0.060078
22 0.617831 0.521318 0.055266 0.143411
12 0.535454 0.557171 0.032325 0.063953
50 0.623045 0.709302 0.046924 0.069767
26 0.575078 0.557171 0.032325 0.063953
37 0.494786 0.559109 0.032325 0.063953
31 0.453597 0.558140 0.031283 0.062016
3 0.179353 0.406977 0.033368 0.065891
33 0.394682 0.634690 0.034411 0.063953
18 0.434828 0.633721 0.031283 0.062016
11 0.545881 0.407946 0.032325 0.063953
58 0.150156 0.633721 0.033368 0.062016
32 0.108968 0.633721 0.032325 0.062016
9 0.423879 0.408915 0.032325 0.065891
7 0.342023 0.407946 0.033368 0.063953
43 0.169447 0.559109 0.032325 0.063953
19 0.209593 0.558140 0.033368 0.062016
44 0.062565 0.633721 0.043796 0.062016
35 0.353493 0.633721 0.033368 0.065891
28 0.372784 0.558140 0.032325 0.062016
49 0.062565 0.709302 0.045881 0.069767
17 0.056309 0.407946 0.031283 0.063953
2 0.138686 0.408915 0.033368 0.065891
45 0.074035 0.560078 0.062565 0.062016
15 0.312826 0.632752 0.033368 0.063953
4 0.220021 0.406977 0.031283 0.065891
24 0.290928 0.556202 0.031283 0.062016
41 0.118874 0.483527 0.033368 0.063953
27 0.404067 0.483527 0.032325 0.060078
42 0.241397 0.483527 0.032325 0.063953
53 0.363921 0.484496 0.033368 0.062016
56 0.160584 0.484496 0.031283 0.062016
5 0.260688 0.406977 0.033368 0.065891
38 0.485401 0.483527 0.032325 0.063953
8 0.383733 0.408915 0.033368 0.065891
23 0.250261 0.558140 0.031283 0.062016
29 0.413452 0.558140 0.030240 0.062016
16 0.231491 0.632752 0.033368 0.063953
6 0.301356 0.406977 0.033368 0.065891
0 0.465068 0.407946 0.033368 0.067829
21 0.200209 0.482558 0.033368 0.062016
47 0.318040 0.710271 0.250261 0.071705
25 0.331595 0.558140 0.031283 0.062016
34 0.516163 0.633721 0.033368 0.062016
36 0.444734 0.484496 0.032325 0.062016
30 0.496872 0.501938 0.952033 0.562016
