54 0.519922 0.490278 0.027344 0.055556
30 0.502734 0.511806 0.924219 0.556944
38 0.482422 0.488889 0.027344 0.052778
23 0.267969 0.550694 0.028125 0.056944
0 0.464062 0.426389 0.028125 0.055556
6 0.317578 0.422917 0.028906 0.056944
7 0.353906 0.423611 0.029687 0.058333
36 0.446484 0.488889 0.028906 0.052778
42 0.256641 0.483333 0.030469 0.055556
9 0.427734 0.426389 0.028906 0.055556
27 0.408203 0.485417 0.027344 0.051389
15 0.319922 0.614583 0.030469 0.056944
22 0.591406 0.527778 0.071875 0.127778
34 0.510547 0.617361 0.027344 0.056944
52 0.089844 0.478472 0.050000 0.056944
35 0.358984 0.614583 0.030469 0.056944
3 0.202734 0.418750 0.028906 0.056944
13 0.182031 0.683333 0.040625 0.066667
29 0.417969 0.551389 0.028125 0.055556
55 0.281250 0.613194 0.029687 0.056944
21 0.217969 0.481250 0.029687 0.056944
59 0.333984 0.485417 0.028906 0.054167
43 0.188281 0.550000 0.034375 0.061111
49 0.076172 0.683333 0.052344 0.069444
8 0.391406 0.425000 0.029687 0.058333
17 0.084766 0.413889 0.032031 0.058333
5 0.279687 0.421528 0.029687 0.056944
37 0.491406 0.552778 0.028125 0.052778
41 0.139453 0.479167 0.030469 0.055556
45 0.089844 0.545833 0.060937 0.058333
57 0.201563 0.612500 0.029687 0.058333
50 0.605859 0.691667 0.052344 0.066667
12 0.528906 0.554167 0.028125 0.055556
1 0.124219 0.415972 0.029687 0.056944
18 0.434375 0.616667 0.028125 0.055556
24 0.302734 0.548611 0.028906 0.055556
40 0.472656 0.617361 0.028125 0.054167
33 0.396875 0.615278 0.029687 0.058333
58 0.162109 0.612500 0.028906 0.058333
26 0.577734 0.435417 0.028906 0.054167
4 0.241797 0.419444 0.028906 0.058333
31 0.454688 0.552083 0.028125 0.054167
51 0.295312 0.483333 0.028125 0.055556
25 0.341797 0.549306 0.028906 0.054167
11 0.537891 0.429861 0.027344 0.051389
14 0.457031 0.686111 0.040625 0.066667
16 0.241406 0.614583 0.031250 0.056944
2 0.163672 0.416667 0.030469 0.058333
46 0.580859 0.620833 0.092969 0.055556
19 0.227734 0.552778 0.035156 0.063889
32 0.120313 0.611806 0.029687 0.056944
44 0.075000 0.612500 0.042188 0.058333
53 0.371484 0.486806 0.028906 0.054167
56 0.181250 0.487500 0.035937 0.061111
39 0.555469 0.491667 0.028125 0.055556
10 0.148828 0.550694 0.033594 0.059722
47 0.321094 0.695139 0.218750 0.090278
28 0.379688 0.550000 0.026562 0.055556
20 0.612109 0.432639 0.028906 0.054167
48 0.500391 0.428472 0.027344 0.054167
