26 0.565977 0.535937 0.027817 0.075000
43 0.179387 0.538281 0.029244 0.073438
11 0.539586 0.365625 0.032097 0.075000
35 0.355207 0.621094 0.031384 0.073438
16 0.238944 0.621875 0.029957 0.071875
9 0.421184 0.367188 0.032097 0.078125
55 0.277817 0.621875 0.030670 0.071875
5 0.263909 0.366406 0.031384 0.076563
53 0.363766 0.452344 0.031384 0.073438
32 0.122682 0.622656 0.028531 0.073438
20 0.604137 0.367969 0.071327 0.073438
14 0.457561 0.707812 0.043509 0.078125
50 0.616262 0.714063 0.045649 0.081250
45 0.089158 0.538281 0.057061 0.073438
10 0.141583 0.538281 0.029244 0.073438
59 0.324893 0.451562 0.030670 0.071875
36 0.441512 0.452344 0.032810 0.073438
2 0.148003 0.368750 0.030670 0.075000
44 0.080599 0.624219 0.038516 0.070312
27 0.402282 0.451562 0.031384 0.071875
17 0.070613 0.369531 0.028531 0.073438
13 0.185449 0.707031 0.039943 0.073438
6 0.303495 0.367188 0.032097 0.078125
18 0.432240 0.621094 0.031384 0.073438
7 0.343081 0.367969 0.031384 0.076563
21 0.207917 0.453125 0.029244 0.075000
23 0.257133 0.537500 0.029244 0.071875
15 0.316690 0.621875 0.031384 0.071875
40 0.471113 0.620313 0.032097 0.071875
12 0.529244 0.536719 0.032810 0.073438
4 0.224679 0.366406 0.029957 0.076563
54 0.519258 0.451562 0.031384 0.075000
37 0.491084 0.536719 0.032097 0.073438
42 0.246077 0.452344 0.029957 0.073438
57 0.200428 0.622656 0.028531 0.070312
31 0.451498 0.535156 0.031384 0.073438
19 0.218616 0.538281 0.029244 0.073438
22 0.611270 0.495312 0.041369 0.162500
29 0.412625 0.535937 0.032097 0.075000
38 0.480742 0.450781 0.031384 0.073438
0 0.460057 0.367188 0.032810 0.078125
3 0.186163 0.368750 0.031384 0.078125
24 0.296006 0.536719 0.031384 0.073438
58 0.161912 0.622656 0.028531 0.070312
30 0.480385 0.483594 0.959344 0.642188
48 0.499287 0.365625 0.032810 0.075000
39 0.557418 0.450781 0.032097 0.076563
47 0.322753 0.716406 0.218973 0.095312
41 0.130171 0.454688 0.029244 0.071875
33 0.394080 0.621094 0.032097 0.073438
1 0.108773 0.368750 0.030670 0.075000
52 0.083096 0.453906 0.047789 0.073438
34 0.509986 0.621094 0.032810 0.073438
25 0.335235 0.536719 0.031384 0.073438
28 0.374108 0.536719 0.030670 0.073438
49 0.085949 0.710938 0.049215 0.075000
56 0.169401 0.453906 0.029244 0.073438
46 0.586305 0.624219 0.102710 0.070312
8 0.381954 0.367969 0.032097 0.076563
51 0.285307 0.451562 0.029957 0.071875
