13 0.243777 0.928223 0.121523 0.133789
6 0.637994 0.299805 0.090044 0.130859
9 0.968887 0.302246 0.063690 0.124023
30 0.500732 0.500977 1.000000 1.000000
55 0.551611 0.764648 0.090044 0.132812
32 0.082357 0.776855 0.090044 0.129883
1 0.044656 0.300781 0.087848 0.126953
7 0.752196 0.300781 0.085652 0.128906
16 0.434480 0.766113 0.091508 0.133789
56 0.227672 0.459961 0.090776 0.130859
35 0.779649 0.759766 0.084919 0.128906
51 0.576135 0.456055 0.086384 0.125000
58 0.200952 0.774414 0.090044 0.130859
10 0.137994 0.616211 0.092972 0.134766
43 0.255124 0.617188 0.092972 0.134766
41 0.109078 0.463379 0.090776 0.131836
24 0.605417 0.610840 0.090776 0.129883
52 0.038799 0.460449 0.076135 0.129883
5 0.519766 0.301270 0.090776 0.131836
33 0.891654 0.758789 0.086384 0.126953
57 0.319546 0.770996 0.091508 0.131836
4 0.401171 0.301758 0.089312 0.128906
42 0.460469 0.457520 0.087848 0.125977
19 0.373719 0.617188 0.092972 0.134766
59 0.692533 0.456543 0.087848 0.127930
21 0.346999 0.459473 0.087848 0.125977
44 0.031113 0.777832 0.060761 0.127930
47 0.658858 0.920898 0.683748 0.144531
45 0.045754 0.620605 0.090044 0.129883
49 0.031113 0.936523 0.060761 0.128906
15 0.666911 0.760742 0.089312 0.132812
25 0.719985 0.606445 0.085652 0.128906
28 0.831259 0.605957 0.082723 0.127930
27 0.918375 0.452148 0.081259 0.123047
23 0.489751 0.611328 0.087848 0.130859
2 0.165081 0.302734 0.091508 0.130859
29 0.943997 0.603027 0.082723 0.124023
53 0.806003 0.454590 0.084919 0.125977
8 0.866764 0.300293 0.086384 0.127930
17 0.022694 0.303711 0.043924 0.126953
3 0.283675 0.303223 0.092972 0.133789
