54 0.478164 0.526984 0.031194 0.063492
30 0.493316 0.551587 0.984848 0.636508
38 0.435383 0.525397 0.031194 0.060317
23 0.190731 0.596032 0.032086 0.065079
0 0.414439 0.453968 0.032086 0.063492
6 0.247326 0.450000 0.032977 0.065079
7 0.288770 0.450794 0.033868 0.066667
36 0.394385 0.525397 0.032977 0.060317
42 0.177807 0.519048 0.034759 0.063492
9 0.372995 0.453968 0.032977 0.063492
27 0.350713 0.521429 0.031194 0.058730
15 0.250000 0.669048 0.034759 0.065079
22 0.559715 0.569841 0.081996 0.146032
34 0.467469 0.672222 0.031194 0.065079
52 0.015152 0.513492 0.028520 0.065079
35 0.294563 0.669048 0.034759 0.065079
3 0.116310 0.445238 0.032977 0.065079
13 0.092692 0.747619 0.046346 0.076190
29 0.361854 0.596825 0.032086 0.063492
55 0.205882 0.667460 0.033868 0.065079
21 0.133690 0.516667 0.033868 0.065079
59 0.266043 0.521429 0.032977 0.061905
43 0.099822 0.595238 0.039216 0.069841
49 0.015597 0.747619 0.029412 0.079365
8 0.331551 0.452381 0.033868 0.066667
17 0.009804 0.439683 0.017825 0.066667
5 0.204100 0.448413 0.033868 0.065079
37 0.445633 0.598413 0.032086 0.060317
41 0.044118 0.514286 0.034759 0.063492
45 0.018271 0.590476 0.034759 0.066667
57 0.114973 0.666667 0.033868 0.066667
50 0.576203 0.757143 0.059715 0.076190
12 0.488414 0.600000 0.032086 0.063492
1 0.026738 0.442063 0.033868 0.065079
18 0.380570 0.671429 0.032086 0.063492
24 0.230392 0.593651 0.032977 0.063492
40 0.424242 0.672222 0.032086 0.061905
33 0.337790 0.669841 0.033868 0.066667
58 0.069964 0.666667 0.032977 0.066667
26 0.544118 0.464286 0.032977 0.061905
4 0.160873 0.446032 0.032977 0.066667
31 0.403743 0.597619 0.032086 0.061905
51 0.221925 0.519048 0.032086 0.063492
25 0.274955 0.594444 0.032977 0.061905
11 0.498663 0.457937 0.031194 0.058730
14 0.406417 0.750794 0.046346 0.076190
16 0.160428 0.669048 0.035651 0.065079
2 0.071747 0.442857 0.034759 0.066667
46 0.547683 0.676190 0.106061 0.063492
19 0.144831 0.598413 0.040107 0.073016
32 0.022282 0.665873 0.033868 0.065079
44 0.012923 0.666667 0.024064 0.066667
53 0.308824 0.523016 0.032977 0.061905
56 0.091800 0.523810 0.040998 0.069841
39 0.518717 0.528571 0.032086 0.063492
10 0.054813 0.596032 0.038324 0.068254
47 0.251337 0.761111 0.249554 0.103175
28 0.318182 0.595238 0.030303 0.063492
20 0.583333 0.461111 0.032977 0.061905
48 0.455882 0.456349 0.031194 0.061905
