15 0.377188 0.642500 0.030625 0.041667
33 0.454375 0.643750 0.030000 0.042500
53 0.429375 0.542917 0.028750 0.040833
7 0.410625 0.492500 0.028750 0.045000
39 0.615938 0.546250 0.029375 0.042500
34 0.570000 0.645417 0.030000 0.042500
17 0.152188 0.487917 0.028125 0.042500
24 0.361250 0.591667 0.028750 0.040000
30 0.521875 0.569583 0.953750 0.364167
41 0.204375 0.538750 0.030000 0.040833
26 0.626250 0.595833 0.028750 0.041667
44 0.140937 0.637917 0.041875 0.042500
36 0.503750 0.543750 0.028750 0.040833
16 0.300625 0.640000 0.031250 0.041667
5 0.336562 0.491250 0.029375 0.045833
59 0.391875 0.542083 0.028750 0.040833
18 0.492188 0.644583 0.029375 0.042500
3 0.262188 0.490417 0.029375 0.044167
2 0.225625 0.490417 0.030000 0.042500
10 0.209375 0.588333 0.031250 0.043333
58 0.223750 0.638750 0.031250 0.042500
48 0.559375 0.494583 0.028750 0.044167
23 0.322813 0.590833 0.029375 0.040000
40 0.531250 0.645000 0.030000 0.041667
32 0.185000 0.637500 0.032500 0.043333
42 0.315937 0.540833 0.029375 0.040000
25 0.398750 0.592083 0.028750 0.040833
19 0.285000 0.590000 0.030000 0.041667
47 0.380312 0.701667 0.220625 0.061667
4 0.299375 0.490417 0.028750 0.045833
50 0.670312 0.698750 0.053125 0.045833
57 0.261562 0.640000 0.030625 0.041667
9 0.484687 0.492083 0.028125 0.045833
29 0.475000 0.593333 0.028750 0.041667
31 0.513125 0.593750 0.028750 0.040833
8 0.447500 0.492083 0.028750 0.045833
49 0.140937 0.689167 0.051875 0.046667
14 0.516875 0.695833 0.041250 0.045000
54 0.578750 0.545833 0.028750 0.041667
56 0.241563 0.539583 0.029375 0.042500
12 0.589063 0.595833 0.029375 0.041667
38 0.541562 0.545000 0.028125 0.040000
21 0.278750 0.540000 0.030000 0.041667
20 0.652813 0.497083 0.064375 0.040833
1 0.188438 0.489583 0.029375 0.040833
52 0.158438 0.538333 0.049375 0.043333
46 0.643750 0.647083 0.097500 0.042500
37 0.551562 0.594583 0.029375 0.040833
11 0.596562 0.495000 0.028125 0.043333
22 0.665937 0.572500 0.048125 0.091667
55 0.338750 0.641667 0.030000 0.041667
51 0.353438 0.541250 0.028125 0.040833
13 0.242812 0.690417 0.041875 0.044167
45 0.157812 0.587500 0.058125 0.041667
28 0.437500 0.592500 0.028750 0.041667
6 0.374063 0.492500 0.029375 0.043333
0 0.521875 0.495000 0.028750 0.041667
35 0.415625 0.642917 0.030000 0.042500
43 0.246875 0.589167 0.030000 0.041667
27 0.466250 0.543333 0.027500 0.040000
