6 0.407500 0.417500 0.033750 0.046667
7 0.452188 0.419167 0.033125 0.046667
47 0.418125 0.652917 0.268750 0.054167
38 0.600938 0.478750 0.031875 0.045833
53 0.472813 0.480417 0.031875 0.045833
25 0.438437 0.533333 0.031875 0.046667
50 0.755000 0.658750 0.041250 0.047500
26 0.697500 0.538333 0.032500 0.046667
4 0.320000 0.415417 0.032500 0.047500
33 0.503437 0.594583 0.038125 0.049167
32 0.190000 0.589583 0.035000 0.049167
22 0.746563 0.511667 0.046875 0.108333
10 0.215000 0.530000 0.033750 0.046667
21 0.295312 0.473750 0.033125 0.045833
20 0.703438 0.423750 0.019375 0.045833
2 0.230313 0.413750 0.033125 0.047500
42 0.340625 0.475000 0.033750 0.046667
9 0.536875 0.420417 0.032500 0.045833
3 0.275313 0.413750 0.033125 0.047500
13 0.249688 0.650417 0.048125 0.052500
16 0.325937 0.590833 0.034375 0.050000
37 0.611875 0.537500 0.032500 0.046667
17 0.139687 0.410833 0.033125 0.046667
45 0.153438 0.530417 0.069375 0.049167
41 0.205625 0.472500 0.033750 0.046667
29 0.526875 0.537083 0.031250 0.047500
11 0.665625 0.422500 0.032500 0.045000
40 0.591562 0.594167 0.031875 0.046667
56 0.251563 0.473333 0.033125 0.046667
49 0.135625 0.650000 0.050000 0.051667
57 0.280625 0.590833 0.033750 0.050000
8 0.496563 0.421667 0.033125 0.046667
12 0.655000 0.537083 0.032500 0.047500
55 0.370625 0.590833 0.033750 0.050000
44 0.137813 0.587917 0.046875 0.047500
54 0.643750 0.480000 0.032500 0.046667
52 0.150312 0.470417 0.056875 0.047500
35 0.460938 0.593333 0.036875 0.051667
20 0.739688 0.423333 0.055625 0.046667
43 0.260937 0.531667 0.033125 0.046667
19 0.305625 0.532083 0.033750 0.047500
18 0.550312 0.593750 0.029375 0.047500
0 0.579375 0.420417 0.032500 0.045833
48 0.622500 0.422500 0.032500 0.046667
34 0.633750 0.595417 0.032500 0.047500
58 0.234687 0.589583 0.034375 0.049167
5 0.363438 0.416667 0.033125 0.046667
39 0.686562 0.480833 0.031875 0.046667
15 0.415000 0.591250 0.033750 0.049167
59 0.428438 0.476250 0.031875 0.045833
28 0.483750 0.535000 0.032500 0.048333
31 0.568125 0.535833 0.032500 0.046667
14 0.586250 0.654167 0.046250 0.050000
1 0.184062 0.412083 0.033125 0.047500
23 0.350625 0.533750 0.032500 0.047500
46 0.719375 0.600417 0.112500 0.047500
30 0.482500 0.490417 0.882500 0.439167
51 0.384688 0.474583 0.031875 0.045833
24 0.394688 0.533333 0.033125 0.046667
36 0.557813 0.478750 0.033125 0.045833
