7 0.333750 0.517750 0.033500 0.036500
34 0.517250 0.648000 0.032500 0.035000
2 0.117250 0.518250 0.034500 0.038500
17 0.029750 0.517000 0.034500 0.038000
29 0.409250 0.604500 0.032500 0.037000
14 0.469000 0.692750 0.046000 0.037500
59 0.312000 0.561250 0.033000 0.036500
4 0.204000 0.517500 0.034000 0.037000
9 0.420250 0.517500 0.034500 0.037000
58 0.128000 0.647500 0.033000 0.036000
19 0.192500 0.604750 0.033000 0.037500
38 0.485500 0.561250 0.033000 0.036500
31 0.452250 0.605000 0.032500 0.036000
11 0.550500 0.518250 0.034000 0.038500
53 0.355750 0.561250 0.032500 0.036500
33 0.389000 0.649000 0.034000 0.038000
41 0.095500 0.560750 0.034000 0.037500
39 0.571500 0.561000 0.033000 0.037000
37 0.495750 0.604750 0.033500 0.036500
44 0.035500 0.647250 0.045000 0.036500
36 0.442250 0.561250 0.033500 0.035500
54 0.529000 0.561500 0.033000 0.037000
21 0.182250 0.561000 0.033500 0.037000
24 0.279500 0.604500 0.033000 0.036000
52 0.041750 0.560500 0.053500 0.036000
28 0.365750 0.604750 0.032500 0.036500
46 0.599750 0.648500 0.108500 0.036000
32 0.085750 0.647000 0.033500 0.037000
26 0.581750 0.604250 0.032500 0.036500
18 0.431750 0.648750 0.032500 0.036500
16 0.215250 0.647500 0.033500 0.036000
6 0.291000 0.517500 0.034000 0.037000
0 0.463500 0.518000 0.034000 0.037000
42 0.225750 0.560250 0.033500 0.036500
30 0.500250 0.584250 0.999500 0.331500
23 0.236000 0.604000 0.032000 0.036000
15 0.301750 0.648250 0.033500 0.036500
10 0.106250 0.603750 0.033500 0.037500
1 0.073250 0.517500 0.032500 0.036000
51 0.268750 0.560500 0.032500 0.036000
5 0.247750 0.518500 0.033500 0.037000
55 0.258500 0.648500 0.033000 0.036000
57 0.171750 0.647750 0.033500 0.036500
43 0.148250 0.603750 0.033500 0.036500
25 0.322750 0.604500 0.032500 0.036000
50 0.632750 0.692500 0.046500 0.038000
12 0.539750 0.605000 0.033500 0.037000
47 0.305750 0.691750 0.265500 0.039500
13 0.143500 0.691750 0.045000 0.038500
20 0.616000 0.517000 0.076000 0.037000
40 0.475250 0.648000 0.032500 0.035000
45 0.046750 0.604250 0.065500 0.036500
8 0.376750 0.518500 0.033500 0.038000
35 0.345000 0.649250 0.033000 0.036500
22 0.626750 0.582750 0.056500 0.082500
27 0.398750 0.560750 0.031500 0.035500
49 0.035500 0.691500 0.046000 0.039000
3 0.160500 0.518250 0.035000 0.038500
48 0.507500 0.518250 0.034000 0.037500
56 0.139000 0.560750 0.034000 0.037500
