13 0.348750 0.870417 0.103750 0.114167
6 0.685312 0.334167 0.076875 0.111667
9 0.969063 0.336250 0.056875 0.105833
30 0.511563 0.527083 0.976875 0.930833
55 0.611563 0.730833 0.076875 0.113333
32 0.210938 0.741250 0.076875 0.110833
1 0.178437 0.335000 0.075625 0.108333
7 0.782813 0.335000 0.073125 0.110000
16 0.511563 0.732083 0.078125 0.114167
56 0.335000 0.470833 0.077500 0.111667
35 0.806250 0.726667 0.072500 0.110000
51 0.632500 0.467500 0.073750 0.106667
58 0.312188 0.739167 0.076875 0.111667
10 0.258437 0.604167 0.079375 0.115000
43 0.358438 0.605000 0.079375 0.115000
41 0.233750 0.473750 0.077500 0.112500
24 0.657500 0.599583 0.077500 0.110833
52 0.107813 0.471250 0.130625 0.110833
5 0.584375 0.335417 0.077500 0.112500
33 0.901875 0.725833 0.073750 0.108333
57 0.413438 0.736250 0.078125 0.112500
4 0.483125 0.335833 0.076250 0.110000
42 0.533750 0.468750 0.075000 0.107500
19 0.459688 0.605000 0.079375 0.115000
59 0.731875 0.467917 0.075000 0.109167
21 0.436875 0.470417 0.075000 0.107500
44 0.095312 0.742083 0.104375 0.109167
47 0.705625 0.864167 0.588750 0.123333
45 0.122188 0.607917 0.154375 0.110833
49 0.094062 0.877917 0.104375 0.110833
15 0.710000 0.727500 0.076250 0.113333
25 0.755313 0.595833 0.073125 0.110000
28 0.850313 0.595417 0.070625 0.109167
27 0.924687 0.464167 0.069375 0.105000
23 0.558750 0.600000 0.075000 0.111667
2 0.281562 0.336667 0.078125 0.111667
29 0.946562 0.592917 0.070625 0.105833
53 0.828750 0.466250 0.072500 0.107500
8 0.880625 0.334583 0.073750 0.109167
17 0.079062 0.337500 0.075625 0.108333
3 0.382812 0.337083 0.079375 0.114167
