33 0.553735 0.678333 0.038008 0.030000
28 0.528834 0.644167 0.035387 0.028333
15 0.467890 0.678333 0.036697 0.030000
46 0.754915 0.679167 0.096986 0.028333
55 0.424640 0.678333 0.036697 0.030000
52 0.229358 0.617500 0.055046 0.025000
20 0.740498 0.590000 0.052425 0.023333
27 0.559633 0.614167 0.031455 0.025000
23 0.404980 0.645833 0.034076 0.028333
4 0.382700 0.589167 0.034076 0.025000
59 0.479685 0.615000 0.034076 0.023333
2 0.305374 0.590000 0.034076 0.026667
38 0.640236 0.615833 0.035387 0.025000
6 0.460026 0.590000 0.031455 0.023333
36 0.599607 0.615833 0.035387 0.021667
17 0.226081 0.590000 0.035387 0.023333
30 0.492792 0.652500 0.684142 0.218333
58 0.294233 0.680000 0.038008 0.030000
41 0.278506 0.618333 0.035387 0.026667
53 0.519659 0.615000 0.032765 0.023333
7 0.500000 0.589167 0.032765 0.025000
48 0.655308 0.590000 0.034076 0.023333
39 0.720839 0.617500 0.036697 0.025000
1 0.266055 0.590000 0.034076 0.026667
54 0.680210 0.616667 0.036697 0.023333
44 0.202490 0.680000 0.048493 0.030000
32 0.249672 0.680000 0.040629 0.030000
21 0.359764 0.617500 0.035387 0.025000
24 0.445609 0.645000 0.031455 0.026667
25 0.488860 0.644167 0.034076 0.025000
22 0.766710 0.634167 0.049803 0.055000
13 0.331586 0.715000 0.039318 0.033333
35 0.509830 0.678333 0.036697 0.030000
43 0.320446 0.646667 0.035387 0.026667
29 0.570773 0.645000 0.035387 0.026667
45 0.224115 0.648333 0.068152 0.030000
8 0.538008 0.589167 0.032765 0.025000
3 0.344037 0.589167 0.035387 0.025000
34 0.684142 0.677500 0.039318 0.031667
14 0.602228 0.713333 0.040629 0.033333
11 0.692661 0.590000 0.032765 0.023333
10 0.279817 0.647500 0.035387 0.028333
5 0.421363 0.590000 0.032765 0.023333
31 0.612713 0.645833 0.035387 0.028333
57 0.336828 0.679167 0.036697 0.028333
0 0.614679 0.590000 0.034076 0.023333
40 0.640891 0.677500 0.036697 0.028333
12 0.696592 0.645833 0.038008 0.028333
16 0.380079 0.679167 0.036697 0.028333
56 0.318480 0.616667 0.034076 0.026667
51 0.439712 0.615000 0.032765 0.023333
26 0.738532 0.646667 0.040629 0.030000
19 0.363696 0.646667 0.035387 0.026667
50 0.650721 0.716667 0.040629 0.033333
37 0.654653 0.645000 0.038008 0.026667
42 0.399738 0.615833 0.034076 0.025000
9 0.576671 0.589167 0.034076 0.025000
49 0.191350 0.716667 0.052425 0.033333
47 0.466579 0.713333 0.217562 0.033333
18 0.596986 0.678333 0.038008 0.030000
