2 0.299550 0.505208 0.040541 0.016667
49 0.199324 0.584896 0.042793 0.021875
51 0.449324 0.522396 0.038288 0.017708
43 0.328829 0.542188 0.040541 0.017708
5 0.430180 0.505208 0.040541 0.016667
18 0.614865 0.559375 0.040541 0.018750
36 0.620495 0.521875 0.038288 0.016667
27 0.577703 0.521875 0.038288 0.016667
13 0.343468 0.583333 0.056306 0.022917
20 0.779279 0.503125 0.058559 0.016667
11 0.724099 0.503646 0.038288 0.015625
56 0.319820 0.522917 0.040541 0.016667
37 0.676802 0.540104 0.042793 0.017708
38 0.663288 0.520833 0.038288 0.016667
42 0.406532 0.522396 0.038288 0.017708
4 0.387387 0.505208 0.040541 0.016667
31 0.635135 0.540104 0.040541 0.017708
45 0.224099 0.543229 0.074324 0.017708
21 0.363739 0.522396 0.038288 0.017708
30 0.507883 0.538542 0.677928 0.122917
57 0.350225 0.560937 0.038288 0.017708
29 0.590090 0.540104 0.040541 0.017708
3 0.344595 0.505208 0.040541 0.016667
53 0.534910 0.521875 0.038288 0.016667
34 0.702703 0.558854 0.040541 0.017708
35 0.527027 0.559896 0.040541 0.017708
6 0.471847 0.504167 0.038288 0.016667
10 0.286036 0.542188 0.040541 0.017708
40 0.658784 0.558854 0.042793 0.017708
17 0.212838 0.505208 0.038288 0.016667
16 0.395270 0.560417 0.038288 0.018750
54 0.704955 0.520833 0.040541 0.016667
26 0.764640 0.539062 0.042793 0.017708
39 0.750000 0.521354 0.040541 0.017708
24 0.460586 0.541146 0.038288 0.017708
22 0.793919 0.529687 0.047297 0.036458
46 0.775901 0.558854 0.096847 0.017708
47 0.484234 0.581771 0.216216 0.021875
58 0.306306 0.561458 0.040541 0.018750
7 0.514640 0.504167 0.038288 0.016667
0 0.640766 0.503646 0.038288 0.015625
12 0.720721 0.540104 0.040541 0.017708
41 0.275901 0.523438 0.038288 0.017708
23 0.417793 0.541146 0.038288 0.017708
33 0.570946 0.558854 0.038288 0.017708
8 0.557432 0.504167 0.038288 0.016667
28 0.546171 0.540625 0.038288 0.018750
1 0.256757 0.505208 0.040541 0.016667
25 0.504505 0.541146 0.040541 0.017708
19 0.372748 0.541146 0.038288 0.017708
32 0.261261 0.561979 0.040541 0.017708
15 0.484234 0.559896 0.040541 0.017708
55 0.439189 0.559896 0.040541 0.017708
44 0.208333 0.562500 0.051802 0.018750
48 0.681306 0.503646 0.038288 0.015625
9 0.599099 0.504167 0.040541 0.016667
14 0.623874 0.581771 0.054054 0.021875
52 0.220721 0.523438 0.063063 0.017708
59 0.492117 0.521875 0.038288 0.016667
