29 0.578750 0.539062 0.040833 0.025625
56 0.304583 0.514375 0.039167 0.023750
35 0.511250 0.568750 0.042500 0.026250
16 0.375417 0.569375 0.040833 0.026250
41 0.262917 0.515625 0.039167 0.023750
55 0.421250 0.569375 0.040833 0.026250
2 0.290417 0.489063 0.039167 0.023125
8 0.545000 0.486250 0.038333 0.022500
51 0.435417 0.513437 0.039167 0.024375
53 0.522500 0.512500 0.040000 0.023750
52 0.215833 0.515625 0.050000 0.023750
11 0.720000 0.482812 0.040000 0.023125
4 0.374583 0.488125 0.037500 0.022500
13 0.336667 0.601562 0.045000 0.030625
15 0.466250 0.569063 0.040833 0.026875
12 0.715833 0.537188 0.041667 0.025625
19 0.356250 0.541250 0.039167 0.025000
38 0.655833 0.510938 0.040000 0.024375
57 0.330833 0.570312 0.041667 0.026875
5 0.416250 0.487500 0.037500 0.022500
21 0.349167 0.514375 0.040000 0.025000
59 0.478750 0.512813 0.039167 0.024375
54 0.700417 0.510000 0.040833 0.023750
25 0.488750 0.540000 0.040833 0.025000
45 0.215000 0.543125 0.061667 0.025000
36 0.610417 0.511250 0.040833 0.023750
44 0.200000 0.571250 0.045000 0.025000
27 0.565833 0.511875 0.040000 0.023750
22 0.804167 0.521875 0.065000 0.052500
32 0.243333 0.570937 0.040000 0.025625
34 0.696667 0.566250 0.043333 0.026250
6 0.459167 0.486875 0.038333 0.022500
39 0.745417 0.509062 0.042500 0.024375
58 0.286667 0.571250 0.041667 0.026250
20 0.783333 0.481563 0.080000 0.023125
17 0.212083 0.490000 0.027500 0.022500
48 0.675417 0.484063 0.039167 0.023125
0 0.631250 0.484375 0.039167 0.023750
49 0.192083 0.602187 0.047500 0.030625
23 0.400000 0.541250 0.040000 0.025000
24 0.443750 0.540312 0.039167 0.024375
3 0.332083 0.488750 0.039167 0.023750
42 0.392083 0.514062 0.039167 0.024375
40 0.650417 0.567187 0.042500 0.026875
31 0.623750 0.538750 0.040833 0.025000
33 0.557083 0.568125 0.040833 0.026250
7 0.502083 0.486563 0.037500 0.023125
9 0.587917 0.485312 0.039167 0.023125
14 0.613750 0.599063 0.035833 0.030625
43 0.312083 0.542188 0.040833 0.025625
30 0.573750 0.536875 0.840833 0.178750
18 0.603333 0.567813 0.041667 0.026875
50 0.695833 0.598437 0.036667 0.030625
46 0.782500 0.565937 0.121667 0.026875
37 0.670000 0.538125 0.041667 0.025000
28 0.533333 0.539687 0.040000 0.025625
1 0.248333 0.489687 0.038333 0.023125
47 0.477083 0.600000 0.227500 0.031250
10 0.268750 0.542813 0.039167 0.025625
26 0.763750 0.536563 0.044167 0.025625
