15 0.296107 0.947902 0.024590 0.031469
23 0.263832 0.917133 0.022541 0.030070
9 0.370902 0.855944 0.020492 0.029371
30 0.406506 0.898951 0.575307 0.203497
32 0.175205 0.949301 0.024590 0.030070
40 0.393699 0.946154 0.021004 0.029371
41 0.192111 0.887762 0.024590 0.030070
57 0.223361 0.948252 0.024590 0.030769
38 0.403432 0.884965 0.021004 0.028671
27 0.356045 0.885315 0.021516 0.029371
10 0.192111 0.917483 0.024590 0.030769
35 0.320697 0.946503 0.022541 0.030070
19 0.239242 0.917832 0.022541 0.030070
45 0.158811 0.917832 0.042008 0.030070
24 0.287910 0.916783 0.022541 0.029371
46 0.462090 0.945804 0.063525 0.030070
39 0.450307 0.883916 0.020492 0.030769
28 0.335809 0.916434 0.022029 0.030070
53 0.332736 0.885664 0.022029 0.028671
4 0.254867 0.856643 0.021004 0.027972
7 0.324283 0.856993 0.020492 0.028671
36 0.380379 0.884615 0.022029 0.029371
8 0.348105 0.855944 0.021004 0.029371
47 0.298924 0.980070 0.148053 0.034266
22 0.479764 0.899650 0.031250 0.060839
44 0.147797 0.948252 0.031250 0.030769
43 0.216189 0.917832 0.023566 0.030070
1 0.185195 0.857692 0.021004 0.028671
58 0.199027 0.949301 0.025102 0.030070
17 0.162910 0.858042 0.022541 0.027972
51 0.285605 0.886364 0.022029 0.028671
12 0.431352 0.914685 0.021516 0.030769
56 0.215420 0.886713 0.023053 0.029371
13 0.209273 0.980420 0.031250 0.032168
2 0.209273 0.857692 0.022029 0.030070
49 0.144467 0.982168 0.039959 0.035664
18 0.369365 0.946853 0.022541 0.030769
37 0.406762 0.915385 0.021516 0.030769
6 0.301230 0.856643 0.021516 0.027972
33 0.344262 0.946853 0.022541 0.030769
34 0.417008 0.946503 0.021516 0.028671
3 0.231814 0.857692 0.022029 0.030070
14 0.387551 0.979371 0.030225 0.032867
25 0.311988 0.916434 0.022541 0.030070
21 0.238986 0.886014 0.023053 0.029371
0 0.393955 0.856294 0.020492 0.028671
59 0.308914 0.886014 0.022541 0.029371
31 0.383197 0.915734 0.020492 0.030070
52 0.162398 0.887063 0.035861 0.028671
48 0.417008 0.855245 0.020492 0.027972
26 0.454918 0.913986 0.020492 0.029371
20 0.474641 0.853497 0.041496 0.028671
11 0.440061 0.854545 0.020492 0.029371
55 0.271516 0.947552 0.023566 0.029371
54 0.426742 0.884266 0.020492 0.030070
5 0.277664 0.856993 0.020492 0.028671
16 0.247182 0.947902 0.024078 0.030070
42 0.262295 0.886364 0.022541 0.028671
29 0.359631 0.915385 0.021516 0.030769
50 0.480277 0.977622 0.030225 0.033566
