41 0.287500 0.636806 0.025000 0.023611
43 0.315104 0.661806 0.023958 0.026389
22 0.594792 0.651389 0.039583 0.052778
19 0.341146 0.662500 0.023958 0.025000
1 0.280208 0.610417 0.025000 0.023611
40 0.509375 0.690972 0.022917 0.026389
32 0.269792 0.690278 0.027083 0.027778
6 0.404167 0.611111 0.022917 0.022222
3 0.329167 0.609722 0.022917 0.025000
5 0.379167 0.611111 0.022917 0.025000
56 0.313021 0.635417 0.023958 0.023611
52 0.254688 0.634722 0.038542 0.022222
29 0.470833 0.662500 0.022917 0.025000
51 0.389062 0.636111 0.021875 0.022222
17 0.254167 0.609028 0.025000 0.023611
14 0.496875 0.720139 0.025000 0.029167
21 0.339062 0.636111 0.023958 0.025000
34 0.535417 0.691667 0.022917 0.027778
48 0.525521 0.611806 0.021875 0.023611
20 0.585938 0.612500 0.044792 0.022222
23 0.367708 0.661806 0.025000 0.026389
18 0.482812 0.691667 0.023958 0.027778
12 0.546875 0.664583 0.022917 0.026389
39 0.563542 0.638194 0.022917 0.026389
30 0.439583 0.663194 0.458333 0.170833
8 0.454167 0.611806 0.022917 0.020833
53 0.439583 0.636806 0.022917 0.023611
45 0.252604 0.661111 0.046875 0.025000
13 0.330208 0.720139 0.033333 0.029167
46 0.573438 0.691667 0.046875 0.027778
57 0.323958 0.689583 0.022917 0.026389
15 0.404687 0.689583 0.023958 0.026389
31 0.496354 0.663194 0.021875 0.026389
47 0.415625 0.720139 0.133333 0.029167
25 0.418750 0.662500 0.022917 0.025000
59 0.414583 0.636111 0.022917 0.025000
28 0.445312 0.662500 0.023958 0.025000
10 0.289062 0.662500 0.023958 0.025000
24 0.393750 0.662500 0.022917 0.025000
16 0.351562 0.690278 0.026042 0.027778
44 0.239063 0.689583 0.034375 0.026389
9 0.477604 0.611806 0.021875 0.023611
38 0.515104 0.637500 0.021875 0.025000
49 0.235937 0.718750 0.044792 0.031944
50 0.528125 0.721528 0.033333 0.031944
42 0.364063 0.636111 0.023958 0.022222
37 0.521875 0.663889 0.022917 0.025000
7 0.429688 0.611111 0.023958 0.022222
2 0.305729 0.610417 0.023958 0.023611
4 0.354687 0.609722 0.021875 0.025000
26 0.571875 0.664583 0.022917 0.026389
58 0.297396 0.689583 0.026042 0.026389
33 0.456771 0.690278 0.021875 0.025000
0 0.502083 0.612500 0.020833 0.022222
36 0.489063 0.636806 0.021875 0.023611
27 0.465104 0.636806 0.021875 0.023611
11 0.550000 0.613194 0.020833 0.023611
54 0.539062 0.637500 0.021875 0.025000
55 0.377604 0.689583 0.023958 0.026389
35 0.430208 0.690278 0.022917 0.025000
