41 0.119544 0.411932 0.042659 0.062500
19 0.205853 0.472538 0.040675 0.062500
15 0.316964 0.535038 0.042659 0.066288
42 0.248016 0.400568 0.039683 0.062500
47 0.324405 0.622159 0.202381 0.100379
1 0.121528 0.348485 0.040675 0.056818
14 0.455853 0.607955 0.050595 0.094697
8 0.411706 0.325758 0.037698 0.056818
21 0.205853 0.404356 0.040675 0.062500
11 0.573909 0.313447 0.034722 0.054924
34 0.539187 0.517045 0.040675 0.068182
51 0.290179 0.396780 0.038690 0.058712
36 0.459821 0.386364 0.036706 0.056818
58 0.135913 0.550189 0.043651 0.066288
32 0.504464 0.605114 0.042659 0.096591
5 0.287202 0.334280 0.036706 0.054924
43 0.162202 0.476326 0.040675 0.062500
23 0.250000 0.468750 0.039683 0.062500
7 0.370536 0.328598 0.036706 0.054924
33 0.406746 0.528409 0.041667 0.068182
9 0.452877 0.323864 0.036706 0.056818
53 0.375992 0.392045 0.037698 0.060606
56 0.163194 0.406250 0.040675 0.066288
40 0.495536 0.519886 0.038690 0.066288
2 0.163690 0.343750 0.039683 0.054924
30 0.467262 0.457386 0.932540 0.577652
38 0.500992 0.382576 0.035714 0.060606
45 0.068452 0.484848 0.055556 0.064394
39 0.584325 0.375947 0.037698 0.058712
35 0.361607 0.532197 0.040675 0.068182
27 0.418155 0.388258 0.036706 0.056818
0 0.493056 0.320076 0.035714 0.056818
37 0.510417 0.448864 0.036706 0.060606
28 0.381944 0.459280 0.037698 0.062500
52 0.078869 0.414773 0.042659 0.060606
24 0.293651 0.464962 0.039683 0.062500
31 0.468254 0.451705 0.037698 0.062500
59 0.333333 0.394886 0.037698 0.058712
26 0.625992 0.371212 0.037698 0.060606
57 0.181052 0.546402 0.044643 0.066288
13 0.192956 0.630682 0.058532 0.094697
44 0.073909 0.553977 0.080357 0.073864
6 0.329365 0.330492 0.037698 0.054924
22 0.613591 0.437500 0.074405 0.064394
12 0.553075 0.444129 0.038690 0.062500
18 0.451389 0.523674 0.039683 0.066288
17 0.084821 0.352273 0.032738 0.056818
25 0.338294 0.461174 0.039683 0.062500
20 0.618552 0.307765 0.044643 0.054924
55 0.272321 0.538826 0.042659 0.066288
48 0.533234 0.317235 0.036706 0.054924
54 0.543155 0.378788 0.036706 0.060606
3 0.204861 0.339962 0.038690 0.054924
10 0.117560 0.479167 0.042659 0.064394
4 0.246032 0.337121 0.037698 0.056818
16 0.226687 0.543561 0.042659 0.068182
49 0.043651 0.645833 0.067460 0.098485
46 0.608631 0.508523 0.094246 0.070076
29 0.424603 0.455492 0.037698 0.062500
