1 0.042083 0.509333 0.077500 0.092000
23 0.577917 0.740333 0.104167 0.098000
42 0.542500 0.623333 0.105000 0.094667
25 0.870833 0.740000 0.101667 0.096000
2 0.175417 0.511000 0.109167 0.099333
3 0.322917 0.510000 0.107500 0.097333
55 0.651667 0.856000 0.106667 0.097333
47 0.681667 0.961667 0.630000 0.071333
43 0.288333 0.740000 0.105000 0.097333
7 0.907083 0.510333 0.112500 0.099333
51 0.689583 0.622667 0.100833 0.093333
15 0.797917 0.855333 0.107500 0.096000
53 0.965833 0.625000 0.068333 0.094000
35 0.941667 0.855333 0.101667 0.097333
32 0.068333 0.857333 0.110000 0.101333
16 0.507083 0.855333 0.105833 0.098667
13 0.271667 0.961333 0.140000 0.073333
59 0.835000 0.623667 0.105000 0.094000
10 0.141250 0.740667 0.102500 0.097333
6 0.761250 0.511000 0.110833 0.100667
5 0.613750 0.510000 0.112500 0.098667
24 0.724583 0.740000 0.105833 0.097333
41 0.106250 0.625333 0.105833 0.097333
21 0.397083 0.624000 0.105833 0.094667
4 0.468333 0.510000 0.108333 0.096000
57 0.360833 0.856667 0.106667 0.097333
19 0.433333 0.740000 0.105000 0.098667
56 0.250833 0.622667 0.103333 0.096000
58 0.212917 0.855667 0.109167 0.098000
