52 0.157292 0.361314 0.064583 0.048662
31 0.607812 0.411192 0.042708 0.048662
5 0.383333 0.305961 0.041667 0.047445
7 0.477083 0.305353 0.041667 0.048662
1 0.195833 0.307786 0.041667 0.048662
37 0.654167 0.410584 0.041667 0.049878
33 0.540104 0.466545 0.042708 0.049878
18 0.586458 0.465328 0.043750 0.049878
32 0.206250 0.469586 0.045833 0.051095
9 0.569271 0.304136 0.040625 0.048662
14 0.586458 0.520073 0.043750 0.049878
56 0.263021 0.360097 0.042708 0.048662
21 0.310937 0.360097 0.044792 0.048662
3 0.289583 0.306569 0.043750 0.048662
39 0.730729 0.355839 0.042708 0.049878
48 0.661458 0.303528 0.041667 0.047445
55 0.398438 0.467762 0.042708 0.049878
20 0.771875 0.301095 0.075000 0.047445
10 0.231250 0.414842 0.041667 0.048662
25 0.468229 0.412409 0.042708 0.048662
16 0.351042 0.467762 0.043750 0.049878
41 0.215625 0.360706 0.043750 0.049878
36 0.590625 0.358273 0.041667 0.049878
22 0.784375 0.381387 0.056250 0.103406
26 0.747917 0.408759 0.041667 0.046229
4 0.336458 0.305961 0.041667 0.047445
47 0.444792 0.522506 0.233333 0.052311
6 0.430208 0.305961 0.041667 0.047445
34 0.682292 0.464112 0.050000 0.049878
45 0.164583 0.415450 0.083333 0.049878
23 0.373958 0.412409 0.043750 0.048662
59 0.452604 0.359489 0.042708 0.049878
50 0.633854 0.520073 0.042708 0.049878
17 0.148438 0.307786 0.040625 0.048662
29 0.561458 0.411192 0.041667 0.048662
28 0.514583 0.411192 0.041667 0.048662
51 0.405208 0.358881 0.041667 0.048662
13 0.301563 0.524331 0.044792 0.051095
40 0.632812 0.464112 0.042708 0.049878
53 0.498437 0.358881 0.042708 0.048662
2 0.242708 0.306569 0.043750 0.048662
11 0.708333 0.302311 0.041667 0.047445
46 0.791667 0.465328 0.050000 0.049878
58 0.255729 0.470195 0.042708 0.049878
54 0.683854 0.357056 0.042708 0.049878
57 0.303125 0.468978 0.043750 0.049878
27 0.544792 0.358881 0.041667 0.048662
38 0.636979 0.357056 0.042708 0.049878
43 0.278646 0.414234 0.042708 0.049878
15 0.445833 0.466545 0.043750 0.049878
42 0.358333 0.360097 0.043750 0.048662
19 0.326562 0.414234 0.042708 0.049878
0 0.615104 0.304136 0.042708 0.048662
35 0.493229 0.466545 0.042708 0.049878
44 0.150521 0.469586 0.059375 0.048662
8 0.522917 0.305353 0.041667 0.048662
12 0.701562 0.409976 0.042708 0.048662
49 0.148438 0.526156 0.063542 0.052311
30 0.467708 0.402676 0.725000 0.343066
24 0.421354 0.413017 0.042708 0.049878
