26 0.985251 0.649889 0.032448 0.034292
3 0.280236 0.605642 0.064897 0.032080
15 0.487463 0.731195 0.069322 0.044248
13 0.136431 0.783186 0.089971 0.059735
44 0.073009 0.726217 0.143068 0.045354
28 0.600295 0.686394 0.064897 0.038717
1 0.148230 0.604535 0.066372 0.032080
11 0.881268 0.611173 0.066372 0.032080
59 0.510324 0.644358 0.061947 0.036504
34 0.879794 0.735066 0.078171 0.043142
32 0.081121 0.603982 0.070796 0.033186
41 0.162242 0.641040 0.073746 0.036504
21 0.301622 0.642146 0.066372 0.036504
20 0.957965 0.612279 0.087021 0.032080
31 0.750000 0.689159 0.069322 0.039823
57 0.255900 0.727876 0.075221 0.044248
39 0.934366 0.648230 0.072271 0.035398
25 0.526549 0.685841 0.064897 0.039823
5 0.412242 0.606195 0.060472 0.033186
58 0.179204 0.727323 0.075221 0.043142
12 0.900442 0.689712 0.075221 0.038717
2 0.213864 0.605088 0.064897 0.033186
42 0.370206 0.642699 0.064897 0.035398
30 0.501475 0.695796 1.000000 0.285398
14 0.840708 0.790929 0.088496 0.059735
22 0.969764 0.690819 0.063422 0.038717
52 0.075959 0.641040 0.107670 0.036504
27 0.650442 0.645465 0.064897 0.036504
54 0.864307 0.648230 0.070796 0.035398
7 0.544985 0.607854 0.057522 0.032080
33 0.643805 0.732854 0.072271 0.045354
46 0.962389 0.736726 0.078171 0.044248
49 0.055310 0.782080 0.095870 0.059735
38 0.791298 0.647124 0.066372 0.035398
6 0.478614 0.606748 0.057522 0.032080
45 0.062684 0.681969 0.122419 0.040929
9 0.678466 0.609513 0.061947 0.033186
36 0.720501 0.647124 0.066372 0.035398
40 0.801622 0.733960 0.075221 0.043142
48 0.814159 0.610619 0.064897 0.033186
53 0.579646 0.645465 0.061947 0.036504
35 0.566372 0.732301 0.070796 0.044248
55 0.410029 0.730088 0.070796 0.044248
43 0.233776 0.683075 0.069322 0.038717
51 0.439528 0.642699 0.058997 0.035398
23 0.379794 0.683628 0.063422 0.039823
47 0.485988 0.787058 0.405605 0.058628
24 0.452802 0.684735 0.064897 0.039823
56 0.231563 0.641040 0.067847 0.036504
16 0.332596 0.729535 0.072271 0.045354
19 0.306785 0.683628 0.067847 0.039823
37 0.825221 0.689712 0.072271 0.038717
0 0.746313 0.610066 0.064897 0.032080
18 0.721976 0.733960 0.072271 0.043142
4 0.346608 0.605642 0.058997 0.032080
10 0.160767 0.682522 0.073746 0.039823
29 0.675516 0.687500 0.067847 0.038717
8 0.612094 0.608407 0.058997 0.033186
