38 0.519531 0.491536 0.042969 0.058594
56 0.163574 0.491536 0.043945 0.061198
45 0.069336 0.552734 0.076172 0.058594
42 0.252930 0.492188 0.042969 0.059896
19 0.219727 0.552734 0.042969 0.058594
51 0.297363 0.491536 0.041992 0.058594
24 0.308105 0.552734 0.043945 0.058594
29 0.441895 0.552083 0.043945 0.059896
50 0.648926 0.674479 0.055664 0.059896
28 0.396973 0.552083 0.041992 0.059896
47 0.326172 0.674479 0.259766 0.059896
52 0.063965 0.492188 0.065430 0.059896
32 0.107910 0.613281 0.043945 0.059896
23 0.264160 0.552083 0.041992 0.059896
57 0.197754 0.613281 0.043945 0.059896
30 0.499512 0.507812 0.991211 0.502604
53 0.386230 0.492188 0.043945 0.059896
31 0.486816 0.552083 0.041992 0.059896
2 0.143555 0.430990 0.044922 0.059896
10 0.130859 0.552734 0.042969 0.058594
46 0.625488 0.612630 0.098633 0.058594
43 0.174805 0.552734 0.042969 0.058594
20 0.643066 0.430339 0.063477 0.058594
27 0.430664 0.491536 0.042969 0.058594
3 0.187500 0.430990 0.044922 0.059896
25 0.353027 0.552083 0.043945 0.059896
8 0.410156 0.432292 0.044922 0.059896
5 0.276855 0.430990 0.043945 0.059896
12 0.575195 0.552083 0.042969 0.059896
55 0.286133 0.613281 0.044922 0.059896
26 0.653320 0.491536 0.042969 0.061198
22 0.636719 0.552083 0.076172 0.059896
21 0.208496 0.492188 0.043945 0.059896
9 0.454590 0.430990 0.043945 0.059896
54 0.563965 0.492188 0.041992 0.059896
48 0.543945 0.431641 0.042969 0.058594
37 0.530762 0.553385 0.043945 0.059896
39 0.608887 0.490885 0.043945 0.059896
33 0.418945 0.613281 0.044922 0.059896
11 0.588867 0.430990 0.042969 0.059896
13 0.168457 0.674479 0.055664 0.059896
18 0.462891 0.612630 0.042969 0.058594
4 0.232910 0.430990 0.043945 0.059896
17 0.053711 0.430990 0.042969 0.059896
41 0.119141 0.492188 0.044922 0.059896
35 0.375000 0.613281 0.044922 0.059896
1 0.098633 0.430990 0.042969 0.059896
0 0.499023 0.430990 0.042969 0.059896
36 0.475098 0.492188 0.043945 0.059896
6 0.322266 0.430990 0.044922 0.059896
7 0.366211 0.430990 0.042969 0.059896
16 0.240723 0.613281 0.043945 0.059896
34 0.552246 0.612630 0.043945 0.058594
14 0.483887 0.674479 0.055664 0.059896
49 0.057617 0.675130 0.056641 0.061198
58 0.152832 0.613281 0.043945 0.059896
15 0.330078 0.613281 0.044922 0.059896
59 0.341797 0.492188 0.042969 0.059896
40 0.508301 0.613281 0.043945 0.057292
44 0.057617 0.614583 0.054688 0.059896
