53 0.389648 0.486328 0.042969 0.058594
40 0.508789 0.606120 0.041016 0.055990
14 0.484375 0.666016 0.052734 0.058594
49 0.070801 0.667318 0.053711 0.058594
46 0.622559 0.605469 0.096680 0.057292
44 0.070312 0.608073 0.050781 0.057292
15 0.334961 0.606120 0.042969 0.058594
17 0.065430 0.426432 0.041016 0.055990
36 0.476562 0.486328 0.042969 0.058594
20 0.639160 0.423828 0.061523 0.058594
4 0.238770 0.424479 0.040039 0.057292
10 0.140625 0.546875 0.041016 0.057292
13 0.177734 0.667318 0.052734 0.058594
25 0.356934 0.546224 0.041992 0.058594
54 0.562988 0.485677 0.041992 0.057292
33 0.421875 0.606771 0.042969 0.059896
22 0.634277 0.545573 0.075195 0.057292
59 0.346191 0.485677 0.041992 0.057292
19 0.227051 0.546875 0.041992 0.057292
45 0.081543 0.546875 0.073242 0.057292
21 0.215820 0.485677 0.041016 0.057292
7 0.369629 0.425781 0.040039 0.057292
6 0.326660 0.425130 0.041992 0.058594
50 0.645996 0.666667 0.053711 0.057292
12 0.574219 0.546224 0.041016 0.058594
24 0.312988 0.546224 0.041992 0.058594
38 0.520020 0.485026 0.041992 0.058594
37 0.530762 0.546224 0.041992 0.058594
41 0.129395 0.486328 0.041992 0.058594
42 0.259277 0.485677 0.041992 0.057292
58 0.161621 0.606771 0.041992 0.057292
31 0.487793 0.546224 0.041992 0.058594
47 0.331055 0.667318 0.251953 0.061198
34 0.552246 0.607422 0.041992 0.058594
23 0.270508 0.546224 0.041016 0.058594
0 0.500000 0.425130 0.041016 0.058594
28 0.400391 0.546224 0.041016 0.058594
26 0.649902 0.485677 0.041992 0.057292
55 0.291504 0.606771 0.041992 0.057292
30 0.497559 0.506510 0.973633 0.505208
16 0.248535 0.606771 0.041992 0.057292
9 0.456543 0.425130 0.041992 0.058594
48 0.543457 0.425781 0.041992 0.057292
39 0.606445 0.485026 0.041016 0.058594
2 0.153320 0.427083 0.041016 0.057292
5 0.281738 0.425130 0.041992 0.058594
35 0.378906 0.606771 0.042969 0.057292
43 0.183594 0.546875 0.041016 0.057292
51 0.302734 0.485677 0.041016 0.057292
11 0.586914 0.424479 0.041016 0.057292
32 0.117676 0.606120 0.041992 0.058594
1 0.109863 0.425781 0.040039 0.057292
52 0.076172 0.486328 0.062500 0.058594
3 0.195801 0.425781 0.041992 0.057292
56 0.172363 0.486328 0.041992 0.058594
27 0.433594 0.485677 0.041016 0.057292
29 0.444824 0.546224 0.041992 0.058594
57 0.205566 0.606771 0.041992 0.057292
8 0.412598 0.425781 0.040039 0.057292
18 0.464844 0.606120 0.041016 0.058594
