33 0.589564 0.755952 0.045171 0.035714
28 0.559969 0.715278 0.042056 0.033730
15 0.487539 0.755952 0.043614 0.035714
46 0.828660 0.756944 0.115265 0.033730
55 0.436137 0.755952 0.043614 0.035714
52 0.204050 0.683532 0.065421 0.029762
20 0.811526 0.650794 0.062305 0.027778
27 0.596573 0.679563 0.037383 0.029762
23 0.412773 0.717262 0.040498 0.033730
4 0.386293 0.649802 0.040498 0.029762
59 0.501558 0.680556 0.040498 0.027778
2 0.294393 0.650794 0.040498 0.031746
38 0.692368 0.681548 0.042056 0.029762
6 0.478193 0.650794 0.037383 0.027778
36 0.644081 0.681548 0.042056 0.025794
17 0.200156 0.650794 0.042056 0.027778
30 0.517134 0.725198 0.813084 0.259921
58 0.281153 0.757937 0.045171 0.035714
41 0.262461 0.684524 0.042056 0.031746
53 0.549065 0.680556 0.038941 0.027778
7 0.525701 0.649802 0.038941 0.029762
48 0.710280 0.650794 0.040498 0.027778
39 0.788162 0.683532 0.043614 0.029762
1 0.247664 0.650794 0.040498 0.031746
54 0.739875 0.682540 0.043614 0.027778
44 0.172118 0.757937 0.057632 0.035714
32 0.228193 0.757937 0.048287 0.035714
21 0.359034 0.683532 0.042056 0.029762
24 0.461059 0.716270 0.037383 0.031746
25 0.512461 0.715278 0.040498 0.029762
22 0.842679 0.703373 0.059190 0.065476
13 0.325545 0.799603 0.046729 0.039683
35 0.537383 0.755952 0.043614 0.035714
43 0.312305 0.718254 0.042056 0.031746
29 0.609813 0.716270 0.042056 0.031746
45 0.197819 0.720238 0.080997 0.035714
8 0.570872 0.649802 0.038941 0.029762
3 0.340343 0.649802 0.042056 0.029762
34 0.744548 0.754960 0.046729 0.037698
14 0.647196 0.797619 0.048287 0.039683
11 0.754673 0.650794 0.038941 0.027778
10 0.264019 0.719246 0.042056 0.033730
5 0.432243 0.650794 0.038941 0.027778
31 0.659657 0.717262 0.042056 0.033730
57 0.331776 0.756944 0.043614 0.033730
0 0.661994 0.650794 0.040498 0.027778
40 0.693146 0.754960 0.043614 0.033730
12 0.759346 0.717262 0.045171 0.033730
16 0.383178 0.756944 0.043614 0.033730
56 0.309969 0.682540 0.040498 0.031746
51 0.454050 0.680556 0.038941 0.027778
26 0.809190 0.718254 0.048287 0.035714
19 0.363707 0.718254 0.042056 0.031746
50 0.704829 0.801587 0.048287 0.039683
37 0.709502 0.716270 0.045171 0.031746
42 0.406542 0.681548 0.040498 0.029762
9 0.616822 0.649802 0.040498 0.029762
49 0.158879 0.801587 0.062305 0.039683
47 0.485981 0.797619 0.258567 0.039683
18 0.640966 0.755952 0.045171 0.035714
