23 0.078488 0.552632 0.151163 0.228070
51 0.206395 0.315789 0.156977 0.228070
31 0.921512 0.559211 0.145349 0.232456
24 0.247093 0.559211 0.145349 0.232456
15 0.324128 0.809211 0.159884 0.232456
7 0.453488 0.096491 0.162791 0.184211
28 0.584302 0.554825 0.145349 0.232456
42 0.058140 0.307018 0.110465 0.228070
53 0.534884 0.307018 0.156977 0.228070
33 0.668605 0.809211 0.145349 0.232456
35 0.500000 0.813596 0.145349 0.232456
25 0.412791 0.554825 0.145349 0.232456
19 0.033430 0.552632 0.061047 0.228070
6 0.287791 0.096491 0.162791 0.184211
27 0.703488 0.307018 0.156977 0.228070
47 0.495640 0.964912 0.985465 0.078947
36 0.869186 0.307018 0.156977 0.228070
58 0.375000 0.311404 0.156977 0.228070
29 0.755814 0.554825 0.145349 0.232456
16 0.039244 0.804825 0.072674 0.232456
0 0.928779 0.094298 0.148256 0.179825
55 0.159884 0.804825 0.145349 0.232456
4 0.043605 0.100877 0.081395 0.192982
5 0.125000 0.096491 0.162791 0.184211
9 0.779070 0.094298 0.162791 0.179825
8 0.620640 0.094298 0.159884 0.179825
