45 0.133077 0.500691 0.075385 0.015193
51 0.364615 0.483080 0.036923 0.013122
44 0.115385 0.517610 0.055385 0.014503
14 0.536923 0.530732 0.043077 0.015884
25 0.417692 0.497928 0.041538 0.015193
41 0.187692 0.484461 0.040000 0.013122
23 0.326923 0.497928 0.041538 0.013812
37 0.606154 0.500345 0.033846 0.014503
3 0.258462 0.470649 0.040000 0.014503
8 0.480769 0.469959 0.038462 0.013122
24 0.373077 0.498273 0.041538 0.014503
13 0.254615 0.533494 0.044615 0.015884
21 0.276154 0.483771 0.038462 0.013122
58 0.207692 0.514848 0.043077 0.014503
17 0.132308 0.472030 0.040000 0.013122
36 0.545385 0.482735 0.038462 0.013812
34 0.630769 0.514848 0.033846 0.014503
22 0.726154 0.492058 0.055385 0.029696
57 0.254615 0.514503 0.041538 0.015193
32 0.163846 0.516229 0.041538 0.015884
7 0.436923 0.470304 0.040000 0.013812
40 0.578462 0.513812 0.040000 0.015193
54 0.636923 0.483080 0.036923 0.013122
52 0.137692 0.486533 0.063077 0.013122
4 0.303846 0.469959 0.038462 0.013122
59 0.410000 0.483080 0.038462 0.013122
48 0.614615 0.469959 0.038462 0.011740
1 0.175385 0.471340 0.040000 0.013122
27 0.499231 0.482735 0.038462 0.013812
33 0.486154 0.513467 0.036923 0.014503
6 0.393846 0.470304 0.040000 0.013812
42 0.320769 0.483425 0.035385 0.013812
5 0.350000 0.470649 0.035385 0.013122
2 0.215385 0.471340 0.040000 0.013122
10 0.191538 0.499309 0.041538 0.013812
12 0.650769 0.498964 0.033846 0.014503
30 0.503077 0.498619 0.883077 0.100829
53 0.455385 0.482735 0.036923 0.013812
0 0.570000 0.469268 0.038462 0.011740
50 0.646154 0.531423 0.055385 0.014503
20 0.717692 0.469959 0.063077 0.011740
16 0.300769 0.514157 0.041538 0.014503
15 0.392308 0.513467 0.040000 0.014503
39 0.675385 0.483771 0.036923 0.013122
11 0.659231 0.470649 0.038462 0.011740
55 0.346923 0.514157 0.038462 0.014503
29 0.508462 0.497583 0.038462 0.014503
19 0.281538 0.497928 0.040000 0.013812
26 0.690769 0.498619 0.036923 0.016575
18 0.533077 0.513812 0.035385 0.015193
38 0.593846 0.484807 0.036923 0.012431
28 0.463077 0.497583 0.040000 0.014503
47 0.396923 0.533494 0.233846 0.015884
35 0.439231 0.513812 0.038462 0.013812
31 0.554615 0.496892 0.038462 0.014503
46 0.686154 0.514848 0.055385 0.014503
56 0.231538 0.483771 0.035385 0.013122
49 0.108462 0.533840 0.056923 0.016575
43 0.235385 0.498619 0.043077 0.013812
9 0.526923 0.470649 0.038462 0.011740
