52 0.219153 0.541155 0.046041 0.025799
45 0.202578 0.560811 0.051565 0.028256
29 0.431400 0.633907 0.035912 0.024570
35 0.370166 0.639435 0.034991 0.025799
13 0.239411 0.622236 0.036832 0.025799
38 0.497698 0.630221 0.034070 0.024570
12 0.518877 0.662162 0.032228 0.024570
58 0.231584 0.593366 0.035912 0.024570
1 0.255525 0.529484 0.032228 0.022113
15 0.341621 0.630221 0.036832 0.027027
47 0.328729 0.656634 0.154696 0.070025
10 0.237109 0.569410 0.034070 0.023342
3 0.304328 0.544226 0.032228 0.022113
39 0.555249 0.650491 0.033149 0.023342
42 0.327808 0.575553 0.034991 0.023342
50 0.484346 0.707617 0.051565 0.031941
36 0.468692 0.621007 0.033149 0.023342
56 0.274862 0.557125 0.034070 0.023342
44 0.178637 0.576781 0.038674 0.023342
48 0.525322 0.614251 0.034070 0.024570
5 0.359116 0.563882 0.031308 0.022113
34 0.491713 0.681204 0.036832 0.025799
11 0.556630 0.622850 0.032228 0.024570
22 0.583333 0.670147 0.043278 0.050369
28 0.401013 0.623464 0.032228 0.025799
14 0.416206 0.684275 0.036832 0.031941
33 0.400092 0.648649 0.037753 0.027027
40 0.459484 0.670147 0.036832 0.028256
54 0.528545 0.640663 0.033149 0.023342
41 0.250921 0.551597 0.032228 0.022113
17 0.230663 0.522113 0.032228 0.022113
55 0.313536 0.620393 0.035912 0.024570
32 0.204880 0.585381 0.035912 0.023342
24 0.345304 0.604423 0.033149 0.024570
20 0.597606 0.638206 0.047882 0.030713
2 0.279466 0.535627 0.032228 0.022113
57 0.257827 0.602580 0.034991 0.023342
37 0.489871 0.653563 0.033149 0.024570
23 0.316298 0.595823 0.032228 0.024570
27 0.439227 0.611179 0.034991 0.025799
51 0.355433 0.584152 0.033149 0.023342
9 0.467311 0.597666 0.032228 0.023342
30 0.438766 0.648034 0.636280 0.313268
53 0.410681 0.601966 0.033149 0.024570
7 0.412063 0.579853 0.034070 0.019656
49 0.156998 0.597052 0.041436 0.027027
19 0.289595 0.586609 0.034070 0.023342
6 0.386740 0.572482 0.031308 0.022113
18 0.430479 0.660319 0.035912 0.028256
26 0.548343 0.671990 0.034070 0.027027
46 0.530847 0.695946 0.045120 0.033170
8 0.440147 0.587838 0.034991 0.023342
4 0.331492 0.552826 0.031308 0.022113
16 0.285912 0.611794 0.035912 0.024570
21 0.301105 0.567568 0.034991 0.022113
43 0.262891 0.578010 0.034070 0.025799
0 0.495856 0.606265 0.032228 0.023342
25 0.373389 0.613636 0.034070 0.025799
31 0.461326 0.643735 0.034991 0.027027
59 0.382136 0.592752 0.034991 0.023342
