44 0.019266 0.727974 0.036697 0.129956
45 0.033028 0.571586 0.064220 0.129956
20 0.877523 0.254405 0.122018 0.129956
51 0.350459 0.412996 0.053211 0.125551
55 0.334862 0.729075 0.055046 0.123348
6 0.383486 0.255507 0.056881 0.127753
58 0.136239 0.730176 0.054128 0.125551
27 0.547706 0.411894 0.055046 0.123348
48 0.712385 0.255507 0.055963 0.127753
54 0.745413 0.414097 0.055963 0.127753
14 0.646330 0.888767 0.057798 0.129956
42 0.284404 0.412996 0.055046 0.125551
7 0.449541 0.255507 0.055046 0.127753
21 0.218349 0.412996 0.055046 0.125551
17 0.014220 0.253304 0.026606 0.127753
31 0.630275 0.570485 0.055046 0.127753
43 0.169266 0.571586 0.054128 0.125551
46 0.819266 0.727974 0.104587 0.129956
25 0.432569 0.571586 0.054128 0.125551
12 0.761927 0.571586 0.054128 0.125551
32 0.070183 0.729075 0.055963 0.127753
50 0.778899 0.887665 0.058716 0.132159
56 0.152752 0.411894 0.054128 0.127753
30 0.500917 0.501101 1.000000 0.997797
3 0.186239 0.255507 0.055046 0.127753
35 0.466055 0.729075 0.055046 0.123348
37 0.696330 0.571586 0.055046 0.125551
47 0.408257 0.890969 0.411009 0.134361
52 0.024312 0.412996 0.046789 0.129956
1 0.053670 0.255507 0.054128 0.127753
29 0.564220 0.570485 0.055046 0.127753
41 0.086697 0.414097 0.055963 0.127753
5 0.317890 0.254405 0.055963 0.129956
16 0.268349 0.729075 0.055963 0.123348
59 0.416514 0.412996 0.055046 0.125551
38 0.679817 0.412996 0.055046 0.125551
39 0.811927 0.412996 0.055046 0.125551
10 0.103211 0.571586 0.054128 0.125551
34 0.728440 0.729075 0.055046 0.123348
18 0.596789 0.729075 0.054128 0.123348
15 0.400000 0.727974 0.056881 0.125551
2 0.119266 0.255507 0.055046 0.127753
19 0.234862 0.571586 0.055046 0.125551
36 0.613303 0.412996 0.055963 0.125551
40 0.663761 0.729075 0.054128 0.123348
33 0.531193 0.727974 0.055046 0.125551
49 0.019725 0.888767 0.037615 0.134361
8 0.515138 0.255507 0.055963 0.127753
26 0.827064 0.570485 0.054128 0.132159
53 0.482569 0.414097 0.055046 0.127753
11 0.778440 0.254405 0.054128 0.125551
57 0.202752 0.729075 0.055046 0.123348
13 0.161009 0.887665 0.074312 0.132159
0 0.647248 0.255507 0.055963 0.127753
22 0.894954 0.491189 0.090826 0.299559
9 0.581193 0.254405 0.055963 0.125551
23 0.300917 0.570485 0.055046 0.127753
28 0.498624 0.571586 0.054128 0.129956
24 0.366972 0.571586 0.055046 0.125551
4 0.251376 0.255507 0.055046 0.127753
