2 0.300459 0.509534 0.041284 0.016949
49 0.198394 0.590572 0.043578 0.022246
51 0.452982 0.527013 0.038991 0.018008
43 0.330275 0.547140 0.041284 0.018008
5 0.433486 0.509534 0.041284 0.016949
18 0.621560 0.564619 0.041284 0.019068
36 0.627294 0.526483 0.038991 0.016949
27 0.583716 0.526483 0.038991 0.016949
13 0.345183 0.588983 0.057339 0.023305
20 0.788991 0.507415 0.059633 0.016949
11 0.732798 0.507945 0.038991 0.015890
56 0.321101 0.527542 0.041284 0.016949
37 0.684633 0.545021 0.043578 0.018008
38 0.670872 0.525424 0.038991 0.016949
42 0.409404 0.527013 0.038991 0.018008
4 0.389908 0.509534 0.041284 0.016949
31 0.642202 0.545021 0.041284 0.018008
45 0.223624 0.548199 0.075688 0.018008
21 0.365826 0.527013 0.038991 0.018008
30 0.512615 0.543432 0.690367 0.125000
57 0.352064 0.566208 0.038991 0.018008
29 0.596330 0.545021 0.041284 0.018008
3 0.346330 0.509534 0.041284 0.016949
53 0.540138 0.526483 0.038991 0.016949
34 0.711009 0.564089 0.041284 0.018008
35 0.532110 0.565148 0.041284 0.018008
6 0.475917 0.508475 0.038991 0.016949
10 0.286697 0.547140 0.041284 0.018008
40 0.666284 0.564089 0.043578 0.018008
17 0.212156 0.509534 0.038991 0.016949
16 0.397936 0.565678 0.038991 0.019068
54 0.713303 0.525424 0.041284 0.016949
26 0.774083 0.543962 0.043578 0.018008
39 0.759174 0.525953 0.041284 0.018008
24 0.464450 0.546081 0.038991 0.018008
22 0.803899 0.534428 0.048165 0.037076
46 0.785550 0.564089 0.098624 0.018008
47 0.488532 0.587394 0.220183 0.022246
58 0.307339 0.566737 0.041284 0.019068
7 0.519495 0.508475 0.038991 0.016949
0 0.647936 0.507945 0.038991 0.015890
12 0.729358 0.545021 0.041284 0.018008
41 0.276376 0.528072 0.038991 0.018008
23 0.420872 0.546081 0.038991 0.018008
33 0.576835 0.564089 0.038991 0.018008
8 0.563073 0.508475 0.038991 0.016949
28 0.551606 0.545551 0.038991 0.019068
1 0.256881 0.509534 0.041284 0.016949
25 0.509174 0.546081 0.041284 0.018008
19 0.375000 0.546081 0.038991 0.018008
32 0.261468 0.567267 0.041284 0.018008
15 0.488532 0.565148 0.041284 0.018008
55 0.442661 0.565148 0.041284 0.018008
44 0.207569 0.567797 0.052752 0.019068
48 0.689220 0.507945 0.038991 0.015890
9 0.605505 0.508475 0.041284 0.016949
14 0.630734 0.587394 0.055046 0.022246
52 0.220183 0.528072 0.064220 0.018008
59 0.496560 0.526483 0.038991 0.016949
