43 0.179431 0.528426 0.043764 0.042274
4 0.250547 0.431487 0.041575 0.040816
35 0.399344 0.576531 0.043764 0.045190
25 0.376915 0.526968 0.042670 0.042274
46 0.652079 0.576531 0.050328 0.045190
59 0.365974 0.478863 0.042670 0.042274
18 0.498359 0.575802 0.042670 0.043732
47 0.386214 0.629738 0.196937 0.049563
42 0.268600 0.478863 0.042670 0.042274
10 0.130197 0.528426 0.043764 0.042274
48 0.586433 0.430029 0.041575 0.040816
29 0.474836 0.526239 0.043764 0.043732
22 0.700219 0.526968 0.098468 0.045190
27 0.462801 0.478134 0.041575 0.040816
1 0.093545 0.432216 0.068928 0.039359
40 0.548687 0.575802 0.042670 0.043732
21 0.219912 0.480321 0.043764 0.042274
34 0.598468 0.575802 0.043764 0.043732
8 0.442560 0.431487 0.042670 0.040816
56 0.171225 0.479592 0.042670 0.043732
13 0.159190 0.632653 0.044858 0.046647
9 0.490700 0.430758 0.042670 0.042274
16 0.250547 0.578717 0.043764 0.043732
36 0.510941 0.477405 0.041575 0.042274
32 0.258753 0.629738 0.044858 0.046647
0 0.538293 0.430029 0.041575 0.040816
49 0.083151 0.631195 0.098468 0.043732
54 0.608862 0.477405 0.042670 0.042274
24 0.327681 0.527697 0.042670 0.043732
39 0.657549 0.476676 0.041575 0.040816
28 0.425602 0.526239 0.041575 0.043732
15 0.350109 0.577259 0.043764 0.043732
52 0.073304 0.479592 0.045952 0.043732
19 0.229212 0.528426 0.042670 0.042274
7 0.394420 0.431487 0.042670 0.040816
55 0.299781 0.577259 0.043764 0.043732
11 0.635120 0.429300 0.040481 0.039359
51 0.317287 0.478863 0.041575 0.042274
45 0.074398 0.529883 0.059081 0.042274
44 0.080963 0.579446 0.083151 0.045190
38 0.560175 0.477405 0.041575 0.042274
26 0.717177 0.477405 0.062363 0.042274
20 0.703501 0.429300 0.083151 0.042274
12 0.622538 0.526239 0.043764 0.043732
37 0.573304 0.526239 0.041575 0.043732
57 0.200219 0.578717 0.043764 0.043732
14 0.513129 0.631195 0.045952 0.046647
53 0.414114 0.478863 0.042670 0.042274
58 0.150438 0.578717 0.044858 0.043732
33 0.449125 0.576531 0.044858 0.045190
2 0.154814 0.432216 0.042670 0.039359
31 0.524070 0.526239 0.041575 0.043732
5 0.299234 0.431487 0.042670 0.040816
41 0.123085 0.480321 0.044858 0.042274
6 0.346827 0.431487 0.041575 0.040816
30 0.501094 0.496356 1.000000 0.467930
23 0.278446 0.528426 0.042670 0.042274
3 0.202407 0.432216 0.043764 0.042274
