54 0.834390 0.201946 0.072900 0.104623
6 0.407290 0.090024 0.072900 0.107056
55 0.349842 0.427007 0.073693 0.104623
2 0.097861 0.090024 0.073693 0.104623
12 0.854596 0.313869 0.072108 0.104623
9 0.640650 0.091241 0.073693 0.104623
22 0.948494 0.313869 0.104596 0.104623
40 0.737718 0.426399 0.072900 0.100973
41 0.058637 0.202555 0.074485 0.103406
13 0.176307 0.556569 0.075277 0.142336
25 0.465531 0.313260 0.072108 0.103406
46 0.929477 0.427007 0.142631 0.107056
58 0.116878 0.427007 0.073693 0.102190
18 0.659667 0.426399 0.072108 0.103406
10 0.078051 0.314477 0.073693 0.105839
7 0.485737 0.090633 0.072900 0.105839
57 0.195325 0.426399 0.073693 0.103406
33 0.581616 0.427007 0.074485 0.104623
49 0.019414 0.557786 0.037242 0.144769
8 0.562995 0.091241 0.073693 0.104623
0 0.718700 0.090633 0.072900 0.105839
31 0.699683 0.315085 0.071315 0.104623
15 0.426704 0.427007 0.075277 0.104623
14 0.680269 0.557786 0.073693 0.144769
16 0.271791 0.427616 0.074485 0.103406
45 0.034073 0.313260 0.066561 0.105839
39 0.913233 0.201338 0.072108 0.103406
37 0.776149 0.314477 0.072108 0.103406
59 0.447306 0.201338 0.072108 0.103406
44 0.043582 0.426399 0.085578 0.105839
24 0.387876 0.313260 0.072108 0.103406
35 0.504358 0.426399 0.073693 0.103406
48 0.795959 0.090024 0.072108 0.104623
4 0.252773 0.089416 0.071315 0.103406
27 0.601823 0.201946 0.070523 0.102190
42 0.291601 0.201946 0.072900 0.102190
52 0.029319 0.202555 0.057052 0.103406
23 0.310618 0.313869 0.072900 0.104623
3 0.174723 0.090633 0.073693 0.105839
26 0.978605 0.201946 0.044374 0.102190
56 0.136292 0.201338 0.071315 0.103406
29 0.621632 0.313869 0.070523 0.104623
51 0.369651 0.201946 0.070523 0.102190
11 0.874010 0.088200 0.069731 0.103406
1 0.028130 0.088808 0.054675 0.102190
47 0.428685 0.556569 0.424723 0.144769
20 0.958796 0.087591 0.083994 0.104623
38 0.756735 0.201338 0.072900 0.103406
30 0.500792 0.331509 1.000000 0.660584
21 0.213946 0.202555 0.074485 0.103406
36 0.678685 0.201338 0.073693 0.103406
53 0.523376 0.201946 0.072108 0.104623
19 0.232567 0.315085 0.073693 0.104623
34 0.815372 0.427007 0.072900 0.102190
5 0.329635 0.090633 0.072900 0.105839
17 0.018225 0.088808 0.034865 0.102190
28 0.543978 0.313869 0.070523 0.104623
43 0.156101 0.315085 0.072900 0.104623
