1 0.232143 0.482308 0.044286 0.047692
23 0.404286 0.578462 0.042857 0.046154
25 0.495714 0.578462 0.042857 0.046154
41 0.255714 0.530769 0.045714 0.046154
27 0.575714 0.530000 0.042857 0.044615
51 0.438571 0.530769 0.042857 0.046154
20 0.794286 0.483077 0.065714 0.046154
9 0.599286 0.483077 0.044286 0.046154
56 0.301429 0.530769 0.045714 0.046154
33 0.565000 0.626923 0.044286 0.047692
8 0.553571 0.483846 0.044286 0.047692
31 0.633571 0.578462 0.044286 0.046154
53 0.530714 0.530769 0.044286 0.046154
58 0.290714 0.627692 0.044286 0.046154
38 0.667143 0.530769 0.042857 0.046154
52 0.197857 0.530769 0.067143 0.046154
4 0.370714 0.482308 0.044286 0.047692
10 0.267143 0.579231 0.042857 0.047692
59 0.485000 0.530769 0.044286 0.046154
29 0.587143 0.578462 0.042857 0.046154
47 0.473571 0.676154 0.227143 0.047692
46 0.777857 0.626923 0.101429 0.047692
19 0.358571 0.579231 0.045714 0.047692
42 0.393571 0.530769 0.044286 0.046154
49 0.234286 0.676154 0.045714 0.047692
40 0.656429 0.626154 0.044286 0.046154
5 0.415714 0.483077 0.045714 0.046154
18 0.610714 0.626154 0.044286 0.046154
12 0.725000 0.578462 0.044286 0.046154
32 0.244286 0.626923 0.045714 0.047692
35 0.518571 0.626923 0.045714 0.047692
0 0.645000 0.483846 0.044286 0.047692
26 0.770714 0.578462 0.044286 0.046154
2 0.278571 0.483846 0.045714 0.047692
36 0.622143 0.530769 0.044286 0.046154
6 0.462143 0.482308 0.044286 0.047692
39 0.760000 0.530769 0.042857 0.046154
34 0.702143 0.626154 0.044286 0.046154
28 0.541429 0.578462 0.042857 0.046154
37 0.679286 0.578462 0.044286 0.046154
24 0.450000 0.578462 0.042857 0.046154
44 0.192143 0.627692 0.055714 0.046154
30 0.500000 0.564615 0.691429 0.286154
7 0.507857 0.483846 0.044286 0.047692
55 0.427143 0.626923 0.045714 0.047692
57 0.336429 0.626923 0.044286 0.047692
22 0.806429 0.555385 0.044286 0.095385
45 0.204286 0.579231 0.077143 0.047692
54 0.713571 0.530769 0.044286 0.046154
48 0.691429 0.483077 0.042857 0.046154
43 0.312857 0.580000 0.042857 0.046154
13 0.280000 0.676154 0.045714 0.047692
15 0.472857 0.626923 0.045714 0.047692
11 0.736429 0.482308 0.041429 0.044615
14 0.667143 0.675385 0.045714 0.049231
21 0.347143 0.530769 0.045714 0.046154
3 0.324286 0.483077 0.045714 0.049231
17 0.186429 0.483077 0.044286 0.046154
16 0.381429 0.626923 0.045714 0.047692
