3 0.320625 0.347083 0.046250 0.044167
38 0.663125 0.402917 0.043750 0.044167
58 0.265625 0.495417 0.051250 0.052500
23 0.395937 0.445417 0.045625 0.049167
46 0.788750 0.505833 0.110000 0.051667
37 0.680937 0.452083 0.046875 0.049167
19 0.346562 0.445000 0.048125 0.050000
18 0.614062 0.502083 0.048125 0.050833
17 0.180000 0.343333 0.048750 0.043333
32 0.214062 0.494583 0.053125 0.052500
28 0.539062 0.449167 0.044375 0.048333
56 0.290938 0.392917 0.046875 0.047500
15 0.467500 0.499583 0.047500 0.050833
36 0.617188 0.402083 0.044375 0.045833
10 0.247500 0.441667 0.050000 0.050000
35 0.516875 0.500833 0.047500 0.051667
27 0.571250 0.400833 0.042500 0.045000
8 0.546875 0.355000 0.042500 0.043333
21 0.338750 0.394167 0.047500 0.046667
45 0.179375 0.440000 0.090000 0.050000
57 0.316875 0.496250 0.050000 0.052500
13 0.245312 0.553750 0.055625 0.057500
0 0.636250 0.356667 0.043750 0.043333
53 0.525937 0.400417 0.043125 0.045833
14 0.682187 0.560417 0.051875 0.055833
44 0.154688 0.493333 0.070625 0.055000
33 0.565312 0.501667 0.048125 0.051667
24 0.443437 0.447083 0.045625 0.049167
30 0.486875 0.450417 0.773750 0.300833
59 0.480000 0.398750 0.043750 0.045833
20 0.778438 0.360000 0.064375 0.041667
1 0.227500 0.343750 0.047500 0.044167
26 0.774062 0.453333 0.048125 0.048333
31 0.633437 0.450833 0.045625 0.048333
55 0.418125 0.498750 0.048750 0.052500
6 0.457500 0.352083 0.043750 0.044167
22 0.805000 0.430417 0.060000 0.095833
54 0.709375 0.403750 0.045000 0.045833
49 0.191875 0.552083 0.058750 0.059167
41 0.243125 0.392083 0.050000 0.047500
40 0.663125 0.502500 0.048750 0.050000
47 0.465000 0.556667 0.255000 0.056667
25 0.491250 0.448333 0.045000 0.048333
16 0.367812 0.497917 0.050625 0.052500
4 0.366563 0.348750 0.044375 0.044167
11 0.723750 0.357917 0.043750 0.042500
12 0.728125 0.452500 0.047500 0.048333
42 0.386562 0.396667 0.045625 0.046667
51 0.433437 0.397083 0.043125 0.045833
52 0.182812 0.390417 0.075625 0.047500
7 0.502500 0.353333 0.042500 0.043333
29 0.586250 0.450000 0.045000 0.048333
2 0.274375 0.346250 0.046250 0.044167
48 0.680312 0.357500 0.044375 0.043333
5 0.412500 0.350833 0.043750 0.045000
39 0.753437 0.404167 0.045625 0.045000
34 0.711250 0.503750 0.048750 0.050833
43 0.296875 0.443333 0.050000 0.050000
9 0.591250 0.355833 0.043750 0.043333
