59 0.479792 0.463656 0.033487 0.063877
56 0.315820 0.465859 0.033487 0.063877
16 0.388568 0.617841 0.033487 0.063877
6 0.459584 0.387665 0.034642 0.066079
28 0.530023 0.539648 0.032333 0.066079
9 0.581409 0.386564 0.033487 0.063877
52 0.223441 0.466960 0.054273 0.066079
23 0.408776 0.541850 0.032333 0.066079
55 0.430139 0.617841 0.033487 0.063877
31 0.612587 0.539648 0.033487 0.066079
11 0.704965 0.384361 0.033487 0.063877
51 0.439376 0.464758 0.033487 0.061674
18 0.591801 0.616740 0.033487 0.066079
57 0.348152 0.620044 0.033487 0.063877
29 0.571594 0.539648 0.032333 0.066079
30 0.521940 0.508811 0.665127 0.493392
12 0.694573 0.539648 0.033487 0.066079
27 0.561201 0.462555 0.032333 0.061674
39 0.728060 0.464758 0.033487 0.066079
15 0.470554 0.617841 0.033487 0.063877
25 0.490185 0.540749 0.033487 0.063877
24 0.449769 0.540749 0.033487 0.063877
21 0.357390 0.465859 0.033487 0.063877
22 0.777136 0.498899 0.055427 0.147577
44 0.218822 0.622247 0.045035 0.068282
45 0.229215 0.545154 0.063510 0.068282
35 0.510970 0.616740 0.033487 0.066079
58 0.306582 0.621145 0.033487 0.066079
41 0.274827 0.465859 0.034642 0.063877
19 0.368360 0.542952 0.034642 0.063877
0 0.622979 0.385463 0.033487 0.066079
1 0.254042 0.389868 0.034642 0.066079
5 0.419169 0.388767 0.034642 0.063877
49 0.219400 0.699339 0.046189 0.068282
8 0.540993 0.387665 0.033487 0.066079
20 0.767321 0.381057 0.075058 0.066079
54 0.684180 0.462555 0.033487 0.066079
38 0.643187 0.461454 0.032333 0.063877
33 0.551386 0.616740 0.033487 0.066079
2 0.295612 0.389868 0.034642 0.066079
50 0.706120 0.694934 0.035797 0.068282
13 0.275982 0.704846 0.048499 0.070485
34 0.673788 0.616740 0.033487 0.066079
47 0.475173 0.697137 0.250577 0.072687
53 0.520785 0.463656 0.032333 0.063877
7 0.500000 0.387665 0.032333 0.066079
43 0.326212 0.542952 0.033487 0.063877
42 0.398961 0.465859 0.033487 0.063877
32 0.265589 0.621145 0.034642 0.066079
26 0.738453 0.544053 0.033487 0.066079
46 0.730370 0.616740 0.065820 0.070485
48 0.663972 0.384361 0.034642 0.063877
4 0.378176 0.388767 0.033487 0.063877
40 0.633372 0.617841 0.033487 0.063877
3 0.337182 0.388767 0.034642 0.063877
37 0.653580 0.539648 0.034642 0.066079
10 0.285797 0.542952 0.033487 0.063877
36 0.602194 0.462555 0.033487 0.066079
17 0.213048 0.387665 0.033487 0.066079
