59 0.473295 0.458785 0.032955 0.062907
56 0.311932 0.460954 0.032955 0.062907
16 0.383523 0.610629 0.032955 0.062907
6 0.453409 0.383948 0.034091 0.065076
28 0.522727 0.533623 0.031818 0.065076
9 0.573295 0.382863 0.032955 0.062907
52 0.221023 0.462039 0.053409 0.065076
23 0.403409 0.535792 0.031818 0.065076
55 0.424432 0.610629 0.032955 0.062907
31 0.603977 0.533623 0.032955 0.065076
11 0.694886 0.380694 0.032955 0.062907
51 0.433523 0.459870 0.032955 0.060738
18 0.583523 0.609544 0.032955 0.065076
57 0.343750 0.612798 0.032955 0.062907
29 0.563636 0.533623 0.031818 0.065076
30 0.514773 0.503254 0.654545 0.485900
12 0.684659 0.533623 0.032955 0.065076
27 0.553409 0.457701 0.031818 0.060738
39 0.717614 0.459870 0.032955 0.065076
15 0.464205 0.610629 0.032955 0.062907
25 0.483523 0.534707 0.032955 0.062907
24 0.443750 0.534707 0.032955 0.062907
21 0.352841 0.460954 0.032955 0.062907
22 0.765909 0.493492 0.054545 0.145336
44 0.216477 0.614967 0.044318 0.067245
45 0.226705 0.539046 0.062500 0.067245
35 0.503977 0.609544 0.032955 0.065076
58 0.302841 0.613883 0.032955 0.065076
41 0.271591 0.460954 0.034091 0.062907
19 0.363636 0.536876 0.034091 0.062907
0 0.614205 0.381779 0.032955 0.065076
1 0.251136 0.386117 0.034091 0.065076
5 0.413636 0.385033 0.034091 0.062907
49 0.217045 0.690889 0.045455 0.067245
8 0.533523 0.383948 0.032955 0.065076
20 0.756250 0.377440 0.073864 0.065076
54 0.674432 0.457701 0.032955 0.065076
38 0.634091 0.456616 0.031818 0.062907
33 0.543750 0.609544 0.032955 0.065076
2 0.292045 0.386117 0.034091 0.065076
50 0.696023 0.686551 0.035227 0.067245
13 0.272727 0.696312 0.047727 0.069414
34 0.664205 0.609544 0.032955 0.065076
47 0.468750 0.688720 0.246591 0.071584
53 0.513636 0.458785 0.031818 0.062907
7 0.493182 0.383948 0.031818 0.065076
43 0.322159 0.536876 0.032955 0.062907
42 0.393750 0.460954 0.032955 0.062907
32 0.262500 0.613883 0.034091 0.065076
26 0.727841 0.537961 0.032955 0.065076
46 0.719886 0.609544 0.064773 0.069414
48 0.654545 0.380694 0.034091 0.062907
4 0.373295 0.385033 0.032955 0.062907
40 0.624432 0.610629 0.032955 0.062907
3 0.332955 0.385033 0.034091 0.062907
37 0.644318 0.533623 0.034091 0.065076
10 0.282386 0.536876 0.032955 0.062907
36 0.593750 0.457701 0.032955 0.065076
17 0.210795 0.383948 0.032955 0.065076
