21 0.315918 0.341146 0.053711 0.067708
34 0.779297 0.486328 0.052734 0.069010
27 0.617188 0.334635 0.052734 0.067708
23 0.391602 0.417969 0.052734 0.067708
33 0.602539 0.490885 0.054688 0.070312
18 0.662109 0.488932 0.052734 0.069010
26 0.904785 0.331380 0.049805 0.069010
16 0.363281 0.496094 0.054688 0.067708
22 0.884766 0.406901 0.091797 0.069010
12 0.807129 0.408854 0.051758 0.067708
2 0.226562 0.268229 0.052734 0.067708
6 0.464355 0.259766 0.053711 0.069010
47 0.482422 0.577474 0.285156 0.084635
48 0.760254 0.255859 0.051758 0.069010
10 0.213867 0.423177 0.052734 0.067708
42 0.375488 0.339844 0.053711 0.067708
45 0.133789 0.425781 0.095703 0.067708
19 0.331543 0.419922 0.053711 0.069010
38 0.734375 0.332682 0.052734 0.069010
37 0.749512 0.409505 0.051758 0.069010
54 0.791504 0.332031 0.051758 0.070312
41 0.198242 0.346354 0.054688 0.067708
59 0.496094 0.336589 0.052734 0.069010
28 0.572754 0.414062 0.053711 0.067708
43 0.272461 0.421875 0.052734 0.067708
35 0.542480 0.491536 0.053711 0.069010
4 0.344727 0.263021 0.052734 0.067708
36 0.675293 0.333984 0.053711 0.069010
13 0.299316 0.584635 0.067383 0.078125
8 0.584961 0.259115 0.052734 0.067708
44 0.151855 0.501302 0.125977 0.067708
14 0.666016 0.575521 0.072266 0.080729
11 0.818359 0.255859 0.050781 0.066406
29 0.632324 0.411458 0.051758 0.070312
9 0.645020 0.257812 0.053711 0.067708
25 0.511230 0.414714 0.053711 0.069010
15 0.482422 0.492839 0.054688 0.069010
7 0.525391 0.259766 0.054688 0.069010
58 0.244141 0.500000 0.052734 0.067708
5 0.404297 0.261719 0.052734 0.067708
3 0.286133 0.265625 0.054688 0.067708
24 0.451660 0.416016 0.053711 0.069010
1 0.168457 0.270833 0.049805 0.067708
56 0.256348 0.343099 0.053711 0.069010
39 0.848145 0.331380 0.051758 0.069010
55 0.422852 0.494141 0.054688 0.069010
49 0.174805 0.584635 0.054688 0.078125
17 0.110352 0.272786 0.050781 0.066406
51 0.435547 0.337891 0.052734 0.069010
0 0.704102 0.256510 0.052734 0.067708
31 0.692383 0.410807 0.052734 0.069010
46 0.871582 0.483073 0.122070 0.070312
20 0.889648 0.255859 0.078125 0.066406
52 0.125977 0.348307 0.082031 0.069010
30 0.506348 0.394531 0.889648 0.528646
32 0.729980 0.571615 0.055664 0.080729
40 0.722168 0.487630 0.053711 0.069010
57 0.304199 0.498698 0.053711 0.067708
53 0.556152 0.335938 0.053711 0.070312
