3 0.277328 0.343076 0.049933 0.047662
38 0.647099 0.403327 0.047233 0.047662
58 0.217949 0.503147 0.055331 0.056655
23 0.358637 0.449191 0.049258 0.053058
46 0.782726 0.514388 0.118758 0.055755
37 0.666329 0.456385 0.050607 0.053058
19 0.305331 0.448741 0.051957 0.053957
18 0.594130 0.510342 0.051957 0.054856
17 0.125506 0.339029 0.052632 0.046763
32 0.162281 0.502248 0.057355 0.056655
28 0.513158 0.453237 0.047908 0.052158
56 0.245277 0.392536 0.050607 0.051259
15 0.435897 0.507644 0.051282 0.054856
36 0.597503 0.402428 0.047908 0.049460
10 0.198381 0.445144 0.053981 0.053957
35 0.489204 0.508993 0.051282 0.055755
27 0.547908 0.401079 0.045884 0.048561
8 0.521592 0.351619 0.045884 0.046763
21 0.296896 0.393885 0.051282 0.050360
45 0.124831 0.443345 0.097166 0.053957
57 0.273279 0.504047 0.053981 0.056655
13 0.196019 0.566097 0.060054 0.062050
0 0.618084 0.353417 0.047233 0.046763
53 0.498988 0.400629 0.046559 0.049460
14 0.667679 0.573291 0.056005 0.060252
44 0.098178 0.500899 0.076248 0.059353
33 0.541498 0.509892 0.051957 0.055755
24 0.409919 0.450989 0.049258 0.053058
30 0.456815 0.454586 0.835358 0.324640
59 0.449393 0.398831 0.047233 0.049460
20 0.771592 0.357014 0.069501 0.044964
1 0.176788 0.339478 0.051282 0.047662
26 0.766869 0.457734 0.051957 0.052158
31 0.615047 0.455036 0.049258 0.052158
55 0.382591 0.506745 0.052632 0.056655
6 0.425101 0.348471 0.047233 0.047662
22 0.800270 0.433004 0.064777 0.103417
54 0.697031 0.404227 0.048583 0.049460
49 0.138327 0.564299 0.063428 0.063849
41 0.193657 0.391637 0.053981 0.051259
40 0.647099 0.510791 0.052632 0.053957
47 0.433198 0.569245 0.275304 0.061151
25 0.461538 0.452338 0.048583 0.052158
16 0.328273 0.505845 0.054656 0.056655
4 0.326923 0.344874 0.047908 0.047662
11 0.712551 0.354766 0.047233 0.045863
12 0.717274 0.456835 0.051282 0.052158
42 0.348516 0.396583 0.049258 0.050360
51 0.399123 0.397032 0.046559 0.049460
52 0.128543 0.389838 0.081646 0.051259
7 0.473684 0.349820 0.045884 0.046763
29 0.564103 0.454137 0.048583 0.052158
2 0.227395 0.342176 0.049933 0.047662
48 0.665655 0.354317 0.047908 0.046763
5 0.376518 0.347122 0.047233 0.048561
39 0.744602 0.404676 0.049258 0.048561
34 0.699055 0.512140 0.052632 0.054856
43 0.251687 0.446942 0.053981 0.053957
9 0.569501 0.352518 0.047233 0.046763
