21 0.172481 0.466743 0.027132 0.061927
17 0.051680 0.397936 0.025840 0.061927
28 0.330749 0.543578 0.028424 0.059633
38 0.441214 0.472477 0.029716 0.055046
10 0.106589 0.534404 0.034884 0.059633
39 0.520672 0.478211 0.031008 0.061927
55 0.235142 0.607798 0.028424 0.055046
31 0.410853 0.545872 0.028424 0.059633
52 0.059432 0.465596 0.041344 0.055046
0 0.421189 0.400229 0.031008 0.066514
49 0.056848 0.668578 0.041344 0.057339
32 0.091085 0.603211 0.027132 0.059633
40 0.428941 0.620413 0.031008 0.057339
20 0.566537 0.399083 0.073643 0.064220
19 0.180879 0.537844 0.025840 0.057339
14 0.412791 0.691514 0.040052 0.057339
30 0.505814 0.526376 0.970284 0.621560
57 0.161499 0.603211 0.025840 0.055046
48 0.461240 0.400229 0.031008 0.066514
36 0.401163 0.471330 0.029716 0.057339
16 0.198320 0.606651 0.027132 0.057339
29 0.370155 0.542431 0.029716 0.057339
15 0.272610 0.611239 0.028424 0.061927
1 0.084625 0.396789 0.027132 0.059633
5 0.227390 0.396789 0.028424 0.059633
27 0.361757 0.471330 0.028424 0.057339
3 0.155039 0.396789 0.028424 0.059633
25 0.292636 0.541284 0.027132 0.059633
23 0.217700 0.536697 0.027132 0.059633
6 0.265504 0.397936 0.029716 0.061927
22 0.575581 0.516055 0.052972 0.142202
53 0.322351 0.472477 0.027132 0.059633
45 0.060078 0.536697 0.045220 0.059633
26 0.532300 0.551606 0.031008 0.061927
7 0.302972 0.397936 0.029716 0.061927
4 0.189922 0.397936 0.028424 0.061927
12 0.490956 0.549312 0.031008 0.057339
24 0.254522 0.538991 0.028424 0.055046
33 0.350129 0.614679 0.028424 0.059633
42 0.208010 0.465596 0.028424 0.059633
37 0.450258 0.548165 0.029716 0.059633
11 0.501292 0.400229 0.031008 0.061927
54 0.481266 0.475917 0.029716 0.061927
43 0.144703 0.535550 0.025840 0.057339
56 0.136305 0.465596 0.027132 0.059633
8 0.341085 0.399083 0.031008 0.064220
35 0.311370 0.612385 0.028424 0.059633
59 0.284238 0.469037 0.028424 0.057339
44 0.052972 0.604358 0.033592 0.052752
50 0.572351 0.706422 0.056848 0.064220
34 0.468992 0.622706 0.031008 0.061927
18 0.388889 0.619266 0.028424 0.059633
13 0.146641 0.673165 0.034884 0.057339
41 0.100775 0.464450 0.028424 0.057339
58 0.126615 0.603211 0.025840 0.055046
47 0.279716 0.684633 0.210594 0.075688
51 0.246124 0.466743 0.027132 0.057339
46 0.547158 0.626147 0.104651 0.064220
2 0.118863 0.396789 0.028424 0.059633
9 0.381137 0.399083 0.031008 0.064220
