2 0.210897 0.394977 0.032051 0.063927
32 0.186538 0.615297 0.042308 0.070776
16 0.310897 0.614155 0.034615 0.068493
29 0.498077 0.541096 0.034615 0.068493
25 0.415385 0.541096 0.033333 0.068493
51 0.362821 0.465753 0.033333 0.068493
38 0.569872 0.465753 0.037179 0.068493
37 0.579487 0.541096 0.035897 0.068493
21 0.278846 0.466895 0.034615 0.070776
7 0.424359 0.394977 0.033333 0.063927
56 0.236538 0.465753 0.034615 0.068493
12 0.621154 0.541096 0.037179 0.068493
34 0.600000 0.611872 0.035897 0.063927
41 0.192308 0.466895 0.035897 0.066210
20 0.697436 0.389269 0.076923 0.061644
55 0.352564 0.613014 0.033333 0.066210
33 0.476923 0.613014 0.035897 0.070776
14 0.553846 0.682648 0.046154 0.068493
15 0.394872 0.613014 0.035897 0.066210
48 0.591667 0.394977 0.034615 0.063927
42 0.321154 0.468037 0.034615 0.068493
9 0.508333 0.393836 0.034615 0.066210
31 0.538462 0.539954 0.033333 0.070776
5 0.340385 0.393836 0.034615 0.066210
18 0.518590 0.613014 0.034615 0.066210
43 0.246154 0.541096 0.030769 0.068493
58 0.225641 0.615297 0.030769 0.066210
59 0.404487 0.466895 0.032051 0.066210
47 0.397436 0.687215 0.258974 0.068493
57 0.267949 0.614155 0.033333 0.068493
19 0.289103 0.541096 0.032051 0.068493
50 0.711538 0.687215 0.048718 0.068493
27 0.487179 0.466895 0.033333 0.066210
35 0.435897 0.613014 0.033333 0.066210
45 0.145513 0.541096 0.062821 0.063927
44 0.135256 0.615297 0.042308 0.061644
49 0.133974 0.689498 0.044872 0.059361
46 0.678846 0.610731 0.108974 0.066210
8 0.466026 0.394977 0.034615 0.063927
6 0.383333 0.393836 0.033333 0.066210
30 0.495513 0.498858 0.793590 0.531963
10 0.205128 0.541096 0.038462 0.068493
3 0.253846 0.393836 0.033333 0.066210
23 0.331410 0.541096 0.032051 0.068493
39 0.651282 0.468037 0.038462 0.068493
1 0.169231 0.392694 0.030769 0.063927
52 0.137821 0.464612 0.052564 0.066210
17 0.126282 0.391553 0.032051 0.066210
40 0.559615 0.611872 0.034615 0.063927
36 0.528846 0.466895 0.034615 0.066210
4 0.297436 0.392694 0.030769 0.063927
26 0.661538 0.539954 0.038462 0.070776
13 0.240385 0.684932 0.044872 0.068493
53 0.446154 0.466895 0.033333 0.066210
28 0.455128 0.539954 0.033333 0.070776
54 0.611538 0.468037 0.035897 0.068493
0 0.549359 0.394977 0.034615 0.063927
24 0.373718 0.539954 0.034615 0.070776
11 0.632692 0.392694 0.034615 0.063927
22 0.705128 0.502283 0.058974 0.141553
