10 0.083979 0.577398 0.059432 0.029797
30 0.487080 0.574855 0.971576 0.190407
32 0.718992 0.647166 0.065891 0.034157
21 0.200904 0.547965 0.055556 0.027616
41 0.080103 0.548328 0.059432 0.026890
56 0.141473 0.547965 0.058140 0.027616
48 0.656977 0.520349 0.055556 0.026163
38 0.629199 0.548692 0.054264 0.027616
42 0.262274 0.547965 0.054264 0.027616
12 0.711886 0.578852 0.059432 0.029797
7 0.417313 0.520349 0.051680 0.026163
11 0.719638 0.521076 0.054264 0.026163
26 0.825581 0.549419 0.072351 0.029070
13 0.174419 0.641352 0.098191 0.034157
9 0.535530 0.520349 0.052972 0.026163
35 0.422481 0.608285 0.059432 0.030523
5 0.297804 0.520349 0.052972 0.026163
2 0.120801 0.521076 0.055556 0.026163
23 0.269380 0.577035 0.055556 0.029070
16 0.231912 0.607922 0.060724 0.029797
51 0.322997 0.547965 0.054264 0.027616
45 0.026486 0.577035 0.050388 0.029070
43 0.145995 0.577398 0.059432 0.029797
24 0.331395 0.577035 0.055556 0.029070
14 0.632429 0.642805 0.096899 0.034157
31 0.582041 0.577762 0.055556 0.029070
58 0.105297 0.607195 0.060724 0.029797
8 0.476098 0.520349 0.052972 0.026163
46 0.796512 0.610465 0.158915 0.031977
25 0.393411 0.577398 0.055556 0.029797
44 0.037468 0.606468 0.072351 0.031250
59 0.383075 0.548328 0.055556 0.026890
57 0.167959 0.607558 0.059432 0.030523
15 0.358527 0.607558 0.060724 0.030523
20 0.804264 0.520712 0.099483 0.026890
55 0.295866 0.608285 0.059432 0.030523
28 0.456072 0.577398 0.054264 0.029797
22 0.810078 0.579215 0.124031 0.030523
3 0.179587 0.520349 0.054264 0.026163
52 0.025194 0.547965 0.047804 0.027616
34 0.680879 0.610102 0.059432 0.029797
17 0.016796 0.521076 0.031008 0.024709
40 0.616279 0.609375 0.056848 0.029797
36 0.566537 0.548328 0.055556 0.026890
39 0.755168 0.549419 0.058140 0.027616
54 0.691860 0.549055 0.058140 0.028343
27 0.505168 0.548328 0.051680 0.026890
6 0.357235 0.520349 0.052972 0.026163
33 0.486434 0.607922 0.058140 0.031250
18 0.550388 0.608648 0.056848 0.029797
49 0.019380 0.640625 0.036176 0.032703
37 0.646641 0.578488 0.058140 0.029070
53 0.443798 0.547965 0.055556 0.027616
1 0.062016 0.520349 0.056848 0.026163
47 0.402455 0.641715 0.352713 0.034884
29 0.519380 0.578125 0.056848 0.029797
19 0.207364 0.577398 0.058140 0.029797
0 0.596253 0.520349 0.052972 0.026163
4 0.239018 0.520349 0.054264 0.026163
