21 0.305176 0.497396 0.034180 0.036458
22 0.620605 0.458333 0.065430 0.039062
0 0.505371 0.417969 0.032227 0.028646
26 0.618164 0.425130 0.042969 0.032552
30 0.529785 0.505859 0.840820 0.490885
46 0.606934 0.497396 0.036133 0.033854
36 0.500000 0.452474 0.031250 0.032552
10 0.247070 0.550130 0.037109 0.037760
5 0.351562 0.451172 0.033203 0.032552
8 0.446777 0.430990 0.032227 0.031250
6 0.384277 0.444010 0.032227 0.031250
37 0.548828 0.475260 0.033203 0.031250
56 0.268555 0.505208 0.035156 0.036458
19 0.322754 0.531901 0.036133 0.037760
33 0.483887 0.528646 0.034180 0.036458
25 0.425293 0.505859 0.034180 0.035156
29 0.488281 0.490234 0.033203 0.032552
31 0.519043 0.482422 0.032227 0.032552
13 0.291016 0.625000 0.039062 0.044271
18 0.515137 0.520833 0.034180 0.033854
51 0.375000 0.481120 0.033203 0.035156
58 0.273438 0.585286 0.037109 0.040365
34 0.575195 0.504557 0.033203 0.032552
2 0.245605 0.472656 0.034180 0.033854
15 0.418945 0.546224 0.035156 0.037760
53 0.439941 0.466797 0.032227 0.032552
3 0.283691 0.468750 0.034180 0.033854
32 0.366699 0.602865 0.038086 0.041667
59 0.407715 0.473307 0.032227 0.032552
38 0.529297 0.445964 0.031250 0.029948
40 0.545410 0.512370 0.034180 0.032552
14 0.534668 0.554688 0.036133 0.036458
17 0.330566 0.615885 0.038086 0.041667
27 0.470215 0.459635 0.032227 0.031250
41 0.230957 0.514974 0.036133 0.037760
52 0.191895 0.523438 0.036133 0.036458
9 0.476074 0.424479 0.032227 0.031250
7 0.416016 0.437500 0.033203 0.031250
1 0.201172 0.488281 0.056641 0.039062
44 0.219727 0.600911 0.070312 0.050781
4 0.316406 0.457682 0.033203 0.032552
39 0.585449 0.432292 0.032227 0.031250
55 0.384766 0.555339 0.035156 0.037760
35 0.452148 0.537760 0.035156 0.036458
24 0.392090 0.514323 0.034180 0.036458
20 0.599121 0.397786 0.055664 0.032552
28 0.457520 0.498698 0.032227 0.033854
47 0.453613 0.580078 0.139648 0.071615
43 0.285156 0.541016 0.037109 0.037760
48 0.535645 0.415365 0.032227 0.028646
54 0.557617 0.438802 0.031250 0.031250
16 0.348633 0.565755 0.035156 0.037760
45 0.202637 0.562500 0.047852 0.041667
49 0.230469 0.641927 0.082031 0.057292
12 0.577148 0.468750 0.033203 0.031250
11 0.561523 0.405599 0.031250 0.027344
23 0.357910 0.522135 0.034180 0.036458
57 0.312012 0.574870 0.036133 0.040365
42 0.340332 0.489583 0.034180 0.033854
