33 0.496853 0.690958 0.047662 0.024291
16 0.293165 0.687922 0.052158 0.024966
37 0.625899 0.669028 0.044964 0.020918
36 0.563399 0.645074 0.042266 0.018893
11 0.681205 0.625843 0.042266 0.018219
48 0.634892 0.625843 0.041367 0.018219
18 0.549011 0.692308 0.047662 0.022942
22 0.781025 0.658232 0.085432 0.042510
25 0.427608 0.664980 0.045863 0.022267
57 0.243255 0.687247 0.051259 0.024966
32 0.147932 0.686572 0.051259 0.023617
19 0.283273 0.663968 0.048561 0.021592
50 0.656924 0.723347 0.051259 0.031039
10 0.188849 0.663293 0.050360 0.021592
52 0.146583 0.641026 0.059353 0.018893
35 0.444245 0.689609 0.048561 0.024291
49 0.077788 0.718286 0.062050 0.033063
40 0.601169 0.692982 0.047662 0.021592
27 0.516637 0.644062 0.042266 0.019568
4 0.319694 0.622132 0.042266 0.018893
59 0.422662 0.643050 0.043165 0.020243
45 0.133543 0.662618 0.074640 0.021592
21 0.285072 0.642375 0.046763 0.020243
15 0.393435 0.688934 0.049460 0.024291
38 0.611511 0.646424 0.043165 0.018893
26 0.730216 0.669028 0.052158 0.020918
51 0.376799 0.642375 0.043165 0.020243
20 0.754496 0.626181 0.100719 0.017544
14 0.546313 0.721323 0.049460 0.032389
41 0.194245 0.641700 0.048561 0.020243
1 0.190198 0.622470 0.044065 0.018219
56 0.239209 0.641700 0.044964 0.020243
3 0.275629 0.622132 0.045863 0.020243
46 0.759892 0.694332 0.152878 0.024291
31 0.575090 0.668016 0.044065 0.021592
30 0.515288 0.672065 0.971223 0.164642
53 0.469874 0.643725 0.042266 0.020243
6 0.408273 0.622807 0.041367 0.018893
13 0.224371 0.716937 0.062050 0.033063
5 0.363759 0.622132 0.042266 0.018893
43 0.236061 0.663630 0.049460 0.022267
8 0.498651 0.624157 0.042266 0.017544
29 0.525629 0.667004 0.044065 0.020918
2 0.232914 0.622470 0.046763 0.018219
39 0.709083 0.646424 0.047662 0.020243
34 0.653777 0.693995 0.048561 0.022267
28 0.475719 0.665655 0.044964 0.022267
7 0.453237 0.624157 0.041367 0.017544
0 0.588579 0.625506 0.042266 0.017544
44 0.102968 0.686235 0.058453 0.021592
54 0.659622 0.646086 0.042266 0.019568
12 0.676259 0.669366 0.044964 0.021592
58 0.194694 0.686910 0.053058 0.024291
55 0.343076 0.688259 0.049460 0.024291
24 0.378597 0.664642 0.044964 0.021592
23 0.330935 0.664305 0.046763 0.022267
47 0.383993 0.718961 0.266187 0.034413
17 0.153777 0.622132 0.035971 0.017544
9 0.543615 0.624494 0.040468 0.018219
42 0.330935 0.642375 0.044964 0.020243
