1 0.237121 0.510621 0.046970 0.050654
23 0.419697 0.612745 0.045455 0.049020
25 0.516667 0.612745 0.045455 0.049020
41 0.262121 0.562092 0.048485 0.049020
27 0.601515 0.561275 0.045455 0.047386
51 0.456061 0.562092 0.045455 0.049020
20 0.833333 0.511438 0.069697 0.049020
9 0.626515 0.511438 0.046970 0.049020
56 0.310606 0.562092 0.048485 0.049020
33 0.590152 0.664216 0.046970 0.050654
8 0.578030 0.512255 0.046970 0.050654
31 0.662879 0.612745 0.046970 0.049020
53 0.553788 0.562092 0.046970 0.049020
58 0.299242 0.665033 0.046970 0.049020
38 0.698485 0.562092 0.045455 0.049020
52 0.200758 0.562092 0.071212 0.049020
4 0.384091 0.510621 0.046970 0.050654
10 0.274242 0.613562 0.045455 0.050654
59 0.505303 0.562092 0.046970 0.049020
29 0.613636 0.612745 0.045455 0.049020
47 0.493182 0.716503 0.240909 0.050654
46 0.815909 0.664216 0.107576 0.050654
19 0.371212 0.613562 0.048485 0.050654
42 0.408333 0.562092 0.046970 0.049020
49 0.239394 0.716503 0.048485 0.050654
40 0.687121 0.663399 0.046970 0.049020
5 0.431818 0.511438 0.048485 0.049020
18 0.638636 0.663399 0.046970 0.049020
12 0.759848 0.612745 0.046970 0.049020
32 0.250000 0.664216 0.048485 0.050654
35 0.540909 0.664216 0.048485 0.050654
0 0.675000 0.512255 0.046970 0.050654
26 0.808333 0.612745 0.046970 0.049020
2 0.286364 0.512255 0.048485 0.050654
36 0.650758 0.562092 0.046970 0.049020
6 0.481061 0.510621 0.046970 0.050654
39 0.796970 0.562092 0.045455 0.049020
34 0.735606 0.663399 0.046970 0.049020
28 0.565152 0.612745 0.045455 0.049020
37 0.711364 0.612745 0.046970 0.049020
24 0.468182 0.612745 0.045455 0.049020
44 0.194697 0.665033 0.059091 0.049020
30 0.521212 0.598039 0.733333 0.303922
7 0.529545 0.512255 0.046970 0.050654
55 0.443939 0.664216 0.048485 0.050654
57 0.347727 0.664216 0.046970 0.050654
22 0.846212 0.588235 0.046970 0.101307
45 0.207576 0.613562 0.081818 0.050654
54 0.747727 0.562092 0.046970 0.049020
48 0.724242 0.511438 0.045455 0.049020
43 0.322727 0.614379 0.045455 0.049020
13 0.287879 0.716503 0.048485 0.050654
15 0.492424 0.664216 0.048485 0.050654
11 0.771970 0.510621 0.043939 0.047386
14 0.698485 0.715686 0.048485 0.052288
21 0.359091 0.562092 0.048485 0.049020
3 0.334848 0.511438 0.048485 0.052288
17 0.188636 0.511438 0.046970 0.049020
16 0.395455 0.664216 0.048485 0.050654
