24 0.374725 0.700147 0.026374 0.033724
29 0.473077 0.700880 0.027473 0.035191
41 0.242308 0.664956 0.029670 0.033724
10 0.243407 0.703812 0.029670 0.035191
23 0.342308 0.702346 0.027473 0.035191
54 0.561538 0.662757 0.028571 0.035191
38 0.530220 0.663490 0.027473 0.033724
31 0.505495 0.700880 0.028571 0.035191
17 0.199451 0.628299 0.029670 0.030792
27 0.467033 0.662757 0.026374 0.032258
57 0.289011 0.744135 0.028571 0.036657
34 0.554945 0.741202 0.028571 0.036657
25 0.407692 0.699413 0.028571 0.032258
59 0.403846 0.662757 0.027473 0.032258
44 0.182967 0.745601 0.038462 0.036657
45 0.198901 0.703812 0.054945 0.035191
50 0.524176 0.784457 0.028571 0.038123
15 0.389011 0.742669 0.028571 0.033724
26 0.602198 0.700147 0.028571 0.036657
12 0.570330 0.700880 0.028571 0.035191
32 0.220879 0.744868 0.030769 0.038123
22 0.626374 0.684018 0.032967 0.071848
48 0.543956 0.626100 0.028571 0.032258
35 0.421978 0.741202 0.028571 0.036657
19 0.309890 0.702346 0.028571 0.035191
42 0.339011 0.662757 0.027473 0.035191
4 0.326923 0.626833 0.027473 0.033724
55 0.355495 0.742669 0.027473 0.036657
3 0.296154 0.627566 0.029670 0.032258
18 0.488462 0.741202 0.027473 0.036657
5 0.358791 0.627566 0.027473 0.032258
2 0.264835 0.627566 0.028571 0.032258
7 0.421429 0.626833 0.027473 0.033724
49 0.175824 0.787390 0.041758 0.038123
13 0.284066 0.786657 0.029670 0.039589
30 0.471978 0.705279 0.658242 0.263930
6 0.389560 0.626100 0.027473 0.032258
39 0.593956 0.662757 0.027473 0.035191
53 0.435165 0.662757 0.026374 0.035191
33 0.455495 0.741935 0.029670 0.038123
11 0.575275 0.626100 0.027473 0.032258
56 0.274725 0.663490 0.028571 0.033724
1 0.232418 0.627566 0.029670 0.032258
0 0.513187 0.626100 0.026374 0.032258
20 0.615385 0.626100 0.041758 0.032258
28 0.440659 0.700880 0.026374 0.035191
52 0.201099 0.664956 0.046154 0.033724
46 0.612088 0.741202 0.074725 0.036657
8 0.452198 0.626833 0.027473 0.033724
47 0.386813 0.785191 0.164835 0.039589
16 0.321978 0.742669 0.028571 0.036657
51 0.371429 0.662757 0.026374 0.032258
21 0.307692 0.664223 0.028571 0.035191
40 0.521978 0.741935 0.028571 0.035191
9 0.482967 0.626100 0.027473 0.032258
14 0.489560 0.784457 0.029670 0.038123
43 0.276923 0.703079 0.028571 0.033724
37 0.537912 0.702346 0.027473 0.035191
58 0.254396 0.744135 0.029670 0.036657
36 0.498901 0.663490 0.028571 0.033724
