12 0.538125 0.530625 0.038750 0.038750
22 0.608125 0.530000 0.091250 0.040000
36 0.443125 0.488125 0.038750 0.038750
17 0.040625 0.446250 0.038750 0.037500
7 0.336875 0.445625 0.038750 0.038750
21 0.189375 0.488125 0.038750 0.038750
16 0.221250 0.573125 0.040000 0.038750
2 0.125000 0.446250 0.037500 0.037500
49 0.051250 0.615000 0.062500 0.040000
8 0.379375 0.445625 0.038750 0.038750
9 0.421875 0.445625 0.038750 0.038750
55 0.263750 0.573125 0.040000 0.038750
6 0.295000 0.445625 0.040000 0.038750
41 0.104375 0.488125 0.038750 0.038750
1 0.083750 0.446250 0.037500 0.037500
11 0.548750 0.445625 0.037500 0.038750
37 0.496875 0.530625 0.038750 0.038750
15 0.305625 0.573125 0.038750 0.038750
32 0.625000 0.616250 0.062500 0.040000
40 0.475625 0.572500 0.038750 0.037500
38 0.485625 0.488125 0.038750 0.038750
14 0.469375 0.615625 0.048750 0.038750
25 0.326875 0.530625 0.038750 0.038750
52 0.051250 0.488125 0.060000 0.038750
48 0.506250 0.445625 0.037500 0.038750
5 0.251875 0.445625 0.038750 0.038750
19 0.199375 0.530625 0.038750 0.038750
34 0.517500 0.573125 0.040000 0.038750
45 0.056250 0.530625 0.070000 0.038750
31 0.453125 0.530625 0.038750 0.038750
35 0.348125 0.573125 0.038750 0.038750
33 0.390000 0.573125 0.040000 0.038750
53 0.358125 0.488125 0.038750 0.038750
4 0.210000 0.445625 0.037500 0.038750
13 0.151250 0.615000 0.050000 0.040000
57 0.179375 0.573125 0.038750 0.038750
0 0.463750 0.445625 0.040000 0.038750
29 0.411250 0.530625 0.037500 0.038750
27 0.400625 0.487500 0.038750 0.037500
24 0.284375 0.530625 0.038750 0.038750
47 0.310625 0.615625 0.261250 0.038750
51 0.273750 0.488125 0.037500 0.038750
23 0.241875 0.530625 0.038750 0.038750
28 0.368750 0.530625 0.037500 0.038750
56 0.146875 0.488125 0.038750 0.038750
59 0.316250 0.488125 0.040000 0.038750
42 0.230625 0.488125 0.038750 0.038750
43 0.156875 0.530625 0.038750 0.038750
44 0.066875 0.572500 0.088750 0.040000
39 0.570625 0.488125 0.038750 0.038750
30 0.496875 0.508125 0.986250 0.303750
10 0.115000 0.530625 0.037500 0.038750
54 0.528125 0.488125 0.038750 0.038750
58 0.136875 0.573125 0.038750 0.038750
18 0.433125 0.573125 0.038750 0.038750
3 0.166875 0.445625 0.038750 0.038750
26 0.623750 0.488125 0.060000 0.038750
20 0.612500 0.445000 0.080000 0.040000
46 0.598125 0.572500 0.113750 0.040000
