24 0.377530 0.662320 0.053306 0.051259
34 0.723684 0.726169 0.058704 0.056655
17 0.054993 0.547212 0.051957 0.045863
59 0.427800 0.603867 0.052632 0.049460
33 0.531377 0.726619 0.056005 0.057554
29 0.563090 0.663219 0.054656 0.053058
14 0.596491 0.792266 0.058030 0.059353
23 0.316802 0.662320 0.053306 0.051259
1 0.112348 0.546763 0.051957 0.046763
57 0.216937 0.723022 0.056005 0.055755
58 0.154858 0.722122 0.056005 0.055755
56 0.188259 0.602518 0.053981 0.050360
41 0.129892 0.602068 0.056005 0.051259
39 0.793522 0.602968 0.053981 0.051259
49 0.025641 0.785971 0.049933 0.061151
30 0.487517 0.663219 0.973684 0.416367
27 0.548246 0.603867 0.053306 0.049460
28 0.501350 0.663219 0.052632 0.053058
53 0.487179 0.604317 0.052632 0.050360
54 0.731781 0.603867 0.054656 0.053058
15 0.405196 0.724820 0.056005 0.055755
43 0.195007 0.660971 0.055331 0.052158
35 0.468286 0.725719 0.055331 0.055755
3 0.226721 0.546763 0.052632 0.044964
47 0.402159 0.792716 0.319838 0.062050
21 0.248313 0.603417 0.053981 0.048561
2 0.169703 0.546763 0.053306 0.046763
25 0.439609 0.662770 0.053306 0.052158
44 0.031377 0.721673 0.061404 0.054856
13 0.208165 0.788669 0.060054 0.059353
52 0.057692 0.601619 0.084345 0.050360
26 0.814777 0.663669 0.054656 0.053957
48 0.697368 0.546313 0.051957 0.047662
51 0.367409 0.603417 0.051957 0.048561
42 0.307692 0.603417 0.052632 0.048561
8 0.518556 0.548112 0.051957 0.047662
40 0.659582 0.726169 0.057355 0.054856
31 0.626181 0.663219 0.053981 0.053058
18 0.595142 0.725719 0.055331 0.055755
6 0.401147 0.548112 0.051957 0.045863
50 0.728408 0.792716 0.058704 0.060252
19 0.255061 0.661871 0.053981 0.052158
22 0.877193 0.634892 0.098516 0.116906
0 0.637989 0.546763 0.053306 0.048561
36 0.608637 0.604317 0.053981 0.050360
9 0.578273 0.547662 0.053981 0.048561
37 0.688259 0.663219 0.053981 0.053058
55 0.342105 0.724371 0.053981 0.054856
5 0.342443 0.546763 0.050607 0.046763
46 0.845816 0.726619 0.174764 0.059353
16 0.279352 0.723022 0.055331 0.055755
45 0.052294 0.659622 0.101889 0.053058
7 0.460189 0.548112 0.051282 0.047662
12 0.752024 0.663219 0.056005 0.053058
4 0.285088 0.547212 0.050607 0.045863
10 0.134953 0.660522 0.055331 0.051259
38 0.670040 0.603417 0.053981 0.050360
11 0.758097 0.545414 0.050607 0.047662
20 0.848178 0.545863 0.113360 0.048561
32 0.093455 0.721223 0.057355 0.053957
