10 0.143777 0.747945 0.053648 0.071233
8 0.531652 0.592466 0.054721 0.072603
45 0.059549 0.745890 0.099785 0.072603
23 0.328863 0.748630 0.054721 0.069863
49 0.046137 0.902055 0.070815 0.069863
35 0.483369 0.826027 0.054721 0.071233
52 0.050966 0.669178 0.082618 0.072603
55 0.359442 0.826027 0.053648 0.071233
7 0.469957 0.592466 0.055794 0.072603
51 0.374464 0.670548 0.053648 0.069863
56 0.187768 0.669178 0.053648 0.072603
57 0.236052 0.826027 0.053648 0.071233
1 0.096030 0.591781 0.052575 0.071233
44 0.045064 0.823973 0.068670 0.072603
16 0.298820 0.826712 0.054721 0.069863
47 0.438305 0.904110 0.331545 0.071233
17 0.034335 0.589726 0.051502 0.072603
14 0.637876 0.901370 0.054721 0.071233
6 0.406116 0.591781 0.054721 0.071233
11 0.777897 0.588356 0.053648 0.069863
46 0.812232 0.820548 0.096567 0.071233
12 0.760730 0.745890 0.053648 0.069863
18 0.606760 0.826027 0.054721 0.071233
48 0.717275 0.589726 0.054721 0.072603
20 0.869099 0.587671 0.113734 0.071233
33 0.545064 0.826027 0.057940 0.071233
25 0.451717 0.748630 0.053648 0.069863
58 0.175966 0.825342 0.053648 0.069863
13 0.237124 0.904110 0.053648 0.068493
54 0.746781 0.668493 0.055794 0.073973
27 0.561695 0.669863 0.054721 0.071233
0 0.656116 0.590411 0.054721 0.073973
32 0.115343 0.826027 0.054721 0.071233
53 0.498927 0.669863 0.055794 0.071233
4 0.281116 0.591781 0.053648 0.071233
41 0.127146 0.670548 0.054721 0.072603
59 0.437232 0.670548 0.054721 0.072603
24 0.389485 0.747945 0.053648 0.071233
42 0.312768 0.671233 0.054721 0.071233
22 0.881974 0.705479 0.081545 0.145205
29 0.576717 0.747945 0.054721 0.071233
26 0.821352 0.744521 0.052575 0.069863
2 0.157725 0.591781 0.053648 0.071233
3 0.218884 0.591781 0.055794 0.071233
37 0.699571 0.746575 0.053648 0.071233
15 0.421674 0.826027 0.055794 0.071233
28 0.515021 0.747945 0.053648 0.071233
9 0.593348 0.591096 0.055794 0.072603
31 0.638412 0.746575 0.053648 0.071233
30 0.500536 0.715753 0.998927 0.491781
40 0.668991 0.823973 0.054721 0.069863
39 0.807403 0.667123 0.054721 0.071233
50 0.765558 0.899315 0.071888 0.069863
21 0.251073 0.671233 0.055794 0.071233
34 0.730150 0.823288 0.054721 0.068493
19 0.266094 0.747945 0.053648 0.071233
36 0.622854 0.669178 0.054721 0.069863
5 0.342811 0.591781 0.054721 0.071233
43 0.204936 0.748630 0.053648 0.069863
38 0.685086 0.667808 0.054721 0.069863
