36 0.572500 0.324661 0.035000 0.038462
6 0.435000 0.282805 0.033333 0.040724
58 0.264167 0.415158 0.038333 0.042986
40 0.606667 0.419683 0.036667 0.042986
4 0.352500 0.281674 0.035000 0.038462
35 0.479167 0.418552 0.038333 0.040724
56 0.287500 0.321267 0.038333 0.040724
22 0.750000 0.349548 0.063333 0.083710
11 0.672500 0.281674 0.035000 0.038462
5 0.392500 0.282805 0.035000 0.040724
19 0.331667 0.367647 0.036667 0.042986
3 0.312500 0.280543 0.035000 0.040724
23 0.375000 0.368778 0.036667 0.040724
37 0.625833 0.372172 0.035000 0.042986
2 0.270833 0.278281 0.038333 0.040724
52 0.195000 0.320136 0.056667 0.042986
13 0.305833 0.471719 0.038333 0.056561
48 0.631667 0.281674 0.033333 0.038462
47 0.435000 0.472851 0.213333 0.058824
32 0.224167 0.418552 0.041667 0.045249
41 0.247500 0.321267 0.038333 0.040724
29 0.543333 0.371041 0.036667 0.040724
44 0.171667 0.412896 0.050000 0.042986
0 0.590833 0.280543 0.035000 0.040724
51 0.412500 0.325792 0.035000 0.036199
33 0.520833 0.418552 0.038333 0.045249
8 0.510833 0.281674 0.035000 0.038462
1 0.230000 0.277149 0.036667 0.038462
28 0.500833 0.371041 0.035000 0.040724
45 0.189167 0.365385 0.068333 0.042986
53 0.493333 0.328054 0.036667 0.040724
25 0.459167 0.371041 0.035000 0.040724
27 0.531667 0.324661 0.036667 0.038462
12 0.668333 0.373303 0.036667 0.040724
14 0.570000 0.476244 0.040000 0.056561
30 0.463333 0.360860 0.676667 0.319005
59 0.452500 0.328054 0.035000 0.040724
38 0.615833 0.330317 0.035000 0.040724
43 0.290000 0.367647 0.036667 0.042986
34 0.649167 0.418552 0.038333 0.045249
18 0.565000 0.419683 0.036667 0.042986
16 0.350833 0.417421 0.038333 0.042986
21 0.330833 0.324661 0.035000 0.038462
54 0.654167 0.326923 0.035000 0.038462
26 0.710000 0.372172 0.036667 0.042986
49 0.165833 0.472851 0.055000 0.058824
50 0.656667 0.478507 0.040000 0.056561
55 0.393333 0.417421 0.036667 0.042986
9 0.550833 0.280543 0.035000 0.040724
10 0.247500 0.366516 0.038333 0.040724
15 0.436667 0.417421 0.036667 0.042986
20 0.731667 0.280543 0.073333 0.040724
17 0.189167 0.277149 0.035000 0.038462
42 0.371667 0.323529 0.036667 0.040724
39 0.695000 0.325792 0.036667 0.040724
57 0.306667 0.415158 0.036667 0.042986
24 0.416667 0.368778 0.036667 0.040724
7 0.473333 0.280543 0.033333 0.040724
46 0.732500 0.423077 0.111667 0.040724
31 0.587500 0.375566 0.035000 0.040724
