24 0.417812 0.638750 0.049375 0.047500
34 0.738437 0.697917 0.054375 0.052500
17 0.119063 0.532083 0.048125 0.042500
59 0.464375 0.584583 0.048750 0.045833
33 0.560312 0.698333 0.051875 0.053333
29 0.589688 0.639583 0.050625 0.049167
14 0.620625 0.759167 0.053750 0.055000
23 0.361563 0.638750 0.049375 0.047500
1 0.172187 0.531667 0.048125 0.043333
57 0.269062 0.695000 0.051875 0.051667
58 0.211562 0.694167 0.051875 0.051667
56 0.242500 0.583333 0.050000 0.046667
41 0.188438 0.582917 0.051875 0.047500
39 0.803125 0.583750 0.050000 0.047500
49 0.078125 0.753333 0.073750 0.056667
30 0.497812 0.639583 0.945625 0.385833
27 0.575937 0.584583 0.049375 0.045833
28 0.532500 0.639583 0.048750 0.049167
53 0.519375 0.585000 0.048750 0.046667
54 0.745938 0.584583 0.050625 0.049167
15 0.443437 0.696667 0.051875 0.051667
43 0.248750 0.637500 0.051250 0.048333
35 0.501875 0.697500 0.051250 0.051667
3 0.278125 0.531667 0.048750 0.041667
47 0.440625 0.759583 0.296250 0.057500
21 0.298125 0.584167 0.050000 0.045000
2 0.225312 0.531667 0.049375 0.043333
25 0.475313 0.639167 0.049375 0.048333
44 0.090625 0.693750 0.070000 0.050833
13 0.260937 0.755833 0.055625 0.055000
52 0.121563 0.582500 0.078125 0.046667
26 0.822812 0.640000 0.050625 0.050000
48 0.714063 0.531250 0.048125 0.044167
51 0.408438 0.584167 0.048125 0.045000
42 0.353125 0.584167 0.048750 0.045000
8 0.548438 0.532917 0.048125 0.044167
40 0.679063 0.697917 0.053125 0.050833
31 0.648125 0.639583 0.050000 0.049167
18 0.619375 0.697500 0.051250 0.051667
6 0.439688 0.532917 0.048125 0.042500
50 0.742812 0.759583 0.054375 0.055833
19 0.304375 0.638333 0.050000 0.048333
22 0.880625 0.613333 0.091250 0.108333
0 0.659062 0.531667 0.049375 0.045000
36 0.631875 0.585000 0.050000 0.046667
9 0.603750 0.532500 0.050000 0.045000
37 0.705625 0.639583 0.050000 0.049167
55 0.385000 0.696250 0.050000 0.050833
5 0.385313 0.531667 0.046875 0.043333
46 0.851562 0.698333 0.161875 0.055000
16 0.326875 0.695000 0.051250 0.051667
45 0.116562 0.636250 0.094375 0.049167
7 0.494375 0.532917 0.047500 0.044167
12 0.764687 0.639583 0.051875 0.049167
4 0.332188 0.532083 0.046875 0.042500
10 0.193125 0.637083 0.051250 0.047500
38 0.688750 0.584167 0.050000 0.046667
11 0.770312 0.530417 0.046875 0.044167
20 0.853750 0.530833 0.105000 0.045000
32 0.154688 0.693333 0.053125 0.050000
