31 0.512472 0.775641 0.047619 0.067308
48 0.583900 0.613782 0.049887 0.067308
52 0.015873 0.689103 0.029478 0.067308
56 0.098073 0.690705 0.048753 0.067308
35 0.367914 0.854968 0.048753 0.068910
30 0.501134 0.743590 1.000000 0.516026
6 0.297619 0.612179 0.048753 0.067308
57 0.140590 0.852564 0.047619 0.067308
54 0.612812 0.693109 0.048753 0.068910
12 0.626417 0.774038 0.048753 0.067308
44 0.013605 0.850962 0.024943 0.067308
10 0.056689 0.770833 0.047619 0.067308
18 0.483560 0.856571 0.048753 0.068910
32 0.028912 0.851763 0.048753 0.068910
0 0.527211 0.612981 0.049887 0.068910
22 0.739229 0.733173 0.077098 0.149038
21 0.155329 0.693109 0.049887 0.068910
36 0.497732 0.693109 0.049887 0.068910
46 0.705215 0.853365 0.147392 0.068910
50 0.598073 0.935897 0.051020 0.067308
5 0.240363 0.612179 0.049887 0.067308
43 0.112812 0.772436 0.048753 0.067308
4 0.183673 0.612179 0.047619 0.067308
1 0.020975 0.610577 0.039683 0.067308
19 0.168934 0.772436 0.049887 0.067308
16 0.196712 0.853365 0.048753 0.068910
47 0.312358 0.935897 0.277778 0.070513
59 0.325964 0.693109 0.048753 0.068910
58 0.084467 0.851763 0.048753 0.065705
24 0.282313 0.774038 0.047619 0.067308
14 0.483560 0.935897 0.048753 0.067308
2 0.071995 0.612179 0.048753 0.067308
41 0.043084 0.691506 0.049887 0.068910
3 0.128118 0.612179 0.049887 0.067308
49 0.013605 0.930288 0.024943 0.068910
13 0.140023 0.934295 0.048753 0.067308
9 0.470522 0.613782 0.049887 0.067308
42 0.211451 0.692308 0.048753 0.067308
15 0.310658 0.854968 0.049887 0.068910
55 0.253968 0.854167 0.049887 0.067308
28 0.396825 0.775641 0.047619 0.067308
34 0.597506 0.855769 0.049887 0.067308
25 0.339569 0.774038 0.048753 0.067308
11 0.641156 0.612179 0.048753 0.067308
20 0.725624 0.612179 0.104308 0.067308
45 0.019841 0.770032 0.037415 0.065705
26 0.683107 0.774038 0.048753 0.067308
39 0.669501 0.693109 0.048753 0.068910
40 0.540249 0.855769 0.048753 0.067308
33 0.425170 0.855769 0.049887 0.070513
27 0.441043 0.693109 0.047619 0.065705
53 0.382653 0.693109 0.048753 0.068910
17 0.011338 0.611378 0.020408 0.065705
37 0.569728 0.774840 0.048753 0.068910
29 0.455215 0.774840 0.048753 0.068910
8 0.412698 0.613782 0.049887 0.067308
7 0.354875 0.613782 0.049887 0.067308
23 0.225624 0.773237 0.047619 0.065705
38 0.555556 0.693109 0.047619 0.068910
51 0.268707 0.692308 0.047619 0.067308
