25 0.430664 0.458333 0.058594 0.059896
15 0.385742 0.507812 0.060547 0.062500
48 0.697266 0.423177 0.054688 0.059896
6 0.426758 0.330078 0.054688 0.055990
2 0.230469 0.264323 0.052734 0.049479
10 0.174805 0.363932 0.054688 0.053385
7 0.478516 0.348307 0.054688 0.058594
53 0.489258 0.414062 0.056641 0.059896
44 0.076660 0.392578 0.067383 0.058594
8 0.530762 0.367188 0.055664 0.054688
24 0.377441 0.440104 0.057617 0.057292
49 0.053711 0.448568 0.068359 0.061198
42 0.332031 0.358073 0.056641 0.054688
16 0.278320 0.468099 0.060547 0.058594
18 0.555176 0.572266 0.059570 0.069010
3 0.277344 0.279948 0.054688 0.049479
36 0.599121 0.453125 0.057617 0.059896
5 0.375000 0.313151 0.054688 0.053385
40 0.608887 0.592448 0.051758 0.065104
55 0.331543 0.488281 0.059570 0.062500
20 0.839355 0.472656 0.110352 0.080729
33 0.496094 0.550781 0.060547 0.067708
50 0.666504 0.688151 0.061523 0.074219
13 0.204590 0.507161 0.059570 0.063802
12 0.716309 0.562500 0.057617 0.065104
21 0.281250 0.339193 0.056641 0.055990
59 0.436035 0.395182 0.055664 0.055990
56 0.232910 0.322266 0.053711 0.055990
51 0.384277 0.376953 0.053711 0.055990
0 0.640137 0.402995 0.055664 0.058594
57 0.227539 0.448568 0.056641 0.058594
43 0.222656 0.382812 0.056641 0.054688
58 0.177734 0.429688 0.056641 0.057292
23 0.325195 0.419922 0.056641 0.055990
14 0.544922 0.640625 0.060547 0.072917
41 0.185547 0.306641 0.054688 0.050781
34 0.662109 0.611979 0.050781 0.067708
39 0.772461 0.513672 0.054688 0.066406
26 0.775879 0.583333 0.055664 0.070312
30 0.493652 0.489583 0.956055 0.661458
17 0.140137 0.235026 0.049805 0.045573
27 0.543945 0.432292 0.056641 0.059896
32 0.128906 0.410807 0.056641 0.058594
1 0.184082 0.247396 0.053711 0.052083
19 0.273438 0.401042 0.056641 0.057292
52 0.128906 0.287109 0.074219 0.058594
22 0.845215 0.572917 0.083008 0.143229
11 0.753906 0.441406 0.052734 0.062500
47 0.371582 0.576172 0.293945 0.162760
28 0.486328 0.479167 0.056641 0.062500
46 0.726562 0.636068 0.074219 0.076823
29 0.541992 0.500000 0.058594 0.062500
45 0.112305 0.342448 0.087891 0.065104
35 0.440430 0.530599 0.058594 0.063802
38 0.656250 0.472656 0.056641 0.062500
37 0.656738 0.541667 0.057617 0.065104
4 0.326172 0.296224 0.052734 0.050781
9 0.584961 0.384766 0.056641 0.058594
54 0.713867 0.493490 0.056641 0.065104
31 0.599609 0.519531 0.056641 0.065104
