51 0.385135 0.401815 0.030146 0.047855
29 0.497921 0.459571 0.029106 0.047855
24 0.392931 0.456271 0.031185 0.047855
39 0.629418 0.410891 0.030146 0.046205
31 0.532744 0.461221 0.030146 0.047855
2 0.261954 0.344059 0.031185 0.047855
0 0.543139 0.353960 0.030146 0.047855
3 0.297297 0.345710 0.031185 0.047855
15 0.410083 0.510726 0.030146 0.047855
54 0.594595 0.410066 0.031185 0.047855
36 0.524428 0.407591 0.030146 0.046205
59 0.419439 0.403465 0.030146 0.047855
52 0.204262 0.395215 0.040541 0.047855
28 0.463098 0.459571 0.030146 0.047855
16 0.339917 0.508251 0.031185 0.046205
6 0.402807 0.349010 0.030146 0.047855
34 0.584200 0.516502 0.031185 0.046205
8 0.473493 0.352310 0.030146 0.047855
18 0.514553 0.514851 0.031185 0.046205
25 0.427755 0.457921 0.030146 0.047855
14 0.514553 0.573432 0.031185 0.057756
33 0.479730 0.513201 0.030146 0.049505
42 0.349792 0.401815 0.030146 0.047855
4 0.332640 0.345710 0.031185 0.047855
19 0.322765 0.454620 0.030146 0.047855
26 0.636694 0.464521 0.030146 0.047855
23 0.358108 0.454620 0.030146 0.047855
47 0.411123 0.569307 0.167360 0.059406
20 0.665281 0.357261 0.064449 0.047855
9 0.508316 0.353960 0.031185 0.047855
44 0.199064 0.504125 0.030146 0.047855
32 0.234927 0.504950 0.031185 0.049505
56 0.279626 0.398515 0.031185 0.047855
55 0.375260 0.509076 0.031185 0.047855
38 0.559252 0.408416 0.029106 0.047855
12 0.602391 0.464521 0.030146 0.047855
49 0.200104 0.562706 0.032225 0.059406
41 0.243763 0.396865 0.032225 0.047855
58 0.270270 0.505776 0.031185 0.047855
37 0.567048 0.462871 0.030146 0.047855
27 0.490125 0.405941 0.030146 0.046205
35 0.444906 0.512376 0.031185 0.047855
50 0.583160 0.575083 0.031185 0.057756
13 0.305613 0.566832 0.031185 0.057756
46 0.649168 0.518977 0.090437 0.047855
17 0.194906 0.341584 0.021830 0.046205
22 0.673077 0.438944 0.046778 0.102310
43 0.287422 0.452970 0.030146 0.047855
57 0.305094 0.507426 0.030146 0.047855
5 0.367983 0.347360 0.031185 0.047855
10 0.252599 0.451320 0.031185 0.047855
53 0.454782 0.405116 0.030146 0.047855
1 0.226611 0.342409 0.031185 0.047855
11 0.612786 0.357261 0.030146 0.047855
21 0.314969 0.399340 0.031185 0.049505
40 0.549376 0.515677 0.030146 0.047855
45 0.208940 0.449670 0.049896 0.047855
48 0.577963 0.355611 0.031185 0.047855
30 0.512474 0.448020 0.673597 0.341584
7 0.438669 0.350660 0.031185 0.047855
