25 0.430140 0.456117 0.059880 0.061170
15 0.384232 0.506649 0.061876 0.063830
48 0.702595 0.420213 0.055888 0.061170
6 0.426148 0.325133 0.055888 0.057181
2 0.225549 0.257979 0.053892 0.050532
10 0.168663 0.359707 0.055888 0.054521
7 0.479042 0.343750 0.055888 0.059840
53 0.490020 0.410904 0.057884 0.061170
44 0.068363 0.388963 0.068862 0.059840
8 0.532435 0.363032 0.056886 0.055851
24 0.375749 0.437500 0.058882 0.058511
49 0.044910 0.446144 0.069860 0.062500
42 0.329341 0.353723 0.057884 0.055851
16 0.274451 0.466090 0.061876 0.059840
18 0.557385 0.572473 0.060878 0.070479
3 0.273453 0.273936 0.055888 0.050532
36 0.602295 0.450798 0.058882 0.061170
5 0.373253 0.307846 0.055888 0.054521
40 0.612275 0.593085 0.052894 0.066489
55 0.328842 0.486702 0.060878 0.063830
20 0.847804 0.470745 0.112774 0.082447
33 0.497006 0.550532 0.061876 0.069149
50 0.671158 0.690824 0.062874 0.075798
13 0.199102 0.505984 0.060878 0.065160
12 0.722056 0.562500 0.058882 0.066489
21 0.277445 0.334441 0.057884 0.057181
59 0.435629 0.391622 0.056886 0.057181
56 0.228044 0.317154 0.054890 0.057181
51 0.382735 0.373005 0.054890 0.057181
0 0.644212 0.399601 0.056886 0.059840
57 0.222555 0.446144 0.057884 0.059840
43 0.217565 0.378989 0.057884 0.055851
58 0.171657 0.426862 0.057884 0.058511
23 0.322355 0.416888 0.057884 0.057181
14 0.546906 0.642287 0.061876 0.074468
41 0.179641 0.301197 0.055888 0.051862
34 0.666667 0.613032 0.051896 0.069149
39 0.779441 0.512633 0.055888 0.067819
26 0.782934 0.583777 0.056886 0.071809
30 0.494511 0.488032 0.977046 0.675532
17 0.133234 0.228059 0.050898 0.046543
27 0.545908 0.429521 0.057884 0.061170
32 0.121756 0.407580 0.057884 0.059840
1 0.178144 0.240691 0.054890 0.053191
19 0.269461 0.397606 0.057884 0.058511
52 0.121756 0.281250 0.075848 0.059840
22 0.853792 0.573138 0.084830 0.146277
11 0.760479 0.438830 0.053892 0.063830
47 0.369760 0.576463 0.300399 0.166223
28 0.487026 0.477394 0.057884 0.063830
46 0.732535 0.637633 0.075848 0.078457
29 0.543912 0.498670 0.059880 0.063830
45 0.104790 0.337766 0.089820 0.066489
35 0.440120 0.529920 0.059880 0.065160
38 0.660679 0.470745 0.057884 0.063830
37 0.661178 0.541223 0.058882 0.066489
4 0.323353 0.290559 0.053892 0.051862
9 0.587824 0.380984 0.057884 0.059840
54 0.719561 0.492021 0.057884 0.066489
31 0.602794 0.518617 0.057884 0.066489
