26 0.688497 0.562343 0.043218 0.055230
36 0.523271 0.497490 0.043883 0.056067
14 0.512301 0.691213 0.044548 0.056904
12 0.638298 0.561925 0.043883 0.056067
34 0.612699 0.625941 0.044548 0.055230
3 0.189495 0.431799 0.047872 0.056904
11 0.649934 0.434310 0.043218 0.055230
22 0.738032 0.530126 0.070479 0.117992
54 0.625000 0.497908 0.043883 0.055230
40 0.562500 0.625941 0.043883 0.055230
41 0.109043 0.497071 0.047872 0.058577
16 0.252660 0.627197 0.046543 0.057741
48 0.599069 0.434728 0.043883 0.054393
58 0.146609 0.628033 0.047207 0.057741
45 0.053524 0.561925 0.075133 0.057741
52 0.048205 0.496234 0.060505 0.058577
27 0.473737 0.497071 0.043218 0.055230
7 0.398604 0.433891 0.044548 0.056067
20 0.724402 0.433891 0.093750 0.056067
57 0.199801 0.627615 0.045878 0.056904
19 0.227394 0.561925 0.045213 0.057741
43 0.174535 0.562343 0.045878 0.056904
55 0.304854 0.626778 0.045878 0.056904
42 0.267952 0.497490 0.045213 0.056067
21 0.215758 0.497908 0.045878 0.056904
39 0.675532 0.497908 0.043883 0.055230
56 0.161902 0.496234 0.047207 0.058577
49 0.036569 0.696653 0.049202 0.059414
2 0.137301 0.431381 0.047207 0.056067
5 0.294548 0.432218 0.045213 0.056067
1 0.083444 0.430962 0.047207 0.056904
15 0.356715 0.625941 0.045878 0.056904
9 0.499003 0.434310 0.044548 0.055230
44 0.037899 0.628452 0.047872 0.058577
47 0.355386 0.692050 0.253324 0.060251
8 0.448138 0.434310 0.043883 0.055230
37 0.587101 0.561925 0.043883 0.056067
24 0.331782 0.561925 0.043883 0.056067
51 0.319814 0.497490 0.043883 0.056067
18 0.511636 0.625523 0.044548 0.056067
0 0.549535 0.433891 0.044548 0.056067
30 0.495346 0.548536 0.981383 0.409205
33 0.459774 0.625941 0.045878 0.056904
31 0.536902 0.561506 0.043218 0.055230
23 0.280253 0.561925 0.044548 0.056067
25 0.383311 0.561925 0.044548 0.056067
50 0.613697 0.690795 0.045213 0.056067
29 0.486037 0.561506 0.043883 0.056904
6 0.346077 0.433054 0.045878 0.056067
32 0.093085 0.628452 0.049202 0.058577
4 0.242686 0.432218 0.045213 0.056067
10 0.120678 0.561925 0.047207 0.057741
46 0.707447 0.625105 0.134309 0.056904
53 0.422207 0.497490 0.043883 0.056067
59 0.371676 0.497490 0.043883 0.056067
35 0.408577 0.625941 0.044548 0.056904
28 0.435173 0.561925 0.043218 0.056067
38 0.574468 0.497071 0.043883 0.055230
17 0.036237 0.430126 0.035239 0.056904
13 0.198138 0.694142 0.047872 0.057741
