47 0.319322 0.607564 0.280236 0.085462
53 0.389381 0.378684 0.050147 0.065815
56 0.102139 0.381631 0.050885 0.065815
5 0.246313 0.306974 0.050147 0.061886
19 0.174410 0.454322 0.050885 0.065815
31 0.516962 0.449902 0.048673 0.064833
37 0.573009 0.449902 0.050147 0.064833
34 0.602507 0.521611 0.050147 0.064833
2 0.073746 0.308448 0.051622 0.062868
0 0.529499 0.305010 0.050147 0.063851
27 0.446534 0.377701 0.049410 0.063851
41 0.043879 0.382122 0.053835 0.064833
9 0.473451 0.305501 0.050147 0.062868
16 0.204277 0.527996 0.050147 0.065815
4 0.189159 0.306974 0.049410 0.061886
58 0.087021 0.529961 0.051622 0.065815
32 0.027655 0.530452 0.050885 0.066798
3 0.131268 0.307957 0.051622 0.061886
10 0.057522 0.455305 0.051622 0.065815
29 0.461283 0.450393 0.049410 0.063851
24 0.289823 0.452358 0.050147 0.063851
12 0.630162 0.448428 0.049410 0.063851
7 0.360988 0.306483 0.049410 0.062868
43 0.116519 0.454813 0.051622 0.064833
39 0.670723 0.373772 0.049410 0.063851
15 0.319322 0.526031 0.051622 0.065815
28 0.404130 0.450884 0.048673 0.064833
52 0.016962 0.381631 0.032448 0.065815
13 0.145280 0.610511 0.051622 0.081532
44 0.013643 0.531434 0.025811 0.066798
42 0.218289 0.380157 0.050147 0.064833
40 0.546091 0.522102 0.049410 0.065815
8 0.417035 0.306483 0.049410 0.062868
1 0.020649 0.308939 0.039823 0.063851
55 0.262168 0.526523 0.050885 0.064833
36 0.501844 0.376719 0.049410 0.063851
54 0.615044 0.376228 0.050147 0.064833
51 0.275811 0.379666 0.050147 0.063851
57 0.145649 0.528978 0.050885 0.065815
22 0.742625 0.408644 0.078171 0.137525
26 0.685841 0.446955 0.048673 0.062868
45 0.020649 0.455796 0.039823 0.064833
50 0.603982 0.602161 0.051622 0.080550
30 0.500737 0.443517 1.000000 0.478389
33 0.433260 0.524067 0.050885 0.067780
18 0.489676 0.523084 0.050147 0.065815
38 0.558628 0.376719 0.049410 0.063851
20 0.726032 0.300589 0.103982 0.062868
17 0.009587 0.307957 0.017699 0.063851
6 0.303835 0.306483 0.050147 0.062868
25 0.346976 0.451375 0.049410 0.063851
14 0.491150 0.604126 0.051622 0.080550
23 0.232670 0.453340 0.049410 0.063851
21 0.160767 0.380648 0.051622 0.065815
49 0.014381 0.613949 0.027286 0.082515
59 0.333333 0.379666 0.050147 0.065815
35 0.375737 0.524558 0.050885 0.064833
48 0.585177 0.303536 0.050885 0.062868
11 0.641962 0.302554 0.047935 0.062868
46 0.709440 0.519646 0.148968 0.064833
