26 0.729549 0.573712 0.045839 0.058615
36 0.554302 0.504885 0.046544 0.059503
14 0.542666 0.710480 0.047250 0.060391
12 0.676305 0.573268 0.046544 0.059503
34 0.649154 0.641208 0.047250 0.058615
3 0.200282 0.435169 0.050776 0.060391
11 0.688646 0.437833 0.045839 0.058615
22 0.782087 0.539520 0.074753 0.125222
54 0.662200 0.505329 0.046544 0.058615
40 0.595910 0.641208 0.046544 0.058615
41 0.114951 0.504440 0.050776 0.062167
16 0.267278 0.642540 0.049365 0.061279
48 0.634697 0.438277 0.046544 0.057726
58 0.154795 0.643428 0.050071 0.061279
45 0.056065 0.573268 0.079690 0.061279
52 0.050423 0.503552 0.064175 0.062167
27 0.501763 0.504440 0.045839 0.058615
7 0.422073 0.437389 0.047250 0.059503
20 0.767630 0.437389 0.099436 0.059503
57 0.211213 0.642984 0.048660 0.060391
19 0.240480 0.573268 0.047955 0.061279
43 0.184415 0.573712 0.048660 0.060391
55 0.322638 0.642096 0.048660 0.060391
42 0.283498 0.504885 0.047955 0.059503
21 0.228138 0.505329 0.048660 0.060391
39 0.715797 0.505329 0.046544 0.058615
56 0.171016 0.503552 0.050071 0.062167
49 0.038082 0.716252 0.052186 0.063055
2 0.144922 0.434725 0.050071 0.059503
5 0.311707 0.435613 0.047955 0.059503
1 0.087800 0.434281 0.050071 0.060391
15 0.377645 0.641208 0.048660 0.060391
9 0.528561 0.437833 0.047250 0.058615
44 0.039492 0.643872 0.050776 0.062167
47 0.376234 0.711368 0.268688 0.063943
8 0.474612 0.437833 0.046544 0.058615
37 0.622003 0.573268 0.046544 0.059503
24 0.351199 0.573268 0.046544 0.059503
51 0.338505 0.504885 0.046544 0.059503
18 0.541961 0.640764 0.047250 0.059503
0 0.582158 0.437389 0.047250 0.059503
30 0.502468 0.559059 0.996474 0.434281
33 0.486953 0.641208 0.048660 0.060391
31 0.568759 0.572824 0.045839 0.058615
23 0.296544 0.573268 0.047250 0.059503
25 0.405853 0.573268 0.047250 0.059503
50 0.650212 0.710036 0.047955 0.059503
29 0.514810 0.572824 0.046544 0.060391
6 0.366361 0.436501 0.048660 0.059503
32 0.098025 0.643872 0.052186 0.062167
4 0.256700 0.435613 0.047955 0.059503
10 0.127292 0.573268 0.050071 0.061279
46 0.749647 0.640320 0.142454 0.060391
53 0.447109 0.504885 0.046544 0.059503
59 0.393512 0.504885 0.046544 0.059503
35 0.432652 0.641208 0.047250 0.060391
28 0.460860 0.573268 0.045839 0.059503
38 0.608604 0.504440 0.046544 0.058615
17 0.037729 0.433393 0.037377 0.060391
13 0.209450 0.713588 0.050776 0.061279
