42 0.285714 0.717262 0.050549 0.068452
18 0.562637 0.872768 0.050549 0.069940
30 0.483516 0.761161 0.964835 0.480655
20 0.807143 0.633929 0.104396 0.068452
59 0.402747 0.717262 0.049451 0.068452
27 0.519231 0.715774 0.049451 0.068452
39 0.750549 0.713542 0.050549 0.069940
13 0.212637 0.952381 0.051648 0.068452
10 0.125824 0.796131 0.049451 0.068452
36 0.576923 0.715030 0.050549 0.069940
54 0.693956 0.715030 0.051648 0.072917
46 0.758791 0.869048 0.091209 0.068452
14 0.592857 0.950893 0.051648 0.068452
51 0.344505 0.717262 0.049451 0.068452
43 0.184066 0.796131 0.049451 0.068452
16 0.271429 0.874256 0.050549 0.069940
56 0.168681 0.715030 0.049451 0.069940
49 0.032967 0.952381 0.063736 0.068452
29 0.534066 0.793899 0.050549 0.069940
40 0.620879 0.872024 0.050549 0.068452
34 0.679121 0.871280 0.050549 0.069940
2 0.140659 0.637649 0.050549 0.066964
11 0.722527 0.634673 0.049451 0.069940
7 0.432967 0.637649 0.050549 0.069940
26 0.765385 0.791667 0.049451 0.071429
58 0.156044 0.873512 0.050549 0.068452
55 0.329670 0.873512 0.050549 0.068452
0 0.607143 0.635417 0.051648 0.071429
57 0.212637 0.874256 0.049451 0.066964
32 0.097253 0.874256 0.051648 0.069940
41 0.110989 0.717262 0.050549 0.071429
9 0.548901 0.636161 0.049451 0.069940
6 0.373077 0.636905 0.049451 0.068452
23 0.300000 0.795387 0.048352 0.066964
31 0.592308 0.794643 0.050549 0.068452
12 0.708242 0.793155 0.051648 0.068452
38 0.634615 0.714286 0.049451 0.068452
50 0.714286 0.950149 0.068132 0.069940
33 0.503846 0.873512 0.051648 0.071429
37 0.650000 0.793899 0.049451 0.069940
25 0.416484 0.795387 0.050549 0.066964
3 0.198352 0.637649 0.051648 0.069940
5 0.314286 0.636905 0.050549 0.068452
8 0.491209 0.638393 0.050549 0.071429
53 0.460440 0.716518 0.050549 0.069940
48 0.665385 0.636161 0.049451 0.069940
4 0.256044 0.636905 0.048352 0.068452
15 0.387912 0.874256 0.052747 0.069940
22 0.822527 0.752976 0.075824 0.145833
45 0.046703 0.793899 0.091209 0.069940
21 0.227473 0.716518 0.050549 0.069940
1 0.082418 0.638393 0.048352 0.068452
44 0.032418 0.873512 0.062637 0.068452
52 0.039011 0.715030 0.075824 0.072917
28 0.475275 0.795387 0.049451 0.069940
17 0.024725 0.636161 0.047253 0.069940
24 0.358242 0.796131 0.050549 0.068452
47 0.403297 0.952381 0.312088 0.071429
35 0.446154 0.873512 0.050549 0.068452
19 0.241758 0.795387 0.050549 0.069940
