18 0.448750 0.559167 0.038750 0.051667
46 0.615938 0.564167 0.114375 0.051667
36 0.460313 0.452917 0.039375 0.040833
34 0.533125 0.559167 0.038750 0.050000
0 0.482812 0.395417 0.038125 0.050833
57 0.191875 0.559167 0.038750 0.050000
29 0.428125 0.502917 0.038750 0.050833
11 0.567813 0.392500 0.036875 0.048333
37 0.512500 0.503333 0.038750 0.051667
19 0.215312 0.503333 0.040625 0.051667
35 0.363750 0.559167 0.040000 0.051667
33 0.405625 0.559583 0.038750 0.052500
43 0.173437 0.504167 0.039375 0.051667
3 0.188438 0.393333 0.039375 0.050000
5 0.272813 0.392500 0.038125 0.050000
20 0.629687 0.394167 0.078125 0.050000
13 0.162500 0.617917 0.051250 0.052500
54 0.545937 0.448333 0.038125 0.048333
47 0.327188 0.619167 0.266875 0.055000
24 0.300000 0.503333 0.040000 0.051667
21 0.206875 0.447500 0.038750 0.051667
30 0.505000 0.482917 0.982500 0.380833
1 0.104375 0.393333 0.040000 0.050000
44 0.056563 0.561667 0.050625 0.051667
41 0.121875 0.447917 0.041250 0.052500
17 0.063437 0.394583 0.036875 0.047500
14 0.486250 0.618750 0.051250 0.054167
16 0.235000 0.559583 0.040000 0.050833
2 0.146250 0.393750 0.038750 0.049167
45 0.071875 0.503750 0.070000 0.050833
49 0.051250 0.620000 0.057500 0.053333
7 0.355938 0.395833 0.038125 0.043333
51 0.290938 0.446667 0.038125 0.050000
42 0.249062 0.447500 0.040625 0.051667
6 0.314688 0.392500 0.038125 0.050000
12 0.554688 0.502500 0.038125 0.051667
52 0.069062 0.448750 0.058125 0.050833
27 0.418125 0.447083 0.037500 0.049167
28 0.385313 0.502917 0.038125 0.050833
58 0.149062 0.559583 0.039375 0.050833
40 0.491250 0.559583 0.038750 0.050833
25 0.342813 0.502917 0.039375 0.050833
53 0.376250 0.447500 0.038750 0.051667
26 0.640312 0.447500 0.060625 0.050000
39 0.588437 0.450417 0.038125 0.050833
59 0.333750 0.448333 0.038750 0.050000
23 0.258437 0.502917 0.039375 0.050833
50 0.648438 0.618750 0.053125 0.054167
8 0.399062 0.395000 0.038125 0.046667
22 0.624687 0.503750 0.094375 0.049167
48 0.526875 0.394167 0.037500 0.050000
32 0.105938 0.560000 0.039375 0.051667
38 0.504062 0.450417 0.040625 0.045833
4 0.230313 0.392500 0.038125 0.050000
55 0.277813 0.559167 0.040625 0.051667
9 0.441563 0.394583 0.038125 0.049167
10 0.130625 0.503750 0.040000 0.050833
56 0.164687 0.447083 0.039375 0.052500
31 0.470313 0.502917 0.038125 0.050833
15 0.320625 0.559583 0.040000 0.050833
