52 0.055664 0.444186 0.066406 0.097674
55 0.276611 0.654651 0.040527 0.095349
4 0.220947 0.341279 0.039551 0.094186
3 0.176514 0.340116 0.040527 0.094186
21 0.200684 0.446512 0.041016 0.095349
1 0.088623 0.341279 0.040527 0.094186
26 0.606689 0.550000 0.039551 0.093023
43 0.167236 0.551744 0.040527 0.094186
7 0.353027 0.341279 0.040039 0.094186
54 0.551758 0.445930 0.041016 0.096512
2 0.132812 0.341279 0.041016 0.094186
50 0.598633 0.762209 0.063477 0.096512
57 0.188477 0.654651 0.041016 0.095349
12 0.563232 0.551744 0.040527 0.094186
37 0.518555 0.551744 0.040039 0.094186
59 0.332764 0.446512 0.040527 0.095349
11 0.573730 0.339535 0.040039 0.093023
32 0.099609 0.654070 0.041016 0.096512
42 0.244873 0.446512 0.040527 0.095349
30 0.495117 0.497674 0.972656 0.693023
0 0.485596 0.341279 0.040527 0.094186
53 0.376709 0.446512 0.040527 0.095349
46 0.624512 0.654070 0.119141 0.096512
28 0.387207 0.550000 0.040039 0.093023
22 0.651611 0.499419 0.062012 0.198837
34 0.540527 0.653488 0.041016 0.093023
33 0.408203 0.654070 0.040039 0.096512
48 0.529297 0.341279 0.040039 0.094186
6 0.309082 0.340698 0.040039 0.093023
8 0.397217 0.341279 0.040527 0.094186
19 0.211182 0.551744 0.040527 0.094186
13 0.172852 0.761628 0.053711 0.097674
10 0.123535 0.551744 0.040039 0.094186
56 0.156494 0.446512 0.040527 0.095349
24 0.298828 0.550000 0.040039 0.093023
20 0.641357 0.341279 0.083496 0.094186
35 0.364258 0.655233 0.041016 0.094186
49 0.055664 0.761628 0.067383 0.097674
58 0.145264 0.655233 0.040527 0.094186
18 0.452148 0.654651 0.040039 0.095349
17 0.043701 0.341279 0.040527 0.094186
31 0.475098 0.551163 0.040039 0.093023
41 0.112549 0.445930 0.041504 0.096512
9 0.441650 0.341279 0.040527 0.094186
40 0.496582 0.655233 0.041016 0.094186
47 0.326172 0.759884 0.251953 0.094186
38 0.508057 0.445349 0.040527 0.095349
5 0.264648 0.340698 0.040039 0.093023
36 0.463867 0.446512 0.040039 0.095349
14 0.481934 0.762791 0.052734 0.097674
44 0.050049 0.654651 0.054199 0.097674
23 0.255615 0.551163 0.040527 0.093023
15 0.320557 0.655233 0.041504 0.096512
39 0.595947 0.444767 0.040527 0.094186
27 0.420166 0.445930 0.039551 0.094186
45 0.062256 0.549419 0.075684 0.096512
29 0.431152 0.550581 0.040039 0.094186
51 0.288330 0.446512 0.039551 0.095349
25 0.343018 0.551744 0.040527 0.091860
16 0.232422 0.654651 0.041016 0.095349
