47 0.705202 0.648844 0.591040 0.131985
51 0.618136 0.235549 0.094653 0.118497
4 0.462789 0.104528 0.094653 0.116570
5 0.563945 0.105010 0.094653 0.115607
30 0.500723 0.390655 1.000000 0.779383
24 0.645954 0.369461 0.096821 0.124277
21 0.410766 0.236031 0.096098 0.119461
58 0.274566 0.506744 0.099711 0.127168
6 0.666185 0.104528 0.095376 0.116570
49 0.065751 0.653179 0.130058 0.134875
8 0.871026 0.105973 0.094653 0.117534
53 0.824783 0.236031 0.096098 0.119461
52 0.071893 0.230250 0.142341 0.123314
19 0.436055 0.368979 0.097543 0.121387
43 0.330564 0.368497 0.097543 0.124277
17 0.046604 0.095857 0.091763 0.116570
7 0.769509 0.105491 0.093931 0.118497
16 0.488439 0.505780 0.099711 0.125241
57 0.382948 0.507707 0.098266 0.125241
18 0.986633 0.508189 0.028179 0.126204
13 0.342124 0.649326 0.130780 0.131021
10 0.225795 0.368497 0.098988 0.124277
25 0.750723 0.369942 0.098266 0.121387
35 0.806720 0.506744 0.098988 0.123314
29 0.955925 0.370424 0.089595 0.124277
15 0.701228 0.506744 0.098988 0.125241
56 0.306358 0.234104 0.096821 0.119461
28 0.855853 0.371387 0.096098 0.126204
45 0.083815 0.367052 0.166185 0.125241
59 0.720737 0.236513 0.096098 0.120424
55 0.595014 0.505780 0.098988 0.125241
3 0.359104 0.103083 0.096821 0.117534
42 0.514451 0.235549 0.096821 0.118497
41 0.200867 0.233141 0.101156 0.123314
1 0.150289 0.097784 0.095376 0.116570
23 0.541546 0.371387 0.097543 0.122351
9 0.963150 0.105010 0.075145 0.117534
33 0.913295 0.506744 0.099711 0.125241
44 0.053829 0.506744 0.106214 0.127168
32 0.165462 0.508189 0.104046 0.128131
27 0.928107 0.235549 0.094653 0.118497
2 0.255419 0.100193 0.097543 0.117534
