36 0.401722 0.570746 0.037303 0.049713
54 0.484577 0.567878 0.036585 0.051625
59 0.274032 0.575526 0.037303 0.051625
49 0.016858 0.768642 0.032281 0.065010
0 0.420732 0.514340 0.036585 0.049713
2 0.075681 0.524857 0.039455 0.051625
4 0.166069 0.522467 0.038020 0.050669
44 0.013271 0.704589 0.025108 0.053537
46 0.552009 0.676864 0.104017 0.051625
39 0.525108 0.566444 0.035868 0.050669
13 0.111549 0.760516 0.050933 0.062141
5 0.209828 0.520554 0.038020 0.050669
8 0.337518 0.517208 0.036585 0.051625
55 0.219154 0.691205 0.038020 0.053537
29 0.371593 0.627629 0.037303 0.052581
57 0.130560 0.695985 0.038737 0.051625
12 0.496772 0.623327 0.036585 0.051625
17 0.009684 0.526769 0.017934 0.049713
33 0.349354 0.685946 0.038737 0.052581
50 0.583931 0.741396 0.057389 0.058317
43 0.108321 0.639101 0.038737 0.052581
40 0.434720 0.681166 0.035868 0.050669
9 0.379484 0.515774 0.037303 0.050669
51 0.230990 0.576482 0.037303 0.051625
48 0.462339 0.513862 0.036585 0.048757
56 0.097920 0.581262 0.039455 0.053537
25 0.285509 0.631453 0.037303 0.052581
30 0.451937 0.622371 0.902439 0.439771
15 0.263271 0.689771 0.038737 0.052581
6 0.252869 0.519598 0.038020 0.050669
32 0.036944 0.700287 0.040890 0.054493
23 0.198709 0.635277 0.037303 0.052581
53 0.317073 0.574092 0.037303 0.050669
24 0.242109 0.632887 0.036585 0.051625
45 0.019369 0.644837 0.037303 0.054493
18 0.392396 0.683078 0.037303 0.052581
28 0.328192 0.629063 0.036585 0.051625
16 0.174677 0.694551 0.038020 0.052581
38 0.443329 0.569312 0.035868 0.050669
1 0.030488 0.525813 0.039455 0.051625
31 0.413199 0.625717 0.035868 0.050669
58 0.085007 0.698375 0.039455 0.052581
27 0.359756 0.571702 0.036585 0.049713
35 0.307030 0.687380 0.037303 0.051625
19 0.153874 0.637189 0.038020 0.052581
26 0.537303 0.621415 0.034433 0.049713
41 0.052367 0.583652 0.040172 0.054493
14 0.421090 0.744264 0.047346 0.060229
52 0.016141 0.584608 0.030846 0.056405
42 0.187948 0.578394 0.038737 0.051625
37 0.455165 0.625239 0.035151 0.051625
34 0.475968 0.679254 0.036585 0.050669
47 0.267575 0.752390 0.249641 0.070746
11 0.503228 0.512428 0.035151 0.047801
10 0.062769 0.641013 0.039455 0.052581
20 0.563486 0.511472 0.073888 0.049713
7 0.295552 0.518164 0.037303 0.051625
3 0.121234 0.522945 0.038737 0.051625
22 0.575323 0.592256 0.057389 0.108031
21 0.143113 0.579828 0.038020 0.052581
