41 0.122935 0.508051 0.029860 0.038136
3 0.177891 0.463136 0.029225 0.038136
50 0.551144 0.633475 0.048920 0.038136
52 0.078463 0.508898 0.046379 0.036441
36 0.403431 0.502542 0.027954 0.035593
27 0.369441 0.503390 0.027319 0.035593
33 0.358958 0.592797 0.030496 0.038136
45 0.079733 0.554661 0.055273 0.036441
0 0.420584 0.459322 0.027954 0.037288
10 0.128653 0.552966 0.028590 0.036441
42 0.228399 0.505932 0.028590 0.035593
49 0.066391 0.648729 0.051461 0.039831
24 0.270966 0.549576 0.028590 0.036441
43 0.164231 0.552542 0.028590 0.037288
18 0.394219 0.591949 0.028590 0.036441
32 0.107687 0.600424 0.031131 0.039831
17 0.072427 0.464407 0.029225 0.035593
9 0.386595 0.458898 0.028590 0.036441
46 0.528907 0.586864 0.088310 0.034746
20 0.536849 0.455508 0.060991 0.034746
12 0.480623 0.544068 0.027319 0.037288
56 0.158831 0.507627 0.029225 0.037288
35 0.323062 0.594068 0.028590 0.037288
19 0.200445 0.552119 0.028590 0.036441
55 0.252224 0.595763 0.029225 0.037288
8 0.352605 0.460593 0.029225 0.036441
2 0.143266 0.463559 0.029860 0.037288
59 0.298920 0.504661 0.027319 0.036441
29 0.378018 0.546186 0.027954 0.036441
21 0.193774 0.507203 0.027954 0.038136
11 0.487294 0.457627 0.026684 0.033898
47 0.290978 0.641949 0.202033 0.041525
39 0.504765 0.499576 0.027319 0.036441
37 0.446633 0.544915 0.027954 0.035593
44 0.066391 0.601695 0.040025 0.037288
40 0.428844 0.590254 0.027954 0.036441
38 0.437421 0.501695 0.027319 0.035593
53 0.334180 0.504237 0.029225 0.037288
22 0.534625 0.542797 0.069250 0.034746
23 0.236341 0.550847 0.027954 0.035593
4 0.213151 0.462288 0.028590 0.036441
26 0.548285 0.499576 0.044473 0.034746
31 0.412008 0.545763 0.027319 0.035593
13 0.163278 0.645763 0.039390 0.038983
7 0.318297 0.460169 0.029225 0.035593
28 0.342122 0.547881 0.028590 0.038136
5 0.248094 0.461441 0.028590 0.036441
1 0.108005 0.463983 0.029225 0.036441
25 0.306861 0.548729 0.027954 0.036441
48 0.453304 0.458051 0.027319 0.034746
57 0.179797 0.597881 0.027954 0.038136
14 0.416773 0.636864 0.038119 0.038136
51 0.263977 0.505508 0.027319 0.036441
54 0.470775 0.500847 0.027954 0.035593
58 0.143583 0.599153 0.029225 0.037288
34 0.464104 0.588983 0.027319 0.037288
15 0.287484 0.594068 0.029860 0.037288
16 0.215693 0.597034 0.028590 0.038136
6 0.283037 0.460593 0.028590 0.036441
30 0.442821 0.536017 0.833545 0.343220
