40 0.494333 0.664800 0.032667 0.084800
13 0.151333 0.773600 0.036000 0.091200
59 0.334000 0.460000 0.032000 0.084800
52 0.066667 0.461600 0.056000 0.084800
55 0.280000 0.664000 0.033333 0.086400
2 0.141333 0.358400 0.033333 0.086400
11 0.570000 0.357600 0.033333 0.084800
10 0.130333 0.564800 0.035333 0.089600
0 0.483333 0.358400 0.036000 0.089600
36 0.463000 0.459200 0.035333 0.086400
12 0.558667 0.562400 0.033333 0.088000
44 0.060667 0.666400 0.038667 0.081600
19 0.216000 0.564000 0.036000 0.091200
24 0.301333 0.563200 0.033333 0.086400
56 0.162667 0.462400 0.037333 0.092800
29 0.430000 0.561600 0.033333 0.086400
21 0.206000 0.461600 0.036000 0.091200
37 0.516000 0.563200 0.033333 0.086400
9 0.441000 0.358400 0.035333 0.089600
28 0.387333 0.562400 0.032000 0.084800
38 0.505667 0.459200 0.034000 0.086400
53 0.376667 0.460000 0.033333 0.084800
15 0.322333 0.665600 0.035333 0.086400
23 0.259000 0.561600 0.031333 0.083200
18 0.450667 0.664800 0.033333 0.084800
54 0.548333 0.460000 0.034000 0.088000
45 0.071667 0.567200 0.067333 0.084800
16 0.237000 0.665600 0.034000 0.086400
43 0.173000 0.565600 0.035333 0.091200
47 0.296000 0.791200 0.240000 0.136000
7 0.355333 0.358400 0.033333 0.086400
34 0.536667 0.666400 0.036000 0.088000
33 0.408667 0.664800 0.036000 0.088000
26 0.601000 0.562400 0.032667 0.084800
57 0.194667 0.664800 0.033333 0.084800
4 0.227333 0.358400 0.033333 0.086400
41 0.119667 0.463200 0.036667 0.094400
35 0.365667 0.664800 0.034000 0.084800
46 0.616667 0.666400 0.112000 0.088000
20 0.633000 0.358400 0.075333 0.083200
32 0.108000 0.664800 0.033333 0.084800
39 0.590667 0.460000 0.033333 0.088000
22 0.643667 0.511200 0.058000 0.193600
17 0.054667 0.358400 0.033333 0.083200
31 0.473333 0.561600 0.033333 0.086400
51 0.291667 0.459200 0.032667 0.083200
58 0.151667 0.665600 0.032667 0.083200
30 0.497667 0.520800 0.980667 0.820800
5 0.270000 0.357600 0.034667 0.088000
6 0.312333 0.358400 0.034000 0.086400
50 0.607333 0.772000 0.048000 0.094400
25 0.344667 0.561600 0.033333 0.086400
3 0.183667 0.359200 0.035333 0.088000
27 0.420000 0.459200 0.033333 0.083200
14 0.447667 0.772000 0.044667 0.091200
49 0.059667 0.773600 0.047333 0.094400
1 0.098000 0.356800 0.032000 0.083200
8 0.398000 0.359200 0.036000 0.091200
48 0.526667 0.359200 0.034667 0.088000
42 0.248667 0.460000 0.033333 0.084800
