40 0.494333 0.665865 0.032667 0.084936
13 0.151333 0.774840 0.036000 0.091346
59 0.334000 0.460737 0.032000 0.084936
52 0.066667 0.462340 0.056000 0.084936
55 0.280000 0.665064 0.033333 0.086538
2 0.141333 0.358974 0.033333 0.086538
11 0.570000 0.358173 0.033333 0.084936
10 0.130333 0.565705 0.035333 0.089744
0 0.483333 0.358974 0.036000 0.089744
36 0.463000 0.459936 0.035333 0.086538
12 0.558667 0.563301 0.033333 0.088141
44 0.060667 0.667468 0.038667 0.081731
19 0.216000 0.564904 0.036000 0.091346
24 0.301333 0.564103 0.033333 0.086538
56 0.162667 0.463141 0.037333 0.092949
29 0.430000 0.562500 0.033333 0.086538
21 0.206000 0.462340 0.036000 0.091346
37 0.516000 0.564103 0.033333 0.086538
9 0.441000 0.358974 0.035333 0.089744
28 0.387333 0.563301 0.032000 0.084936
38 0.505667 0.459936 0.034000 0.086538
53 0.376667 0.460737 0.033333 0.084936
15 0.322333 0.666667 0.035333 0.086538
23 0.259000 0.562500 0.031333 0.083333
18 0.450667 0.665865 0.033333 0.084936
54 0.548333 0.460737 0.034000 0.088141
45 0.071667 0.568109 0.067333 0.084936
16 0.237000 0.666667 0.034000 0.086538
43 0.173000 0.566506 0.035333 0.091346
47 0.296000 0.792468 0.240000 0.136218
7 0.355333 0.358974 0.033333 0.086538
34 0.536667 0.667468 0.036000 0.088141
33 0.408667 0.665865 0.036000 0.088141
26 0.601000 0.563301 0.032667 0.084936
57 0.194667 0.665865 0.033333 0.084936
4 0.227333 0.358974 0.033333 0.086538
41 0.119667 0.463942 0.036667 0.094551
35 0.365667 0.665865 0.034000 0.084936
46 0.616667 0.667468 0.112000 0.088141
20 0.633000 0.358974 0.075333 0.083333
32 0.108000 0.665865 0.033333 0.084936
39 0.590667 0.460737 0.033333 0.088141
22 0.643667 0.512019 0.058000 0.193910
17 0.054667 0.358974 0.033333 0.083333
31 0.473333 0.562500 0.033333 0.086538
51 0.291667 0.459936 0.032667 0.083333
58 0.151667 0.666667 0.032667 0.083333
30 0.497667 0.521635 0.980667 0.822115
5 0.270000 0.358173 0.034667 0.088141
6 0.312333 0.358974 0.034000 0.086538
50 0.607333 0.773237 0.048000 0.094551
25 0.344667 0.562500 0.033333 0.086538
3 0.183667 0.359776 0.035333 0.088141
27 0.420000 0.459936 0.033333 0.083333
14 0.447667 0.773237 0.044667 0.091346
49 0.059667 0.774840 0.047333 0.094551
1 0.098000 0.357372 0.032000 0.083333
8 0.398000 0.359776 0.036000 0.091346
48 0.526667 0.359776 0.034667 0.088141
42 0.248667 0.460737 0.033333 0.084936
