53 0.295045 0.472727 0.038288 0.115152
51 0.201577 0.469697 0.036036 0.109091
30 0.494369 0.513636 0.986486 0.900000
4 0.132320 0.350000 0.034910 0.112121
17 0.009009 0.350000 0.015766 0.106061
7 0.271396 0.350000 0.038288 0.112121
26 0.538288 0.595455 0.038288 0.112121
24 0.213401 0.596970 0.034910 0.109091
31 0.399212 0.596970 0.037162 0.109091
9 0.364302 0.348485 0.039414 0.115152
19 0.121059 0.593939 0.034910 0.109091
15 0.237050 0.719697 0.037162 0.112121
45 0.018018 0.603030 0.033784 0.109091
43 0.074324 0.596970 0.033784 0.109091
27 0.340653 0.471212 0.037162 0.106061
55 0.190878 0.719697 0.034910 0.112121
21 0.109797 0.474242 0.034910 0.112121
33 0.329955 0.721212 0.038288 0.115152
35 0.283784 0.721212 0.036036 0.115152
25 0.260135 0.595455 0.036036 0.112121
20 0.572072 0.351515 0.083333 0.115152
6 0.224099 0.348485 0.038288 0.115152
32 0.010698 0.722727 0.019144 0.106061
40 0.422860 0.719697 0.037162 0.112121
44 0.011824 0.728788 0.021396 0.100000
16 0.144707 0.721212 0.034910 0.109091
2 0.037725 0.350000 0.034910 0.112121
0 0.410473 0.348485 0.039414 0.115152
58 0.051239 0.721212 0.032658 0.109091
13 0.076577 0.854545 0.049550 0.109091
39 0.527027 0.472727 0.038288 0.115152
14 0.404279 0.848485 0.054054 0.115152
38 0.433559 0.471212 0.038288 0.112121
46 0.554617 0.719697 0.113739 0.112121
42 0.155405 0.471212 0.036036 0.106061
54 0.480293 0.472727 0.041667 0.115152
10 0.028153 0.598485 0.033784 0.112121
37 0.445383 0.598485 0.039414 0.112121
18 0.376126 0.719697 0.036036 0.112121
29 0.352477 0.595455 0.038288 0.112121
50 0.588401 0.845455 0.052928 0.109091
57 0.098536 0.721212 0.032658 0.103030
28 0.306869 0.595455 0.037162 0.112121
12 0.492680 0.596970 0.039414 0.115152
48 0.456644 0.351515 0.039414 0.115152
47 0.242117 0.845455 0.254505 0.115152
36 0.387387 0.472727 0.038288 0.109091
52 0.014640 0.474242 0.027027 0.112121
59 0.248311 0.474242 0.037162 0.112121
49 0.013514 0.857576 0.024775 0.103030
3 0.085023 0.350000 0.034910 0.112121
34 0.469032 0.719697 0.039414 0.112121
11 0.503378 0.350000 0.040541 0.112121
41 0.016892 0.474242 0.031532 0.112121
5 0.177365 0.348485 0.037162 0.115152
1 0.009572 0.346970 0.016892 0.112121
56 0.062500 0.472727 0.034910 0.109091
23 0.168356 0.595455 0.032658 0.106061
8 0.317568 0.351515 0.040541 0.115152
22 0.582770 0.536364 0.059685 0.242424
