11 0.604478 0.408741 0.080224 0.063636
48 0.500933 0.409790 0.082090 0.062937
47 0.162780 0.746853 0.323694 0.111888
15 0.016791 0.644406 0.031716 0.069231
35 0.095616 0.645455 0.084888 0.068531
30 0.500933 0.554196 1.000000 0.569930
0 0.397388 0.409091 0.083955 0.065734
25 0.046175 0.563986 0.083022 0.067832
18 0.312034 0.645804 0.084888 0.069231
7 0.083489 0.407692 0.079291 0.065734
50 0.816231 0.732517 0.123134 0.074825
27 0.237407 0.485664 0.083022 0.065035
26 0.686567 0.564685 0.083955 0.067832
34 0.530317 0.645804 0.086754 0.069231
22 0.794310 0.525175 0.146455 0.149650
28 0.152985 0.565385 0.082090 0.069231
39 0.658582 0.485315 0.080224 0.065734
9 0.293377 0.408042 0.083022 0.065035
29 0.260261 0.564685 0.083955 0.067832
6 0.014459 0.408741 0.027052 0.062238
33 0.202892 0.646503 0.088619 0.070629
53 0.131530 0.484965 0.080224 0.066434
46 0.730877 0.646853 0.280784 0.071329
12 0.579757 0.563287 0.083022 0.069231
54 0.555037 0.485664 0.082090 0.065035
20 0.761194 0.408741 0.197761 0.066434
37 0.473881 0.565035 0.083955 0.067133
38 0.449627 0.486014 0.083955 0.064336
36 0.344216 0.486014 0.082090 0.064336
14 0.404384 0.732168 0.116604 0.074126
31 0.367071 0.565035 0.083022 0.067133
59 0.033582 0.485664 0.065299 0.065035
40 0.422108 0.644755 0.084888 0.067133
8 0.187034 0.408042 0.081157 0.065035
