43 0.419078 0.488806 0.094937 0.072592
47 0.740054 0.655020 0.521700 0.097015
30 0.511302 0.472863 0.979204 0.529172
1 0.238698 0.334125 0.079566 0.063094
55 0.680832 0.562415 0.081374 0.065129
23 0.623418 0.486092 0.078662 0.064450
5 0.648734 0.334803 0.082278 0.064450
10 0.316456 0.488467 0.097649 0.071913
7 0.851266 0.334125 0.080470 0.064450
33 0.973779 0.562076 0.054250 0.065807
3 0.445750 0.335142 0.081374 0.065129
2 0.342224 0.334125 0.080470 0.063094
53 0.905967 0.409091 0.075949 0.062415
6 0.751356 0.334125 0.081374 0.064450
28 0.933544 0.485414 0.073237 0.064450
19 0.519892 0.486771 0.095841 0.071235
52 0.160036 0.411126 0.130199 0.065129
51 0.701175 0.409769 0.078662 0.063772
21 0.497288 0.410448 0.079566 0.065129
41 0.289783 0.410787 0.080470 0.065807
27 0.985533 0.409430 0.030741 0.061737
49 0.147830 0.647558 0.118445 0.072592
13 0.404611 0.644844 0.107595 0.067164
4 0.546564 0.335142 0.080470 0.063772
42 0.599458 0.409430 0.079566 0.063094
44 0.146926 0.566147 0.107595 0.065807
25 0.830922 0.485414 0.081374 0.064450
45 0.171338 0.488128 0.154611 0.064450
32 0.263562 0.566147 0.084087 0.065807
59 0.802893 0.409430 0.079566 0.063094
8 0.952080 0.334464 0.077758 0.065129
58 0.369801 0.565468 0.083183 0.065807
16 0.575949 0.564111 0.081374 0.065807
56 0.394213 0.411805 0.097649 0.071913
15 0.783906 0.562415 0.081374 0.065129
17 0.135624 0.334464 0.079566 0.065129
35 0.886528 0.562754 0.078662 0.064450
24 0.726040 0.485753 0.079566 0.063772
57 0.472423 0.564450 0.082278 0.066486
