13 0.253437 0.704444 0.054375 0.095556
29 0.536250 0.516667 0.036250 0.071111
43 0.246875 0.520556 0.040000 0.072222
3 0.257188 0.347778 0.039375 0.075556
20 0.758750 0.348333 0.081250 0.074444
39 0.710938 0.431667 0.035625 0.072222
5 0.358750 0.350556 0.037500 0.072222
36 0.572187 0.433889 0.036875 0.070000
18 0.560000 0.597222 0.036250 0.070000
48 0.641250 0.348889 0.037500 0.073333
42 0.335000 0.434444 0.037500 0.071111
28 0.489063 0.518889 0.035625 0.073333
17 0.102813 0.345556 0.038125 0.077778
33 0.513750 0.601111 0.037500 0.073333
31 0.582500 0.515000 0.036250 0.070000
54 0.665000 0.431111 0.037500 0.071111
25 0.442812 0.519444 0.036875 0.072222
0 0.595938 0.350556 0.036875 0.072222
19 0.298125 0.520000 0.037500 0.071111
56 0.233437 0.433333 0.040625 0.075556
57 0.272188 0.607222 0.039375 0.072222
14 0.588437 0.691111 0.049375 0.091111
21 0.283438 0.433333 0.038125 0.073333
51 0.382188 0.435000 0.036875 0.072222
7 0.454062 0.351111 0.036875 0.073333
8 0.500000 0.350556 0.037500 0.072222
58 0.221562 0.609444 0.039375 0.074444
15 0.420000 0.602778 0.038750 0.072222
22 0.769062 0.473889 0.059375 0.156667
26 0.722812 0.513333 0.034375 0.071111
4 0.309063 0.348333 0.038125 0.074444
9 0.547813 0.348889 0.036875 0.073333
32 0.169063 0.610556 0.038125 0.076667
59 0.430000 0.436111 0.037500 0.072222
44 0.112500 0.612222 0.052500 0.077778
2 0.205313 0.345556 0.039375 0.075556
12 0.675625 0.513889 0.036250 0.072222
6 0.406250 0.350556 0.037500 0.072222
52 0.116875 0.436111 0.065000 0.078889
27 0.525625 0.434444 0.036250 0.071111
38 0.618437 0.433333 0.035625 0.071111
23 0.346562 0.520556 0.038125 0.072222
11 0.689063 0.349444 0.035625 0.072222
45 0.117188 0.525556 0.064375 0.075556
47 0.422187 0.700556 0.269375 0.105556
37 0.630313 0.515556 0.035625 0.071111
34 0.652500 0.598333 0.036250 0.070000
24 0.394688 0.518889 0.036875 0.071111
41 0.180312 0.434444 0.040625 0.077778
30 0.502500 0.483889 0.983750 0.761111
50 0.769375 0.683333 0.061250 0.075556
1 0.153750 0.346111 0.038750 0.074444
46 0.739375 0.596111 0.115000 0.070000
10 0.194688 0.521111 0.039375 0.075556
55 0.371250 0.602778 0.038750 0.072222
16 0.322500 0.606667 0.040000 0.073333
53 0.478125 0.436667 0.037500 0.073333
35 0.465938 0.603889 0.038125 0.074444
40 0.607812 0.598889 0.035625 0.068889
