25 0.346562 0.687500 0.029375 0.040000
6 0.320937 0.600833 0.030625 0.040000
28 0.379375 0.686667 0.030000 0.040000
33 0.396562 0.729583 0.030625 0.040833
15 0.331250 0.730000 0.030000 0.040000
31 0.445000 0.686667 0.028750 0.040000
59 0.338125 0.645417 0.030000 0.040833
36 0.436563 0.644167 0.029375 0.040000
17 0.117813 0.602083 0.030625 0.039167
38 0.469375 0.644167 0.028750 0.040000
13 0.211875 0.773333 0.038750 0.040000
26 0.575313 0.645000 0.045625 0.040000
55 0.298125 0.730000 0.030000 0.040000
22 0.562500 0.686667 0.070000 0.040000
41 0.170937 0.645833 0.031875 0.041667
23 0.280313 0.687917 0.029375 0.039167
58 0.198750 0.731250 0.030000 0.039167
35 0.363750 0.729167 0.030000 0.040000
52 0.128750 0.645833 0.046250 0.041667
47 0.334062 0.772083 0.203125 0.040833
50 0.578438 0.772083 0.038125 0.039167
24 0.313437 0.687917 0.030625 0.039167
2 0.186875 0.602500 0.031250 0.040000
29 0.412187 0.686667 0.029375 0.040000
54 0.501875 0.644167 0.030000 0.040000
42 0.271562 0.645000 0.030625 0.040000
40 0.460938 0.728333 0.029375 0.038333
37 0.477187 0.687083 0.029375 0.040833
48 0.485625 0.601250 0.030000 0.039167
51 0.305000 0.645000 0.030000 0.040000
7 0.354687 0.602083 0.030625 0.040833
0 0.453125 0.600833 0.030000 0.040000
49 0.130625 0.777083 0.045000 0.045833
18 0.428750 0.728750 0.028750 0.040833
56 0.204687 0.645417 0.030625 0.040833
44 0.127500 0.732500 0.038750 0.040000
21 0.238437 0.645417 0.030625 0.040833
57 0.231875 0.731667 0.031250 0.040000
53 0.371563 0.644583 0.029375 0.040833
4 0.254063 0.601250 0.030625 0.039167
39 0.534062 0.643333 0.029375 0.040000
30 0.470313 0.667083 0.759375 0.290833
8 0.387500 0.602083 0.030000 0.040833
16 0.264688 0.730833 0.030625 0.040000
11 0.518125 0.600417 0.028750 0.039167
45 0.135313 0.689167 0.055625 0.041667
32 0.165000 0.732500 0.031250 0.041667
34 0.493437 0.728750 0.029375 0.039167
20 0.566250 0.601250 0.061250 0.039167
43 0.214062 0.688750 0.030625 0.040833
10 0.180938 0.688333 0.030625 0.040000
5 0.287500 0.602083 0.031250 0.040833
12 0.509687 0.686667 0.029375 0.040000
1 0.152812 0.602917 0.031875 0.040833
14 0.457500 0.772083 0.038750 0.040833
9 0.420625 0.602083 0.030000 0.040833
27 0.404375 0.643750 0.028750 0.039167
19 0.247500 0.688333 0.030000 0.040000
3 0.220000 0.602500 0.031250 0.040000
46 0.553750 0.729167 0.085000 0.041667
