52 0.045550 0.460100 0.071204 0.104738
55 0.282461 0.685786 0.043455 0.102244
4 0.222775 0.349751 0.042408 0.100998
3 0.175131 0.348504 0.043455 0.100998
21 0.201047 0.462594 0.043979 0.102244
1 0.080890 0.349751 0.043455 0.100998
26 0.636387 0.573566 0.042408 0.099751
43 0.165183 0.575436 0.043455 0.100998
7 0.364398 0.349751 0.042932 0.100998
54 0.577487 0.461970 0.043979 0.103491
2 0.128272 0.349751 0.043979 0.100998
50 0.627749 0.801122 0.068063 0.103491
57 0.187958 0.685786 0.043979 0.102244
12 0.589791 0.575436 0.043455 0.100998
37 0.541885 0.575436 0.042932 0.100998
59 0.342670 0.462594 0.043455 0.102244
11 0.601047 0.347880 0.042932 0.099751
32 0.092670 0.685162 0.043979 0.103491
42 0.248429 0.462594 0.043455 0.102244
30 0.500524 0.517456 1.000000 0.743142
0 0.506545 0.349751 0.043455 0.100998
53 0.389791 0.462594 0.043455 0.102244
46 0.655497 0.685162 0.127749 0.103491
28 0.401047 0.573566 0.042932 0.099751
22 0.684555 0.519327 0.066492 0.213217
34 0.565445 0.684539 0.043979 0.099751
33 0.423560 0.685162 0.042932 0.103491
48 0.553403 0.349751 0.042932 0.100998
6 0.317277 0.349127 0.042932 0.099751
8 0.411780 0.349751 0.043455 0.100998
19 0.212304 0.575436 0.043455 0.100998
13 0.171204 0.800499 0.057592 0.104738
10 0.118325 0.575436 0.042932 0.100998
56 0.153665 0.462594 0.043455 0.102244
24 0.306283 0.573566 0.042932 0.099751
20 0.673560 0.349751 0.089529 0.100998
35 0.376440 0.686409 0.043979 0.100998
49 0.045550 0.800499 0.072251 0.104738
58 0.141623 0.686409 0.043455 0.100998
18 0.470681 0.685786 0.042932 0.102244
17 0.032723 0.349751 0.043455 0.100998
31 0.495288 0.574813 0.042932 0.099751
41 0.106545 0.461970 0.044503 0.103491
9 0.459424 0.349751 0.043455 0.100998
40 0.518325 0.686409 0.043979 0.100998
47 0.335602 0.798628 0.270157 0.100998
38 0.530628 0.461347 0.043455 0.102244
5 0.269634 0.349127 0.042932 0.099751
36 0.483246 0.462594 0.042932 0.102244
14 0.502618 0.801746 0.056545 0.104738
44 0.039529 0.685786 0.058115 0.104738
23 0.259948 0.574813 0.043455 0.099751
15 0.329581 0.686409 0.044503 0.103491
39 0.624869 0.460723 0.043455 0.100998
27 0.436387 0.461970 0.042408 0.100998
45 0.052618 0.572943 0.081152 0.103491
29 0.448168 0.574190 0.042932 0.100998
51 0.295026 0.462594 0.042408 0.102244
25 0.353665 0.575436 0.043455 0.098504
16 0.235079 0.685786 0.043979 0.102244
