40 0.470893 0.673372 0.039075 0.101533
13 0.060606 0.803640 0.043062 0.109195
59 0.279107 0.428161 0.038278 0.101533
52 0.017544 0.430077 0.033493 0.101533
55 0.214514 0.672414 0.039872 0.103448
2 0.048644 0.306513 0.039872 0.103448
11 0.561404 0.305556 0.039872 0.101533
10 0.035486 0.553640 0.042265 0.107280
0 0.457735 0.306513 0.043062 0.107280
36 0.433413 0.427203 0.042265 0.103448
12 0.547847 0.550766 0.039872 0.105364
44 0.012360 0.675287 0.023126 0.097701
19 0.137959 0.552682 0.043062 0.109195
24 0.240032 0.551724 0.039872 0.103448
56 0.074163 0.431034 0.044657 0.111111
29 0.393939 0.549808 0.039872 0.103448
21 0.125997 0.430077 0.043062 0.109195
37 0.496810 0.551724 0.039872 0.103448
9 0.407097 0.306513 0.042265 0.107280
28 0.342903 0.550766 0.038278 0.101533
38 0.484450 0.427203 0.040670 0.103448
53 0.330144 0.428161 0.039872 0.101533
15 0.265152 0.674330 0.042265 0.103448
23 0.189394 0.549808 0.037480 0.099617
18 0.418660 0.673372 0.039872 0.101533
54 0.535486 0.428161 0.040670 0.105364
45 0.020734 0.556513 0.039872 0.101533
16 0.163078 0.674330 0.040670 0.103448
43 0.086523 0.554598 0.042265 0.109195
47 0.233652 0.824713 0.287081 0.162835
7 0.304625 0.306513 0.039872 0.103448
34 0.521531 0.675287 0.043062 0.105364
33 0.368421 0.673372 0.043062 0.105364
26 0.598485 0.550766 0.039075 0.101533
57 0.112440 0.673372 0.039872 0.101533
4 0.151515 0.306513 0.039872 0.103448
41 0.022727 0.431992 0.043860 0.113027
35 0.316986 0.673372 0.040670 0.101533
46 0.617225 0.675287 0.133971 0.105364
20 0.636762 0.306513 0.090112 0.099617
32 0.014753 0.673372 0.027911 0.101533
39 0.586124 0.428161 0.039872 0.105364
22 0.649522 0.489464 0.069378 0.231801
17 0.010766 0.306513 0.019936 0.099617
31 0.445774 0.549808 0.039872 0.103448
51 0.228469 0.427203 0.039075 0.099617
58 0.061005 0.674330 0.039075 0.099617
30 0.500797 0.500958 1.000000 0.982759
5 0.202552 0.305556 0.041467 0.105364
6 0.253190 0.306513 0.040670 0.103448
50 0.606061 0.801724 0.057416 0.113027
25 0.291866 0.549808 0.039872 0.103448
3 0.099282 0.307471 0.042265 0.105364
27 0.381978 0.427203 0.039872 0.099617
14 0.415072 0.801724 0.053429 0.109195
49 0.014753 0.803640 0.027911 0.113027
1 0.010367 0.304598 0.019139 0.099617
8 0.355662 0.307471 0.043062 0.109195
48 0.509569 0.307471 0.041467 0.105364
42 0.177033 0.428161 0.039872 0.101533
