52 0.045021 0.449495 0.072034 0.106061
55 0.284693 0.678030 0.043962 0.103535
4 0.224311 0.337753 0.042903 0.102273
3 0.176112 0.336490 0.043962 0.102273
21 0.202331 0.452020 0.044492 0.103535
1 0.080773 0.337753 0.043962 0.102273
26 0.642744 0.564394 0.042903 0.101010
43 0.166049 0.566288 0.043962 0.102273
7 0.367585 0.337753 0.043432 0.102273
54 0.583157 0.451389 0.044492 0.104798
2 0.128708 0.337753 0.044492 0.102273
50 0.634004 0.794823 0.068856 0.104798
57 0.189089 0.678030 0.044492 0.103535
12 0.595604 0.566288 0.043962 0.102273
37 0.547140 0.566288 0.043432 0.102273
59 0.345604 0.452020 0.043962 0.103535
11 0.606992 0.335859 0.043432 0.101010
32 0.092691 0.677399 0.044492 0.104798
42 0.250265 0.452020 0.043962 0.103535
30 0.500530 0.507576 1.000000 0.752525
0 0.511388 0.337753 0.043962 0.102273
53 0.393273 0.452020 0.043962 0.103535
46 0.662076 0.677399 0.129237 0.104798
28 0.404661 0.564394 0.043432 0.101010
22 0.691472 0.509470 0.067267 0.215909
34 0.570975 0.676768 0.044492 0.101010
33 0.427436 0.677399 0.043432 0.104798
48 0.558792 0.337753 0.043432 0.102273
6 0.319915 0.337121 0.043432 0.101010
8 0.415519 0.337753 0.043962 0.102273
19 0.213718 0.566288 0.043962 0.102273
13 0.172140 0.794192 0.058263 0.106061
10 0.118644 0.566288 0.043432 0.102273
56 0.154396 0.452020 0.043962 0.103535
24 0.308792 0.564394 0.043432 0.101010
20 0.680350 0.337753 0.090572 0.102273
35 0.379767 0.678662 0.044492 0.102273
49 0.045021 0.794192 0.073093 0.106061
58 0.142214 0.678662 0.043962 0.102273
18 0.475106 0.678030 0.043432 0.103535
17 0.032044 0.337753 0.043962 0.102273
31 0.500000 0.565657 0.043432 0.101010
41 0.106727 0.451389 0.045021 0.104798
9 0.463718 0.337753 0.043962 0.102273
40 0.523305 0.678662 0.044492 0.102273
47 0.338453 0.792298 0.273305 0.102273
38 0.535752 0.450758 0.043962 0.103535
5 0.271716 0.337121 0.043432 0.101010
36 0.487818 0.452020 0.043432 0.103535
14 0.507415 0.795455 0.057203 0.106061
44 0.038930 0.678030 0.058792 0.106061
23 0.261917 0.565657 0.043962 0.101010
15 0.332362 0.678662 0.045021 0.104798
39 0.631091 0.450126 0.043962 0.102273
27 0.440413 0.451389 0.042903 0.102273
45 0.052172 0.563763 0.082097 0.104798
29 0.452331 0.565025 0.043432 0.102273
51 0.297405 0.452020 0.042903 0.103535
25 0.356727 0.566288 0.043962 0.099747
16 0.236758 0.678030 0.044492 0.103535
