3 0.192308 0.529676 0.035088 0.043165
12 0.550270 0.633094 0.034413 0.044964
5 0.273617 0.528777 0.034413 0.043165
8 0.395749 0.529676 0.034413 0.043165
47 0.319501 0.746403 0.244939 0.048561
23 0.256748 0.633993 0.034413 0.044964
4 0.233131 0.529227 0.034413 0.042266
33 0.403171 0.689299 0.035762 0.045863
58 0.146086 0.690647 0.035762 0.044964
9 0.435223 0.528777 0.033738 0.043165
10 0.130567 0.634442 0.035762 0.044065
11 0.556005 0.529227 0.033738 0.040468
34 0.530702 0.688849 0.034413 0.044964
37 0.508097 0.633094 0.033738 0.044964
13 0.167004 0.748201 0.047908 0.048561
50 0.640688 0.746403 0.062753 0.048561
18 0.446019 0.689299 0.033738 0.045863
55 0.274629 0.689748 0.035088 0.044964
40 0.488192 0.688399 0.034413 0.044065
7 0.356275 0.529227 0.033738 0.042266
46 0.610324 0.686151 0.108637 0.046763
45 0.070513 0.633094 0.069501 0.044964
43 0.172402 0.635342 0.035762 0.045863
15 0.317476 0.688849 0.035762 0.046763
32 0.101552 0.690647 0.038462 0.048561
25 0.341093 0.634442 0.034413 0.042266
6 0.314777 0.529676 0.033063 0.041367
1 0.110324 0.529227 0.034413 0.042266
26 0.630567 0.580486 0.054656 0.042266
39 0.578273 0.580036 0.033738 0.043165
57 0.188934 0.690198 0.035088 0.045863
54 0.537449 0.580486 0.034413 0.042266
38 0.496626 0.579137 0.032389 0.041367
36 0.455128 0.580036 0.033063 0.041367
29 0.424764 0.632644 0.033063 0.044065
59 0.333671 0.580486 0.033063 0.042266
49 0.050270 0.749101 0.065452 0.050360
21 0.208502 0.580935 0.035088 0.044964
52 0.072200 0.579586 0.056680 0.044065
51 0.291835 0.580935 0.033063 0.041367
20 0.615722 0.527428 0.073549 0.040468
44 0.052632 0.690647 0.048583 0.046763
31 0.466937 0.633543 0.032389 0.044065
28 0.382928 0.633094 0.033063 0.044964
0 0.475034 0.528777 0.033738 0.041367
24 0.298920 0.633993 0.033738 0.044964
42 0.249663 0.580486 0.033738 0.042266
19 0.214912 0.634892 0.034413 0.044964
35 0.360661 0.688849 0.034413 0.044964
27 0.415655 0.580036 0.032389 0.041367
53 0.374157 0.580935 0.033063 0.041367
16 0.231444 0.689299 0.035088 0.045863
48 0.515857 0.528777 0.033063 0.041367
56 0.167004 0.580935 0.034413 0.043165
2 0.151484 0.528777 0.035762 0.043165
22 0.617072 0.632194 0.087045 0.043165
30 0.500337 0.615558 0.999325 0.389388
41 0.124831 0.581385 0.036437 0.045863
14 0.473009 0.746403 0.047233 0.046763
17 0.068151 0.527878 0.036437 0.043165
