34 0.540937 0.567199 0.033125 0.038534
23 0.259062 0.518327 0.033125 0.040414
45 0.070000 0.519737 0.067500 0.039474
24 0.301563 0.518327 0.033125 0.038534
27 0.421875 0.464756 0.032500 0.040414
56 0.167187 0.465695 0.031875 0.042293
59 0.336562 0.465226 0.033125 0.041353
22 0.645312 0.493421 0.058125 0.093985
4 0.233750 0.414474 0.033750 0.043233
29 0.431250 0.517857 0.033750 0.039474
3 0.191250 0.414004 0.033750 0.042293
8 0.400938 0.413534 0.033125 0.041353
26 0.603437 0.517387 0.033125 0.040414
17 0.065625 0.415414 0.032500 0.039474
0 0.485000 0.413534 0.033750 0.037594
52 0.070625 0.469925 0.057500 0.048872
2 0.149688 0.414474 0.033125 0.041353
41 0.123750 0.468045 0.035000 0.046992
14 0.490000 0.620301 0.048750 0.039474
37 0.517500 0.516447 0.033750 0.038534
40 0.497812 0.567669 0.031875 0.035714
35 0.366250 0.567669 0.033750 0.039474
43 0.172187 0.519267 0.033125 0.036654
18 0.454062 0.567669 0.033125 0.037594
13 0.159062 0.621711 0.049375 0.038534
47 0.322813 0.624060 0.273125 0.046992
51 0.294063 0.465226 0.033125 0.043233
20 0.630313 0.415883 0.074375 0.040414
53 0.379688 0.466165 0.033125 0.041353
48 0.526250 0.414004 0.033750 0.038534
42 0.251875 0.466635 0.033750 0.042293
25 0.344375 0.517387 0.033750 0.040414
15 0.322500 0.567669 0.035000 0.039474
32 0.101875 0.569549 0.036250 0.039474
19 0.215000 0.516917 0.032500 0.039474
44 0.052187 0.570019 0.048125 0.036654
30 0.500000 0.500000 0.993750 0.390977
28 0.388125 0.515977 0.032500 0.039474
36 0.464062 0.464286 0.033125 0.039474
38 0.506563 0.465226 0.031875 0.039474
16 0.234375 0.569079 0.036250 0.040414
12 0.560625 0.516917 0.033750 0.039474
50 0.658125 0.619831 0.050000 0.038534
55 0.277813 0.567669 0.035625 0.037594
54 0.548438 0.465226 0.033125 0.041353
1 0.107188 0.415883 0.034375 0.040414
49 0.045937 0.621711 0.050625 0.038534
31 0.474375 0.515508 0.033750 0.038534
5 0.275000 0.413064 0.033750 0.040414
6 0.317188 0.414004 0.033125 0.038534
7 0.359063 0.413064 0.033125 0.040414
46 0.621563 0.569079 0.109375 0.038534
58 0.145937 0.569079 0.035625 0.038534
10 0.129062 0.519267 0.033125 0.038534
11 0.568125 0.414004 0.032500 0.040414
9 0.443125 0.414474 0.032500 0.039474
39 0.590625 0.466165 0.032500 0.041353
33 0.409687 0.567199 0.034375 0.040414
21 0.209063 0.465695 0.034375 0.044173
57 0.190000 0.567669 0.035000 0.039474
