6 0.279582 0.304087 0.039443 0.088942
45 0.016241 0.518029 0.030162 0.079327
54 0.549884 0.406250 0.039443 0.086538
59 0.303944 0.406250 0.039443 0.086538
38 0.500580 0.405048 0.038283 0.084135
11 0.574246 0.304087 0.037123 0.084135
44 0.011601 0.609375 0.020882 0.079327
35 0.340487 0.609375 0.040603 0.088942
34 0.537703 0.609375 0.035963 0.084135
30 0.501160 0.445913 1.000000 0.834135
8 0.377610 0.306490 0.040603 0.088942
13 0.114269 0.722356 0.052204 0.103365
5 0.230278 0.305288 0.040603 0.086538
4 0.182135 0.304087 0.039443 0.084135
25 0.315545 0.507212 0.039443 0.086538
50 0.665893 0.715144 0.051044 0.088942
9 0.427494 0.305288 0.040603 0.086538
3 0.132251 0.306490 0.041763 0.088942
37 0.512761 0.508413 0.037123 0.088942
52 0.016821 0.407452 0.031323 0.084135
40 0.488979 0.608173 0.033643 0.081731
21 0.157193 0.407452 0.042923 0.088942
51 0.254640 0.405048 0.038283 0.084135
26 0.610209 0.507212 0.037123 0.086538
27 0.401392 0.405048 0.037123 0.084135
29 0.414153 0.507212 0.037123 0.086538
42 0.205336 0.406250 0.041763 0.086538
43 0.119490 0.510817 0.041763 0.093750
55 0.242459 0.609375 0.039443 0.084135
18 0.440255 0.608173 0.035963 0.086538
56 0.106729 0.407452 0.044084 0.093750
2 0.082367 0.305288 0.037123 0.086538
22 0.658353 0.455529 0.066125 0.189904
28 0.365429 0.507212 0.037123 0.086538
19 0.168794 0.509615 0.040603 0.091346
24 0.265661 0.508413 0.037123 0.084135
46 0.628190 0.609375 0.121810 0.084135
10 0.070186 0.510817 0.042923 0.093750
17 0.009861 0.304087 0.017401 0.079327
33 0.390371 0.609375 0.040603 0.088942
20 0.647912 0.305288 0.087007 0.081731
32 0.044664 0.608173 0.038283 0.081731
47 0.296404 0.723558 0.298144 0.110577
1 0.033643 0.305288 0.039443 0.086538
49 0.013921 0.715144 0.025522 0.088942
14 0.481439 0.722356 0.048724 0.103365
16 0.193155 0.609375 0.038283 0.084135
41 0.057425 0.409856 0.042923 0.093750
12 0.562065 0.508413 0.035963 0.088942
15 0.291763 0.608173 0.040603 0.086538
36 0.451276 0.406250 0.039443 0.086538
39 0.599188 0.405048 0.035963 0.088942
48 0.524942 0.305288 0.038283 0.086538
58 0.095128 0.608173 0.037123 0.081731
53 0.352088 0.406250 0.040603 0.086538
23 0.218097 0.508413 0.037123 0.084135
7 0.329466 0.305288 0.041763 0.091346
31 0.464037 0.507212 0.037123 0.086538
57 0.144432 0.609375 0.038283 0.084135
0 0.475638 0.305288 0.039443 0.086538
