47 0.457500 0.859375 0.315000 0.164062
16 0.328333 0.699219 0.060000 0.132812
29 0.625833 0.546875 0.058333 0.132812
3 0.246667 0.246094 0.060000 0.132812
5 0.378333 0.246094 0.060000 0.132812
19 0.295833 0.546875 0.058333 0.132812
37 0.758333 0.546875 0.060000 0.132812
22 0.917500 0.546875 0.115000 0.132812
0 0.710000 0.246094 0.060000 0.132812
12 0.825000 0.546875 0.060000 0.132812
24 0.427500 0.546875 0.058333 0.132812
43 0.230833 0.546875 0.058333 0.132812
14 0.660000 0.863281 0.076667 0.156250
27 0.610000 0.396484 0.060000 0.128906
20 0.927500 0.244141 0.095000 0.136719
17 0.046667 0.244141 0.060000 0.136719
25 0.493333 0.546875 0.060000 0.132812
39 0.875833 0.394531 0.061667 0.132812
34 0.791667 0.699219 0.060000 0.132812
30 0.501667 0.494141 0.990000 0.980469
1 0.115000 0.246094 0.060000 0.132812
28 0.559167 0.546875 0.058333 0.132812
50 0.735000 0.863281 0.060000 0.156250
52 0.064167 0.396484 0.095000 0.136719
4 0.314167 0.246094 0.058333 0.132812
57 0.263333 0.699219 0.060000 0.132812
58 0.200000 0.699219 0.060000 0.132812
49 0.048333 0.859375 0.063333 0.156250
7 0.511667 0.246094 0.060000 0.132812
38 0.741667 0.394531 0.060000 0.132812
51 0.412500 0.396484 0.058333 0.128906
33 0.591667 0.699219 0.060000 0.132812
36 0.675833 0.396484 0.058333 0.128906
40 0.725000 0.699219 0.060000 0.132812
55 0.395000 0.697266 0.060000 0.128906
53 0.543333 0.396484 0.060000 0.136719
13 0.254167 0.859375 0.078333 0.156250
42 0.345833 0.396484 0.058333 0.128906
45 0.072500 0.544922 0.111667 0.136719
6 0.445000 0.246094 0.060000 0.132812
59 0.477500 0.396484 0.058333 0.128906
11 0.842500 0.242188 0.058333 0.132812
35 0.526667 0.697266 0.060000 0.128906
9 0.643333 0.246094 0.060000 0.132812
46 0.900833 0.701172 0.148333 0.136719
21 0.280000 0.398438 0.060000 0.132812
41 0.147500 0.396484 0.061667 0.136719
18 0.658333 0.699219 0.060000 0.132812
2 0.181667 0.246094 0.060000 0.132812
23 0.361667 0.546875 0.060000 0.132812
31 0.692500 0.546875 0.058333 0.132812
48 0.775833 0.246094 0.061667 0.132812
15 0.460000 0.697266 0.060000 0.128906
44 0.090833 0.697266 0.145000 0.136719
10 0.164167 0.546875 0.058333 0.132812
8 0.576667 0.246094 0.060000 0.132812
56 0.214167 0.394531 0.058333 0.132812
26 0.945000 0.396484 0.060000 0.136719
54 0.808333 0.394531 0.060000 0.132812
