5 0.276868 0.481935 0.029489 0.059441
55 0.289318 0.692890 0.029489 0.059441
3 0.198231 0.484848 0.029489 0.060606
6 0.316841 0.480769 0.030799 0.059441
34 0.524902 0.684732 0.028834 0.057110
37 0.504915 0.615385 0.029489 0.058275
52 0.091415 0.557110 0.049148 0.062937
24 0.307667 0.620629 0.029489 0.059441
30 0.486239 0.583333 0.969856 0.600233
25 0.347969 0.620629 0.030144 0.059441
1 0.119921 0.486597 0.028834 0.059441
51 0.297182 0.551865 0.029489 0.057110
59 0.336828 0.550699 0.028834 0.059441
13 0.196265 0.772727 0.039974 0.074592
28 0.386632 0.620047 0.028834 0.058275
7 0.356160 0.480186 0.029489 0.058275
49 0.096003 0.770396 0.049148 0.067599
43 0.190367 0.625291 0.029489 0.059441
33 0.407274 0.688811 0.030799 0.060606
53 0.376802 0.550699 0.030144 0.059441
50 0.625819 0.758159 0.053735 0.064103
47 0.333224 0.771562 0.218218 0.088578
31 0.465924 0.617133 0.028834 0.059441
32 0.131717 0.695221 0.028834 0.059441
42 0.258191 0.553030 0.030144 0.059441
12 0.544889 0.614802 0.029489 0.059441
39 0.572739 0.543706 0.030144 0.061772
10 0.150393 0.625874 0.028178 0.060606
18 0.446920 0.686480 0.028834 0.058275
23 0.269004 0.624709 0.029489 0.058275
57 0.210682 0.695221 0.028178 0.057110
26 0.583552 0.613054 0.029489 0.058275
38 0.493775 0.546620 0.029489 0.058275
58 0.172674 0.696387 0.028178 0.057110
19 0.228702 0.622960 0.030144 0.059441
21 0.218545 0.554779 0.029489 0.060606
22 0.623853 0.578671 0.053735 0.131702
35 0.368283 0.688228 0.030144 0.059441
16 0.248689 0.692308 0.029489 0.058275
27 0.416448 0.548368 0.029489 0.057110
9 0.435125 0.477855 0.030144 0.060606
36 0.455439 0.548368 0.030144 0.057110
8 0.396134 0.479604 0.030799 0.061772
56 0.178571 0.553613 0.029489 0.060606
4 0.237549 0.483100 0.029489 0.059441
46 0.599607 0.682984 0.098296 0.058275
40 0.486239 0.685315 0.028834 0.058275
2 0.158585 0.485431 0.028834 0.059441
15 0.328637 0.690559 0.030799 0.059441
0 0.474115 0.476690 0.030799 0.060606
44 0.089122 0.698718 0.038008 0.059441
29 0.425950 0.618298 0.030144 0.059441
41 0.139908 0.555361 0.030799 0.059441
54 0.534076 0.545455 0.030144 0.060606
11 0.553080 0.474359 0.030144 0.058275
20 0.613041 0.472611 0.071429 0.061772
17 0.081258 0.485431 0.028834 0.061772
48 0.513434 0.475524 0.030799 0.060606
45 0.093381 0.628788 0.047837 0.059441
14 0.472149 0.764569 0.041284 0.076923
