16 0.248000 0.650801 0.042667 0.063167
29 0.500333 0.573399 0.044667 0.066726
15 0.359667 0.649466 0.043333 0.065836
1 0.061333 0.428381 0.042667 0.063167
36 0.542333 0.495996 0.046000 0.064947
18 0.529667 0.649466 0.046000 0.067616
4 0.228333 0.425712 0.043333 0.064947
32 0.082333 0.651246 0.042000 0.062278
10 0.108333 0.578737 0.042000 0.064947
9 0.516000 0.424377 0.045333 0.065836
49 0.025000 0.728648 0.048667 0.060498
27 0.484667 0.498665 0.045333 0.064947
20 0.776333 0.411922 0.108667 0.067616
51 0.315000 0.500000 0.043333 0.064057
37 0.615000 0.572064 0.046000 0.065836
28 0.442667 0.574288 0.044000 0.066726
44 0.024000 0.652580 0.046667 0.061388
31 0.557333 0.572064 0.045333 0.065836
21 0.204333 0.502224 0.042000 0.063167
52 0.030333 0.504448 0.059333 0.060498
11 0.688667 0.414591 0.045333 0.065836
56 0.147667 0.502224 0.043333 0.063167
45 0.037667 0.579181 0.074000 0.062278
12 0.675000 0.570730 0.046000 0.066726
57 0.192000 0.652580 0.042667 0.064947
17 0.014000 0.433719 0.026667 0.061388
48 0.632000 0.422598 0.048000 0.067616
2 0.116667 0.429270 0.042667 0.063167
6 0.341333 0.424377 0.044000 0.064057
47 0.367333 0.725979 0.348000 0.067616
30 0.500667 0.522242 1.000000 0.514235
41 0.093333 0.504004 0.042667 0.063167
35 0.415667 0.650356 0.044667 0.067616
55 0.303333 0.650801 0.042667 0.064947
38 0.600333 0.494217 0.047333 0.064947
7 0.398000 0.420819 0.042667 0.065836
5 0.284667 0.424377 0.042667 0.065836
53 0.428000 0.499110 0.045333 0.065836
33 0.473667 0.649911 0.046000 0.068505
59 0.371333 0.499110 0.042667 0.064057
26 0.731667 0.569840 0.044667 0.064947
3 0.172000 0.427936 0.044000 0.065836
0 0.572667 0.423932 0.046667 0.064947
8 0.455667 0.422153 0.046000 0.070285
19 0.219667 0.577402 0.043333 0.065836
39 0.718000 0.493327 0.045333 0.066726
14 0.582000 0.726423 0.062667 0.066726
25 0.386000 0.574288 0.042667 0.064947
22 0.793333 0.530694 0.077333 0.146797
43 0.164333 0.577847 0.042000 0.064947
42 0.260333 0.501779 0.043333 0.064057
23 0.274667 0.576068 0.041333 0.063167
24 0.329667 0.574733 0.042000 0.064057
54 0.659333 0.494217 0.046667 0.066726
40 0.589667 0.649021 0.046000 0.066726
34 0.647000 0.649021 0.046000 0.066726
13 0.156667 0.727313 0.056000 0.063167
50 0.801667 0.725979 0.062000 0.064057
46 0.755667 0.648132 0.148667 0.068505
58 0.138333 0.653025 0.042000 0.062278
