18 0.440934 0.528388 0.042582 0.056777
46 0.624657 0.533883 0.125687 0.056777
36 0.453640 0.411630 0.043269 0.044872
34 0.533654 0.528388 0.042582 0.054945
0 0.478365 0.348443 0.041896 0.055861
57 0.158654 0.528388 0.042582 0.054945
29 0.418269 0.466575 0.042582 0.055861
11 0.571772 0.345238 0.040522 0.053114
37 0.510989 0.467033 0.042582 0.056777
19 0.184409 0.467033 0.044643 0.056777
35 0.347527 0.528388 0.043956 0.056777
33 0.393544 0.528846 0.042582 0.057692
43 0.138393 0.467949 0.043269 0.056777
3 0.154876 0.346154 0.043269 0.054945
5 0.247596 0.345238 0.041896 0.054945
20 0.639766 0.347070 0.085852 0.054945
13 0.126374 0.592949 0.056319 0.057692
54 0.547734 0.406593 0.041896 0.053114
47 0.307349 0.594322 0.293269 0.060440
24 0.277473 0.467033 0.043956 0.056777
21 0.175137 0.405678 0.042582 0.056777
30 0.500687 0.444597 1.000000 0.418498
1 0.062500 0.346154 0.043956 0.054945
44 0.019231 0.531136 0.037088 0.056777
41 0.081731 0.406136 0.045330 0.057692
17 0.019231 0.347527 0.037088 0.052198
14 0.482143 0.593864 0.056319 0.059524
16 0.206044 0.528846 0.043956 0.055861
2 0.108516 0.346612 0.042582 0.054029
45 0.032967 0.467491 0.064560 0.055861
49 0.018201 0.595238 0.035027 0.058608
7 0.338942 0.348901 0.041896 0.047619
51 0.267514 0.404762 0.041896 0.054945
42 0.221497 0.405678 0.044643 0.056777
6 0.293613 0.345238 0.041896 0.054945
12 0.557349 0.466117 0.041896 0.056777
52 0.028159 0.407051 0.054945 0.055861
27 0.407280 0.405220 0.041209 0.054029
28 0.371223 0.466575 0.041896 0.055861
58 0.111607 0.528846 0.043269 0.055861
40 0.487637 0.528846 0.042582 0.055861
25 0.324519 0.466575 0.043269 0.055861
53 0.361264 0.405678 0.042582 0.056777
26 0.651442 0.405678 0.066621 0.054945
39 0.594437 0.408883 0.041896 0.055861
59 0.314560 0.406593 0.042582 0.054945
23 0.231799 0.466575 0.043269 0.055861
50 0.660371 0.593864 0.058379 0.059524
8 0.386332 0.347985 0.041896 0.051282
22 0.634272 0.467491 0.103709 0.054029
48 0.526786 0.347070 0.041209 0.054945
32 0.064217 0.529304 0.043269 0.056777
38 0.501717 0.408883 0.044643 0.050366
4 0.200893 0.345238 0.041896 0.054945
55 0.253091 0.528388 0.044643 0.056777
9 0.433036 0.347527 0.041896 0.054029
10 0.091346 0.467491 0.043956 0.055861
56 0.128777 0.405220 0.043269 0.057692
31 0.464629 0.466575 0.041896 0.055861
15 0.300137 0.528846 0.043956 0.055861
