57 0.173930 0.553354 0.030903 0.060976
40 0.455230 0.574695 0.030903 0.060976
56 0.154517 0.400152 0.026941 0.056402
50 0.600238 0.665396 0.043582 0.062500
43 0.158875 0.477896 0.027734 0.056402
4 0.216719 0.331555 0.027734 0.059451
36 0.431062 0.421494 0.028526 0.059451
42 0.232567 0.406250 0.029319 0.056402
2 0.137876 0.326982 0.028526 0.056402
30 0.490887 0.495427 0.980190 0.728659
10 0.119651 0.474085 0.030111 0.057927
3 0.177100 0.329268 0.029319 0.060976
31 0.438193 0.497713 0.028526 0.059451
5 0.255547 0.333079 0.029319 0.059451
34 0.495246 0.577744 0.028526 0.060976
51 0.272187 0.410061 0.029319 0.057927
54 0.509905 0.427591 0.029319 0.059451
58 0.133914 0.551067 0.030111 0.059451
8 0.373613 0.342988 0.029319 0.060976
41 0.112916 0.398628 0.029319 0.059451
18 0.414818 0.570884 0.029319 0.062500
29 0.397385 0.494665 0.030903 0.059451
21 0.192552 0.404726 0.026941 0.059451
12 0.517433 0.503811 0.030111 0.059451
16 0.213550 0.557165 0.030903 0.062500
17 0.059429 0.320884 0.030111 0.059451
53 0.350634 0.416159 0.029319 0.057927
37 0.477813 0.500762 0.028526 0.059451
27 0.390650 0.419207 0.028526 0.057927
38 0.469889 0.424543 0.028526 0.059451
52 0.065372 0.397866 0.051506 0.064024
26 0.556656 0.505335 0.029319 0.059451
32 0.092710 0.547256 0.030111 0.060976
24 0.277338 0.487805 0.028526 0.057927
9 0.412837 0.344512 0.030111 0.060976
46 0.571712 0.583841 0.100634 0.060976
23 0.238114 0.483994 0.027734 0.059451
46 0.184231 0.062500 0.262282 0.121951
22 0.598653 0.474085 0.049921 0.137195
6 0.295959 0.337652 0.029319 0.059451
19 0.198494 0.478659 0.027734 0.054878
13 0.143027 0.628811 0.041997 0.059451
1 0.099049 0.323171 0.028526 0.057927
49 0.042393 0.623476 0.045166 0.057927
20 0.589937 0.358232 0.067353 0.060976
0 0.452853 0.348323 0.029319 0.059451
7 0.334390 0.339939 0.028526 0.060976
59 0.311410 0.413872 0.028526 0.059451
39 0.548732 0.431402 0.029319 0.060976
45 0.064976 0.473323 0.058637 0.059451
44 0.048732 0.548018 0.041997 0.059451
11 0.531300 0.353659 0.029319 0.057927
48 0.492076 0.351372 0.030111 0.059451
35 0.333597 0.565549 0.031696 0.060976
15 0.293978 0.562500 0.031696 0.060976
25 0.318146 0.489329 0.029319 0.057927
14 0.444929 0.652439 0.041997 0.060976
28 0.357369 0.492378 0.028526 0.057927
47 0.293978 0.648628 0.245642 0.086890
33 0.374802 0.567835 0.030111 0.062500
55 0.253566 0.559451 0.030111 0.060976
