26 0.570842 0.724249 0.033881 0.083691
37 0.481776 0.724249 0.032341 0.079399
33 0.369353 0.816524 0.034394 0.083691
55 0.235883 0.813305 0.034394 0.083691
38 0.470996 0.629828 0.033368 0.081545
45 0.025924 0.719957 0.050821 0.081545
12 0.526437 0.724249 0.033368 0.081545
53 0.336499 0.628755 0.034394 0.081545
30 0.499743 0.666309 0.998460 0.669528
1 0.044918 0.536481 0.033368 0.075107
51 0.247177 0.627682 0.032341 0.081545
31 0.437372 0.723176 0.031828 0.079399
8 0.358573 0.538627 0.033368 0.079399
13 0.126027 0.912554 0.047741 0.080472
43 0.124743 0.721030 0.032854 0.081545
40 0.459189 0.817060 0.033368 0.082618
17 0.008214 0.535408 0.015400 0.077253
23 0.214579 0.720494 0.032854 0.082618
48 0.492556 0.539163 0.033368 0.076180
47 0.283624 0.910944 0.244867 0.083691
41 0.067762 0.627146 0.034908 0.082618
5 0.224846 0.538090 0.032854 0.076180
54 0.515144 0.629828 0.034394 0.083691
44 0.014630 0.815987 0.028234 0.080472
46 0.586756 0.820279 0.111910 0.084764
42 0.203799 0.627682 0.033881 0.081545
3 0.135267 0.536481 0.034394 0.077253
24 0.257700 0.720494 0.031828 0.080472
25 0.303131 0.721567 0.032341 0.078326
15 0.280031 0.814378 0.035421 0.083691
4 0.180441 0.537017 0.032341 0.076180
6 0.269251 0.537554 0.033368 0.077253
21 0.158881 0.628219 0.033368 0.082618
56 0.113193 0.627682 0.032341 0.083691
22 0.615503 0.678648 0.057495 0.179185
32 0.056468 0.812768 0.033881 0.086910
39 0.559805 0.628755 0.032341 0.081545
2 0.089579 0.537017 0.033368 0.076180
11 0.537474 0.539163 0.032854 0.074034
19 0.169405 0.720494 0.031828 0.082618
52 0.020021 0.627682 0.039014 0.083691
10 0.079825 0.719957 0.032341 0.081545
28 0.347536 0.723176 0.031828 0.081545
50 0.619610 0.917918 0.050308 0.078326
35 0.324949 0.814378 0.033881 0.081545
57 0.146304 0.813841 0.032854 0.082618
9 0.403491 0.538090 0.032854 0.078326
34 0.502823 0.816524 0.034394 0.083691
7 0.313912 0.537554 0.032341 0.079399
58 0.101899 0.812768 0.032341 0.082618
27 0.380903 0.628219 0.032854 0.080472
36 0.426335 0.628755 0.033368 0.081545
20 0.605236 0.540773 0.080082 0.077253
18 0.414014 0.816524 0.033368 0.083691
0 0.447895 0.537017 0.033368 0.078326
29 0.392454 0.722639 0.033368 0.080472
49 0.015914 0.913627 0.030801 0.078326
14 0.439682 0.915236 0.048768 0.079399
59 0.292094 0.628219 0.032854 0.080472
16 0.190965 0.813841 0.033881 0.084764
