26 0.580500 0.711900 0.033000 0.081420
37 0.493750 0.711900 0.031500 0.077244
33 0.384250 0.801670 0.033500 0.081420
55 0.254250 0.798539 0.033500 0.081420
38 0.483250 0.620042 0.032500 0.079332
45 0.043000 0.707724 0.063000 0.079332
12 0.537250 0.711900 0.032500 0.079332
53 0.352250 0.618998 0.033500 0.079332
30 0.500500 0.661273 0.994000 0.662839
1 0.068250 0.529228 0.032500 0.073069
51 0.265250 0.617954 0.031500 0.079332
31 0.450500 0.710856 0.031000 0.077244
8 0.373750 0.531315 0.032500 0.077244
13 0.147250 0.895094 0.046500 0.078288
43 0.146000 0.708768 0.032000 0.079332
40 0.471750 0.802192 0.032500 0.080376
17 0.024500 0.528184 0.030000 0.075157
23 0.233500 0.708246 0.032000 0.080376
48 0.504250 0.531837 0.032500 0.074113
47 0.300750 0.893528 0.238500 0.081420
41 0.090500 0.617432 0.034000 0.080376
5 0.243500 0.530793 0.032000 0.074113
54 0.526250 0.620042 0.033500 0.081420
44 0.031500 0.801148 0.042000 0.078288
46 0.596000 0.805324 0.109000 0.082463
42 0.223000 0.617954 0.033000 0.079332
3 0.156250 0.529228 0.033500 0.075157
24 0.275500 0.708246 0.031000 0.078288
25 0.319750 0.709290 0.031500 0.076200
15 0.297250 0.799582 0.034500 0.081420
4 0.200250 0.529749 0.031500 0.074113
6 0.286750 0.530271 0.032500 0.075157
21 0.179250 0.618476 0.032500 0.080376
56 0.134750 0.617954 0.031500 0.081420
22 0.624000 0.667537 0.056000 0.174322
32 0.079500 0.798017 0.033000 0.084551
39 0.569750 0.618998 0.031500 0.079332
2 0.111750 0.529749 0.032500 0.074113
11 0.548000 0.531837 0.032000 0.072025
19 0.189500 0.708246 0.031000 0.080376
52 0.036500 0.617954 0.053000 0.081420
10 0.102250 0.707724 0.031500 0.079332
28 0.363000 0.710856 0.031000 0.079332
50 0.628000 0.900313 0.049000 0.076200
35 0.341000 0.799582 0.033000 0.079332
57 0.167000 0.799061 0.032000 0.080376
9 0.417500 0.530793 0.032000 0.076200
34 0.514250 0.801670 0.033500 0.081420
7 0.330250 0.530271 0.031500 0.077244
58 0.123750 0.798017 0.031500 0.080376
27 0.395500 0.618476 0.032000 0.078288
36 0.439750 0.618998 0.032500 0.079332
20 0.614000 0.533403 0.078000 0.075157
18 0.427750 0.801670 0.032500 0.081420
0 0.460750 0.529749 0.032500 0.076200
29 0.406750 0.710334 0.032500 0.078288
49 0.032000 0.896138 0.046000 0.076200
14 0.452750 0.897704 0.047500 0.077244
59 0.309000 0.618476 0.032000 0.078288
16 0.210500 0.799061 0.033000 0.082463
