2 0.242578 0.123028 0.074219 0.132492
57 0.274609 0.567035 0.075781 0.140379
40 0.773047 0.731073 0.080469 0.149842
52 0.109375 0.221609 0.103125 0.146688
35 0.551562 0.656940 0.078125 0.146688
34 0.847266 0.756309 0.080469 0.152997
46 0.942578 0.800473 0.116406 0.190852
53 0.601953 0.370662 0.077344 0.141956
15 0.480469 0.633281 0.079687 0.149842
55 0.410547 0.610410 0.078906 0.145110
32 0.682422 0.867508 0.102344 0.176656
18 0.696875 0.705047 0.079687 0.151420
29 0.675781 0.544164 0.076563 0.148265
49 0.105859 0.667192 0.078906 0.160883
11 0.949219 0.321767 0.079687 0.145110
23 0.393750 0.456625 0.075000 0.140379
22 0.967969 0.651420 0.065625 0.173502
38 0.820312 0.434543 0.078125 0.146688
19 0.325000 0.434543 0.075000 0.143533
25 0.532031 0.500000 0.076563 0.145110
44 0.100391 0.507098 0.153906 0.159306
47 0.463672 0.793375 0.357031 0.255521
7 0.582422 0.219243 0.077344 0.141956
24 0.461328 0.476341 0.075781 0.148265
30 0.500781 0.501577 1.000000 1.000000
56 0.258203 0.267350 0.074219 0.137224
3 0.307812 0.141167 0.075000 0.134069
41 0.191406 0.246845 0.073438 0.140379
10 0.191016 0.391956 0.072656 0.140379
26 0.766016 0.899054 0.082031 0.173502
36 0.744922 0.411672 0.077344 0.148265
0 0.798828 0.278391 0.078906 0.146688
59 0.530859 0.349369 0.075781 0.143533
4 0.376172 0.160095 0.074219 0.137224
54 0.896094 0.458202 0.079687 0.149842
51 0.462109 0.328076 0.075781 0.138801
1 0.176172 0.102524 0.072656 0.129338
43 0.257422 0.414038 0.074219 0.140379
31 0.750391 0.570189 0.077344 0.152997
33 0.624219 0.682177 0.079687 0.149842
27 0.673438 0.392744 0.076563 0.145110
12 0.900000 0.615142 0.079687 0.151420
28 0.603906 0.520505 0.076563 0.148265
5 0.443750 0.179811 0.076563 0.138801
58 0.207422 0.544953 0.074219 0.137224
9 0.725391 0.258675 0.078906 0.141956
39 0.966406 0.478707 0.068750 0.152997
21 0.325391 0.289432 0.074219 0.140379
42 0.392969 0.308360 0.075000 0.140379
37 0.822656 0.592271 0.078125 0.152997
6 0.512500 0.198738 0.078125 0.138801
45 0.101562 0.363565 0.120313 0.152997
8 0.651953 0.238959 0.077344 0.143533
16 0.342187 0.588328 0.076563 0.145110
48 0.872656 0.300473 0.079687 0.146688
13 0.174219 0.690852 0.078125 0.160883
