31 0.490607 0.578035 0.047688 0.046243
52 0.022399 0.532514 0.041908 0.050578
48 0.544798 0.474711 0.046243 0.041908
41 0.026734 0.532514 0.050578 0.047688
1 0.015173 0.481214 0.027457 0.043353
19 0.152457 0.583815 0.050578 0.049133
37 0.544798 0.577312 0.049133 0.047688
33 0.411127 0.634393 0.050578 0.049133
44 0.021676 0.645954 0.040462 0.054913
54 0.577312 0.525289 0.047688 0.044798
23 0.210260 0.583092 0.050578 0.047688
0 0.492775 0.475434 0.046243 0.043353
51 0.252168 0.528902 0.047688 0.046243
17 0.014451 0.481214 0.026012 0.046243
27 0.416908 0.527457 0.047688 0.043353
59 0.308526 0.528179 0.047688 0.044798
7 0.334538 0.476879 0.047688 0.043353
9 0.440029 0.476879 0.044798 0.043353
35 0.354769 0.635838 0.050578 0.049133
55 0.238439 0.637283 0.052023 0.049133
45 0.027457 0.587428 0.052023 0.050578
46 0.655347 0.629335 0.091040 0.047688
10 0.036127 0.586705 0.052023 0.049133
42 0.195087 0.530347 0.052023 0.046243
3 0.114162 0.479769 0.049133 0.043353
38 0.523844 0.525289 0.047688 0.044798
24 0.267341 0.580925 0.049133 0.046243
16 0.179191 0.639451 0.054913 0.050578
49 0.023844 0.706647 0.044798 0.054913
2 0.059249 0.480491 0.049133 0.044798
4 0.169075 0.478324 0.049133 0.043353
34 0.580202 0.630780 0.050578 0.047688
39 0.630780 0.523844 0.047688 0.044798
15 0.296243 0.635838 0.052023 0.049133
36 0.470376 0.526012 0.047688 0.043353
20 0.677746 0.472543 0.104046 0.043353
28 0.380780 0.579480 0.047688 0.046243
53 0.362717 0.528179 0.049133 0.044798
13 0.114162 0.700145 0.054913 0.053468
11 0.597543 0.473988 0.047688 0.043353
14 0.472543 0.690751 0.052023 0.052023
56 0.082370 0.531069 0.052023 0.047688
47 0.293353 0.695087 0.289017 0.057803
21 0.138728 0.531069 0.052023 0.047688
32 0.015173 0.645231 0.027457 0.050578
6 0.279624 0.476879 0.047688 0.043353
29 0.435694 0.578035 0.047688 0.046243
26 0.654624 0.575145 0.049133 0.046243
43 0.093931 0.585260 0.052023 0.049133
40 0.523844 0.632225 0.050578 0.047688
57 0.121387 0.640896 0.052023 0.050578
58 0.062139 0.643064 0.052023 0.049133
50 0.606936 0.687861 0.095376 0.052023
12 0.599711 0.576590 0.049133 0.046243
8 0.387283 0.476879 0.046243 0.043353
5 0.224711 0.477601 0.047688 0.044798
25 0.325145 0.580925 0.049133 0.046243
30 0.501445 0.573699 1.000000 0.364162
22 0.703757 0.547688 0.089595 0.098266
18 0.467486 0.632225 0.050578 0.047688
