47 0.469683 0.658708 0.280784 0.213483
0 0.568097 0.305478 0.052239 0.068820
13 0.303638 0.747893 0.058769 0.085674
33 0.550373 0.531601 0.059701 0.074438
58 0.225746 0.711376 0.055970 0.074438
45 0.099347 0.702247 0.105410 0.106742
10 0.180037 0.660112 0.052239 0.073034
57 0.282183 0.681180 0.053172 0.075843
2 0.154384 0.526685 0.049440 0.070225
50 0.751399 0.502809 0.099813 0.092697
55 0.390392 0.620787 0.062500 0.073034
23 0.341884 0.569522 0.056903 0.077247
46 0.776119 0.411517 0.089552 0.087079
43 0.233675 0.630618 0.055037 0.075843
27 0.516791 0.403792 0.055970 0.071629
17 0.040112 0.583567 0.055970 0.077247
32 0.173041 0.748596 0.053172 0.089888
39 0.716884 0.298455 0.051306 0.066011
16 0.335821 0.652388 0.057836 0.077247
49 0.121735 0.853230 0.081157 0.105337
4 0.258862 0.468399 0.051306 0.071629
31 0.605410 0.427669 0.054104 0.074438
41 0.143190 0.605337 0.055037 0.078652
8 0.466884 0.361657 0.045709 0.071629
15 0.447295 0.589185 0.058769 0.080056
26 0.756996 0.345506 0.051306 0.075843
7 0.418843 0.389747 0.050373 0.068820
35 0.499067 0.562500 0.055970 0.071629
12 0.708022 0.371489 0.055970 0.071629
51 0.357743 0.487360 0.056903 0.067416
48 0.618004 0.284410 0.049440 0.060393
21 0.252332 0.545646 0.055037 0.074438
54 0.666511 0.322331 0.056903 0.068820
20 0.739272 0.217697 0.097948 0.089888
18 0.606810 0.507022 0.053172 0.070225
38 0.617071 0.349017 0.055037 0.068820
52 0.070429 0.642556 0.086754 0.096910
22 0.791045 0.291433 0.104478 0.130618
44 0.103545 0.778090 0.076493 0.095506
36 0.566231 0.377107 0.055970 0.066011
1 0.098414 0.557584 0.051306 0.075843
30 0.500933 0.495084 1.000000 0.891854
42 0.308302 0.514747 0.051306 0.077247
24 0.395989 0.542135 0.055037 0.070225
56 0.195896 0.574438 0.055970 0.070225
40 0.657649 0.476826 0.054104 0.071629
11 0.667444 0.254916 0.049440 0.068820
37 0.657649 0.400983 0.055970 0.074438
53 0.465019 0.431882 0.055037 0.071629
3 0.205690 0.497893 0.056903 0.071629
6 0.363806 0.415730 0.055970 0.061798
28 0.503731 0.483146 0.054104 0.075843
34 0.709422 0.449438 0.055037 0.075843
25 0.450093 0.511236 0.053172 0.073034
19 0.287313 0.599017 0.057836 0.082865
5 0.311101 0.441011 0.053172 0.067416
9 0.517724 0.331461 0.052239 0.073034
14 0.629664 0.566011 0.057836 0.073034
29 0.553172 0.453652 0.054104 0.075843
59 0.412313 0.460674 0.055970 0.067416
