28 0.440594 0.633260 0.056931 0.072687
45 0.035272 0.624449 0.068069 0.085903
5 0.264233 0.485683 0.053218 0.068282
47 0.341584 0.806167 0.415842 0.088106
6 0.323020 0.487885 0.051980 0.068282
37 0.629332 0.643172 0.063119 0.074890
51 0.293317 0.552863 0.056931 0.066079
38 0.594678 0.567181 0.058168 0.072687
20 0.738861 0.505507 0.099010 0.063877
52 0.025990 0.545154 0.049505 0.072687
16 0.208540 0.713656 0.068069 0.083700
48 0.611386 0.498899 0.054455 0.072687
11 0.666460 0.503304 0.055693 0.072687
50 0.718441 0.820485 0.075495 0.103524
18 0.546411 0.720264 0.063119 0.079295
24 0.311881 0.628855 0.059406 0.072687
34 0.676980 0.727974 0.066832 0.085903
30 0.490099 0.682819 0.977723 0.563877
0 0.555074 0.494493 0.055693 0.072687
21 0.170173 0.549559 0.060644 0.068282
13 0.096535 0.814978 0.076733 0.114537
49 0.022277 0.816079 0.042079 0.107930
55 0.277847 0.716960 0.065594 0.085903
12 0.691213 0.644273 0.065594 0.077093
10 0.048267 0.626652 0.069307 0.077093
7 0.383045 0.490088 0.055693 0.072687
31 0.567450 0.637665 0.058168 0.072687
22 0.788366 0.607930 0.103960 0.145374
2 0.089728 0.481278 0.055693 0.072687
42 0.231436 0.552863 0.059406 0.066079
35 0.413366 0.713656 0.064356 0.074890
27 0.476485 0.555066 0.054455 0.061674
58 0.066213 0.716960 0.070545 0.090308
33 0.480198 0.714758 0.064356 0.077093
43 0.114480 0.625551 0.063119 0.070485
56 0.103960 0.549559 0.064356 0.072687
19 0.181931 0.624449 0.061881 0.072687
23 0.250000 0.631057 0.061881 0.081498
8 0.442450 0.493392 0.055693 0.074890
39 0.711015 0.571586 0.063119 0.072687
57 0.136757 0.715859 0.070545 0.092511
9 0.500619 0.494493 0.050743 0.072687
59 0.353960 0.552863 0.056931 0.061674
3 0.147896 0.481278 0.058168 0.068282
36 0.535891 0.562775 0.056931 0.072687
17 0.018564 0.477974 0.034653 0.074890
44 0.027847 0.711454 0.053218 0.088106
53 0.415223 0.557269 0.058168 0.066079
15 0.345916 0.714758 0.065594 0.081498
4 0.206683 0.485683 0.056931 0.068282
40 0.612624 0.724670 0.066832 0.083700
25 0.378094 0.632159 0.060644 0.074890
29 0.504950 0.634361 0.059406 0.074890
32 0.019802 0.716960 0.037129 0.094714
14 0.584158 0.818282 0.071782 0.107930
54 0.652847 0.570485 0.060644 0.074890
26 0.750000 0.644273 0.064356 0.072687
1 0.029084 0.481278 0.055693 0.077093
41 0.039604 0.552863 0.066832 0.074890
46 0.787129 0.727974 0.170792 0.090308
