40 0.683571 0.467657 0.044286 0.061189
45 0.089643 0.405157 0.089286 0.060315
53 0.527857 0.336538 0.057143 0.061189
30 0.495357 0.373252 0.946429 0.433566
37 0.732500 0.400787 0.057857 0.062063
19 0.292857 0.403846 0.057143 0.061189
25 0.481071 0.402535 0.057857 0.060315
7 0.499643 0.270542 0.056429 0.060315
6 0.437143 0.270542 0.057143 0.058566
49 0.076786 0.539773 0.075000 0.062063
42 0.340714 0.337850 0.057143 0.060315
55 0.387143 0.468531 0.058571 0.061189
16 0.323929 0.470280 0.057857 0.061189
22 0.888571 0.397727 0.122857 0.061189
48 0.747857 0.268357 0.057143 0.059441
44 0.105000 0.470717 0.121429 0.062063
14 0.647500 0.534528 0.059286 0.062063
39 0.840357 0.332605 0.057857 0.060315
54 0.777500 0.333479 0.057857 0.060315
26 0.911786 0.332605 0.073571 0.060315
29 0.607143 0.401224 0.057143 0.061189
52 0.082857 0.340035 0.072857 0.061189
23 0.355714 0.403409 0.057143 0.060315
46 0.806429 0.465035 0.088571 0.061189
51 0.402500 0.336976 0.056429 0.060315
35 0.512857 0.468531 0.058571 0.061189
2 0.188571 0.273601 0.057143 0.059441
28 0.544643 0.401661 0.057857 0.060315
27 0.591429 0.336101 0.057143 0.060315
12 0.794643 0.399913 0.057857 0.060315
33 0.576071 0.468531 0.059286 0.061189
50 0.772857 0.533654 0.060000 0.062063
58 0.199643 0.471591 0.057857 0.060315
17 0.070000 0.274038 0.044286 0.058566
3 0.250357 0.272727 0.057857 0.059441
59 0.465357 0.336101 0.056429 0.060315
18 0.632857 0.467657 0.044286 0.061189
13 0.273214 0.538024 0.059286 0.062063
36 0.652857 0.333916 0.057143 0.061189
34 0.735000 0.467220 0.045714 0.060315
1 0.126429 0.273164 0.057143 0.058566
10 0.168214 0.405594 0.056429 0.061189
8 0.561429 0.270105 0.057143 0.059441
20 0.895000 0.266171 0.101429 0.060315
21 0.278214 0.338724 0.057857 0.060315
0 0.686786 0.268794 0.057857 0.060315
47 0.459643 0.535839 0.306429 0.062937
11 0.809643 0.266608 0.056429 0.059441
41 0.153571 0.340909 0.058571 0.061189
43 0.230714 0.405157 0.057143 0.060315
5 0.373929 0.270979 0.056429 0.059441
4 0.312143 0.270979 0.055714 0.059441
15 0.450000 0.468969 0.058571 0.062063
38 0.715714 0.333479 0.057143 0.060315
57 0.261786 0.471154 0.057857 0.061189
24 0.418214 0.402098 0.057857 0.061189
9 0.624286 0.269668 0.058571 0.060315
31 0.670000 0.401224 0.057143 0.061189
56 0.215357 0.338724 0.057857 0.060315
