43 0.197396 0.651560 0.040625 0.063893
49 0.063542 0.793462 0.045833 0.065379
4 0.259375 0.512630 0.041667 0.062407
13 0.212500 0.789004 0.043750 0.065379
28 0.444271 0.644874 0.042708 0.065379
55 0.322917 0.716196 0.043750 0.062407
31 0.536979 0.641902 0.038542 0.059435
21 0.234896 0.581724 0.042708 0.063893
7 0.406250 0.511887 0.041667 0.060921
29 0.490625 0.642645 0.039583 0.060921
10 0.148958 0.652303 0.039583 0.062407
23 0.298958 0.649331 0.043750 0.062407
58 0.175521 0.720654 0.042708 0.062407
54 0.617188 0.574294 0.038542 0.060921
2 0.159896 0.514859 0.040625 0.063893
24 0.347396 0.646360 0.042708 0.062407
37 0.583854 0.641159 0.038542 0.057949
36 0.526042 0.575780 0.039583 0.057949
47 0.379167 0.789004 0.272917 0.071322
26 0.675000 0.638930 0.037500 0.059435
47 0.350000 0.370728 0.695833 0.102526
8 0.453646 0.513373 0.040625 0.063893
42 0.284896 0.579495 0.040625 0.059435
32 0.124479 0.722140 0.044792 0.065379
46 0.671875 0.703566 0.077083 0.060921
11 0.639583 0.508172 0.035417 0.056464
14 0.535417 0.775632 0.037500 0.062407
3 0.208333 0.514116 0.041667 0.065379
40 0.560937 0.707281 0.038542 0.059435
9 0.500521 0.512630 0.040625 0.062407
51 0.334375 0.579495 0.039583 0.059435
18 0.514583 0.709510 0.039583 0.060921
59 0.383854 0.578752 0.040625 0.060921
34 0.606771 0.705795 0.038542 0.059435
41 0.137500 0.583952 0.043750 0.065379
57 0.224479 0.719168 0.042708 0.062407
25 0.395313 0.645617 0.040625 0.060921
19 0.247917 0.650074 0.043750 0.063893
50 0.657292 0.772660 0.037500 0.062407
33 0.468229 0.712481 0.042708 0.063893
53 0.431771 0.578752 0.040625 0.060921
52 0.072396 0.583952 0.063542 0.062407
30 0.493750 0.604755 0.977083 0.567608
0 0.547396 0.511144 0.040625 0.062407
22 0.718229 0.605498 0.063542 0.126300
35 0.420833 0.713224 0.041667 0.062407
1 0.112500 0.516345 0.043750 0.063893
48 0.592708 0.511144 0.041667 0.062407
15 0.371875 0.715453 0.043750 0.063893
44 0.067708 0.724368 0.054167 0.063893
27 0.478125 0.575780 0.037500 0.057949
45 0.080208 0.653046 0.079167 0.063893
12 0.629687 0.640416 0.038542 0.062407
39 0.661458 0.575037 0.039583 0.062407
17 0.060417 0.515602 0.037500 0.059435
6 0.359896 0.511887 0.044792 0.060921
20 0.705729 0.506686 0.082292 0.059435
38 0.571875 0.575037 0.037500 0.059435
16 0.272917 0.717682 0.041667 0.062407
56 0.185417 0.582467 0.041667 0.062407
5 0.309375 0.511887 0.043750 0.060921
