9 0.611670 0.354628 0.056338 0.055332
37 0.703722 0.472837 0.057344 0.054326
19 0.270624 0.472334 0.056338 0.055332
51 0.380282 0.413481 0.054326 0.054326
17 0.054326 0.354125 0.056338 0.054326
45 0.069416 0.472837 0.088531 0.054326
59 0.442656 0.413481 0.056338 0.054326
54 0.751509 0.412978 0.058350 0.055332
26 0.889336 0.412978 0.082495 0.055332
43 0.209256 0.472837 0.058350 0.054326
52 0.062374 0.413481 0.074447 0.056338
49 0.061871 0.591549 0.079477 0.056338
46 0.850101 0.530684 0.162978 0.055332
56 0.194668 0.413481 0.057344 0.054326
48 0.734909 0.354628 0.059356 0.055332
53 0.504024 0.413481 0.056338 0.054326
29 0.580483 0.472334 0.056338 0.055332
44 0.084004 0.531187 0.119718 0.056338
18 0.611167 0.530684 0.057344 0.055332
4 0.302817 0.355131 0.056338 0.054326
5 0.364688 0.355131 0.057344 0.054326
22 0.864688 0.472334 0.131791 0.055332
20 0.880282 0.354628 0.098592 0.055332
47 0.453219 0.590543 0.326962 0.056338
36 0.627767 0.412978 0.056338 0.053320
13 0.257545 0.591046 0.058350 0.055332
42 0.318913 0.413481 0.056338 0.054326
7 0.488431 0.355634 0.057344 0.055332
23 0.332998 0.472334 0.056338 0.055332
30 0.479376 0.453722 0.944668 0.374245
40 0.674044 0.531187 0.058350 0.054326
14 0.652414 0.591046 0.057344 0.055332
1 0.117203 0.354125 0.057344 0.054326
21 0.257042 0.413984 0.057344 0.055332
10 0.147384 0.472837 0.057344 0.054326
38 0.689638 0.412978 0.057344 0.053320
11 0.797787 0.353622 0.056338 0.055332
25 0.455734 0.472837 0.056338 0.054326
28 0.518612 0.472334 0.055332 0.055332
16 0.301811 0.531690 0.058350 0.055332
8 0.549799 0.354628 0.057344 0.055332
31 0.642354 0.472334 0.057344 0.053320
55 0.363682 0.531187 0.057344 0.056338
0 0.673541 0.354628 0.057344 0.055332
2 0.179074 0.354628 0.058350 0.055332
6 0.426559 0.355131 0.058350 0.054326
39 0.814386 0.412475 0.057344 0.054326
3 0.240443 0.355131 0.058350 0.054326
58 0.178068 0.531690 0.058350 0.055332
24 0.394366 0.472837 0.056338 0.054326
34 0.736419 0.531187 0.058350 0.054326
57 0.240443 0.531690 0.058350 0.055332
12 0.766097 0.472334 0.057344 0.055332
35 0.487425 0.531187 0.057344 0.054326
41 0.132797 0.413984 0.058350 0.055332
27 0.565392 0.412978 0.056338 0.053320
15 0.425553 0.531187 0.060362 0.056338
33 0.549296 0.531187 0.060362 0.056338
