55 0.296676 0.315327 0.026167 0.045226
22 0.578854 0.229899 0.043140 0.105528
11 0.521570 0.141332 0.024752 0.046482
20 0.570721 0.141960 0.056577 0.045226
37 0.480552 0.260678 0.024752 0.046482
21 0.239038 0.200377 0.025460 0.048995
46 0.558699 0.315955 0.083451 0.046482
1 0.150990 0.139447 0.024752 0.047739
2 0.186704 0.140075 0.025460 0.048995
42 0.272984 0.199749 0.025460 0.047739
50 0.582037 0.374372 0.045262 0.050251
29 0.414781 0.260050 0.024752 0.047739
53 0.373055 0.201005 0.024752 0.047739
41 0.169731 0.199121 0.025460 0.048995
19 0.245757 0.258166 0.024752 0.048995
30 0.481259 0.235553 0.818246 0.468593
27 0.406294 0.201633 0.024752 0.046482
5 0.288897 0.140704 0.024752 0.047739
40 0.464286 0.315955 0.024752 0.043970
10 0.177864 0.257538 0.026167 0.047739
9 0.422914 0.142588 0.025460 0.046482
4 0.255304 0.139447 0.024045 0.047739
56 0.204031 0.199749 0.026167 0.050251
54 0.505304 0.201633 0.024752 0.046482
34 0.497171 0.316583 0.025460 0.045226
45 0.130481 0.258794 0.051627 0.047739
52 0.127298 0.199121 0.041018 0.046482
48 0.488685 0.141960 0.025460 0.047739
39 0.538190 0.201005 0.025460 0.047739
35 0.364215 0.316583 0.025460 0.045226
38 0.472419 0.201633 0.024045 0.046482
8 0.389675 0.142588 0.025460 0.048995
47 0.337341 0.379397 0.198020 0.055276
18 0.431047 0.317211 0.024752 0.046482
6 0.322843 0.140704 0.024752 0.047739
14 0.464639 0.376256 0.043847 0.051508
23 0.280057 0.259422 0.025460 0.048995
24 0.313649 0.260050 0.024752 0.047739
28 0.381542 0.259422 0.024752 0.048995
7 0.356436 0.141960 0.025460 0.047739
51 0.305870 0.201005 0.024752 0.047739
26 0.546676 0.258794 0.025460 0.047739
59 0.339816 0.201005 0.024752 0.047739
43 0.211103 0.258794 0.024752 0.047739
3 0.220651 0.139447 0.025460 0.047739
44 0.120934 0.317211 0.035361 0.043970
32 0.159123 0.315955 0.026874 0.046482
13 0.209335 0.375628 0.043847 0.047739
58 0.193777 0.316583 0.025460 0.045226
31 0.446959 0.258794 0.024045 0.047739
12 0.513437 0.258794 0.025460 0.047739
49 0.122702 0.376884 0.045969 0.050251
0 0.455446 0.141332 0.025460 0.046482
36 0.439533 0.201005 0.024752 0.045226
17 0.118812 0.140075 0.024045 0.046482
16 0.262023 0.315955 0.026167 0.043970
15 0.330976 0.316583 0.026874 0.045226
57 0.228784 0.315955 0.026167 0.043970
25 0.347242 0.260050 0.024045 0.047739
33 0.397100 0.316583 0.026167 0.045226
