10 0.032750 0.428201 0.064202 0.089965
59 0.477302 0.316176 0.064851 0.085640
16 0.249351 0.541955 0.078470 0.094291
25 0.500324 0.425606 0.066796 0.089965
29 0.688716 0.425606 0.071336 0.089965
42 0.293774 0.316176 0.068742 0.085640
23 0.309339 0.426471 0.071336 0.091696
15 0.451038 0.540225 0.071984 0.094291
57 0.149481 0.541522 0.082361 0.091696
31 0.782425 0.426471 0.074578 0.088235
19 0.213359 0.424308 0.073930 0.090830
35 0.551556 0.540225 0.071984 0.092561
28 0.594034 0.426038 0.071336 0.090830
7 0.520428 0.208910 0.061608 0.078720
36 0.747730 0.317474 0.070039 0.083045
58 0.050908 0.540225 0.086252 0.094291
12 0.963359 0.426903 0.074578 0.089100
55 0.350843 0.539360 0.075227 0.094291
1 0.013619 0.207180 0.025940 0.078720
34 0.943904 0.542820 0.086252 0.092561
37 0.873541 0.426471 0.076524 0.089965
8 0.609922 0.208478 0.062905 0.083045
56 0.113813 0.316176 0.074578 0.085640
5 0.345655 0.207180 0.064851 0.082180
0 0.782750 0.211505 0.066148 0.080450
9 0.697147 0.209775 0.064851 0.080450
53 0.567445 0.314879 0.066148 0.083045
40 0.846952 0.540657 0.083009 0.091696
24 0.403372 0.424308 0.068742 0.090830
14 0.866732 0.670848 0.143320 0.106401
18 0.749351 0.541090 0.079767 0.092561
39 0.987354 0.320502 0.026589 0.085640
41 0.029831 0.320502 0.058366 0.085640
6 0.433528 0.208478 0.062905 0.077855
30 0.500649 0.407872 1.000000 0.812284
11 0.952983 0.212803 0.066796 0.077855
3 0.168288 0.204585 0.069390 0.082180
51 0.386187 0.315311 0.065499 0.083910
54 0.924125 0.318772 0.073930 0.083910
4 0.256485 0.208045 0.066796 0.078720
21 0.203307 0.317907 0.070687 0.087370
38 0.836252 0.317042 0.071984 0.082180
2 0.081712 0.206747 0.068742 0.079585
27 0.658560 0.318339 0.066796 0.083045
13 0.079767 0.670848 0.146563 0.106401
43 0.118029 0.425606 0.076524 0.089965
33 0.652724 0.539792 0.077173 0.095156
47 0.466926 0.672145 0.622568 0.105536
48 0.866083 0.211073 0.065499 0.079585
