28 0.417308 0.475248 0.032418 0.049505
1 0.162637 0.356848 0.031868 0.047030
35 0.397253 0.534653 0.032967 0.049505
22 0.655220 0.449257 0.053297 0.114686
13 0.224176 0.589521 0.051648 0.050330
4 0.273626 0.357261 0.031868 0.047855
51 0.329121 0.415017 0.031868 0.049505
21 0.253571 0.413366 0.031319 0.047855
3 0.236264 0.356436 0.031868 0.047855
53 0.406593 0.416254 0.032967 0.050330
58 0.207418 0.529703 0.032418 0.047855
27 0.445879 0.415842 0.033516 0.049505
16 0.282143 0.533003 0.032418 0.049505
33 0.436813 0.536304 0.032967 0.051155
42 0.291209 0.415017 0.032967 0.049505
24 0.339011 0.474422 0.031868 0.047855
9 0.465385 0.356436 0.034066 0.049505
59 0.367857 0.415429 0.032418 0.048680
5 0.311264 0.358498 0.032418 0.048680
54 0.564835 0.416667 0.034066 0.051155
55 0.320055 0.533416 0.032418 0.048680
39 0.605495 0.416667 0.034066 0.051155
23 0.301099 0.473185 0.031868 0.048680
31 0.496429 0.476073 0.032418 0.049505
15 0.358516 0.533828 0.033516 0.049505
17 0.126099 0.356023 0.031319 0.045380
32 0.170604 0.528878 0.030220 0.047855
25 0.378297 0.474422 0.032418 0.047855
29 0.456593 0.475660 0.032967 0.050330
11 0.585714 0.355611 0.032967 0.049505
47 0.367857 0.595710 0.230220 0.057756
20 0.645330 0.358086 0.071978 0.049505
7 0.387363 0.357261 0.031868 0.047855
52 0.134066 0.413779 0.047253 0.047030
10 0.189835 0.471122 0.031319 0.047855
41 0.179670 0.412541 0.032967 0.049505
45 0.138736 0.472360 0.058791 0.047030
0 0.505769 0.355611 0.034615 0.049505
34 0.556319 0.536716 0.034615 0.050330
57 0.244505 0.530528 0.031868 0.049505
19 0.263736 0.471947 0.031868 0.047855
56 0.216758 0.412954 0.032418 0.048680
40 0.516484 0.535891 0.034066 0.048680
30 0.534890 0.452970 0.882967 0.392739
38 0.524725 0.415842 0.032967 0.049505
44 0.128297 0.528053 0.040110 0.047855
49 0.131319 0.585809 0.052747 0.051155
46 0.629121 0.538779 0.098901 0.051155
12 0.576648 0.476073 0.033516 0.049505
37 0.536264 0.476898 0.032967 0.049505
43 0.226374 0.471122 0.030769 0.047855
14 0.513462 0.598597 0.054396 0.055281
18 0.476648 0.536304 0.032418 0.051155
2 0.199725 0.356436 0.031319 0.046205
6 0.349725 0.357261 0.032418 0.049505
36 0.485440 0.416667 0.033516 0.049505
50 0.654396 0.599422 0.056044 0.051980
26 0.616484 0.476073 0.034066 0.049505
8 0.425824 0.356436 0.032967 0.049505
48 0.545055 0.356436 0.034066 0.047855
