28 0.490506 0.397556 0.044304 0.058271
43 0.231540 0.392857 0.045359 0.060150
9 0.556435 0.262218 0.045359 0.058271
56 0.224156 0.321429 0.045359 0.060150
52 0.117089 0.318609 0.054852 0.058271
22 0.786392 0.367481 0.062236 0.133459
41 0.172996 0.321429 0.046414 0.060150
2 0.202532 0.253759 0.046414 0.056391
40 0.621835 0.469925 0.045359 0.060150
13 0.284283 0.543233 0.047468 0.078947
3 0.252637 0.254699 0.045359 0.058271
1 0.151371 0.253759 0.045359 0.056391
45 0.118671 0.388158 0.066456 0.058271
12 0.697257 0.401316 0.046414 0.058271
54 0.683017 0.332707 0.045359 0.056391
31 0.594409 0.399436 0.045359 0.058271
20 0.772152 0.265038 0.073840 0.056391
8 0.505802 0.263158 0.045359 0.056391
50 0.695675 0.549812 0.049578 0.080827
47 0.435654 0.546053 0.246835 0.080827
18 0.569093 0.469925 0.045359 0.060150
30 0.478376 0.385338 0.842827 0.447368
59 0.428270 0.328008 0.044304 0.058271
37 0.645042 0.400376 0.045359 0.060150
42 0.325949 0.325188 0.044304 0.060150
11 0.707278 0.265038 0.043249 0.056391
33 0.517405 0.468045 0.047468 0.060150
36 0.580696 0.331767 0.045359 0.058271
26 0.744726 0.401316 0.035865 0.058271
32 0.151371 0.461466 0.047468 0.062030
10 0.180380 0.390977 0.044304 0.060150
15 0.411920 0.466165 0.047468 0.060150
34 0.672996 0.470865 0.046414 0.058271
51 0.376582 0.326128 0.044304 0.058271
7 0.455169 0.260338 0.045359 0.058271
55 0.359705 0.466165 0.046414 0.060150
23 0.334916 0.394737 0.045359 0.060150
49 0.110232 0.540414 0.079114 0.080827
14 0.589662 0.546992 0.048523 0.078947
21 0.275316 0.324248 0.046414 0.058271
5 0.353376 0.258459 0.044304 0.054511
35 0.464135 0.468045 0.046414 0.060150
57 0.255274 0.463346 0.046414 0.062030
27 0.530063 0.329887 0.045359 0.058271
0 0.606013 0.263158 0.045359 0.056391
38 0.631857 0.332707 0.044304 0.056391
39 0.730485 0.331767 0.036920 0.058271
46 0.763186 0.471805 0.119198 0.060150
25 0.438291 0.396617 0.045359 0.060150
48 0.656118 0.264098 0.044304 0.054511
19 0.283228 0.394737 0.045359 0.060150
16 0.306962 0.465226 0.046414 0.062030
24 0.386076 0.395677 0.044304 0.058271
4 0.302743 0.257519 0.042194 0.056391
29 0.542194 0.398496 0.046414 0.060150
44 0.100211 0.459586 0.042194 0.062030
6 0.404008 0.259398 0.044304 0.056391
17 0.109177 0.250000 0.028481 0.056391
58 0.203059 0.462406 0.047468 0.060150
53 0.478903 0.328947 0.044304 0.060150
