35 0.399886 0.708333 0.044622 0.143333
14 0.495423 0.868333 0.043478 0.143333
57 0.174485 0.710000 0.042334 0.140000
15 0.342677 0.708333 0.044622 0.143333
47 0.330092 0.873333 0.266590 0.146667
34 0.600114 0.710000 0.035469 0.146667
10 0.090389 0.548333 0.043478 0.143333
54 0.633295 0.388333 0.042334 0.150000
28 0.427918 0.546667 0.043478 0.140000
11 0.652174 0.225000 0.041190 0.143333
12 0.637872 0.551667 0.040046 0.143333
51 0.300343 0.385000 0.040046 0.136667
31 0.539474 0.550000 0.044622 0.146667
39 0.679634 0.386667 0.041190 0.146667
29 0.483982 0.546667 0.045767 0.146667
59 0.357551 0.386667 0.040046 0.140000
3 0.156178 0.226667 0.049199 0.146667
19 0.202517 0.550000 0.043478 0.140000
32 0.737414 0.713333 0.035469 0.146667
8 0.441648 0.226667 0.045767 0.146667
4 0.214531 0.225000 0.044622 0.143333
53 0.413616 0.386667 0.044622 0.140000
21 0.188215 0.386667 0.044622 0.146667
25 0.371854 0.546667 0.043478 0.140000
40 0.558352 0.710000 0.034325 0.140000
42 0.244851 0.385000 0.043478 0.143333
48 0.604691 0.225000 0.042334 0.143333
24 0.314645 0.548333 0.041190 0.136667
23 0.259725 0.548333 0.041190 0.136667
38 0.581236 0.386667 0.048055 0.146667
55 0.287757 0.710000 0.040046 0.140000
41 0.075515 0.391667 0.043478 0.156667
52 0.020595 0.385000 0.038902 0.170000
22 0.708810 0.545000 0.085812 0.143333
1 0.044622 0.225000 0.048055 0.143333
58 0.118421 0.708333 0.042334 0.143333
16 0.230549 0.710000 0.044622 0.146667
18 0.510297 0.710000 0.043478 0.140000
49 0.013158 0.868333 0.024027 0.143333
9 0.497140 0.225000 0.046911 0.150000
37 0.590389 0.551667 0.041190 0.143333
0 0.553204 0.223333 0.046911 0.146667
43 0.144165 0.546667 0.048055 0.146667
44 0.041762 0.705000 0.081236 0.156667
2 0.102403 0.230000 0.042334 0.146667
7 0.386156 0.226667 0.044622 0.140000
6 0.328947 0.226667 0.042334 0.140000
20 0.716819 0.225000 0.072082 0.143333
30 0.501144 0.503333 1.000000 1.000000
46 0.649886 0.716667 0.041190 0.146667
45 0.028032 0.548333 0.053776 0.150000
50 0.605835 0.868333 0.044622 0.143333
5 0.271167 0.225000 0.043478 0.143333
17 0.012586 0.230000 0.022883 0.146667
33 0.454805 0.708333 0.044622 0.143333
13 0.161899 0.870000 0.046911 0.146667
56 0.131579 0.385000 0.043478 0.150000
26 0.731121 0.391667 0.043478 0.143333
36 0.524600 0.383333 0.046911 0.146667
27 0.469680 0.385000 0.044622 0.143333
