45 0.153750 0.408333 0.065000 0.050000
29 0.505625 0.411250 0.037500 0.049167
53 0.453437 0.355833 0.038125 0.050000
31 0.548125 0.412083 0.037500 0.049167
6 0.390000 0.299167 0.037500 0.048333
3 0.261875 0.298750 0.038750 0.049167
57 0.274375 0.464167 0.037500 0.048333
10 0.210000 0.408750 0.037500 0.049167
14 0.509375 0.522083 0.037500 0.052500
35 0.441875 0.465000 0.037500 0.048333
25 0.420625 0.410000 0.037500 0.048333
18 0.527188 0.467083 0.036875 0.047500
8 0.475313 0.301250 0.038125 0.049167
27 0.496563 0.356250 0.036875 0.049167
33 0.484063 0.465417 0.039375 0.049167
52 0.147187 0.352083 0.054375 0.049167
21 0.284062 0.354167 0.038125 0.050000
42 0.326562 0.355000 0.038125 0.050000
20 0.701875 0.301667 0.063750 0.048333
51 0.369063 0.354167 0.036875 0.048333
15 0.399687 0.465000 0.036875 0.048333
48 0.603437 0.301667 0.038125 0.048333
54 0.623437 0.357500 0.038125 0.050000
47 0.390313 0.520417 0.190625 0.052500
11 0.646250 0.302500 0.037500 0.048333
19 0.293750 0.409167 0.037500 0.050000
28 0.463125 0.411250 0.036250 0.049167
46 0.681562 0.467500 0.095625 0.048333
44 0.144063 0.463333 0.044375 0.050000
12 0.632500 0.412917 0.038750 0.049167
59 0.411562 0.355000 0.036875 0.050000
17 0.135000 0.297083 0.035000 0.049167
13 0.271875 0.520417 0.037500 0.050833
30 0.501563 0.400417 0.796875 0.370833
49 0.146875 0.519583 0.050000 0.054167
16 0.315937 0.463750 0.036875 0.049167
34 0.610000 0.467500 0.037500 0.048333
37 0.590000 0.412917 0.037500 0.049167
58 0.232813 0.464167 0.038125 0.048333
5 0.347187 0.299583 0.038125 0.047500
32 0.190625 0.463333 0.038750 0.048333
36 0.538438 0.356250 0.038125 0.049167
39 0.662500 0.357083 0.030000 0.049167
55 0.358125 0.464583 0.037500 0.049167
50 0.585313 0.522917 0.038125 0.050833
26 0.670625 0.412917 0.030000 0.049167
38 0.580937 0.357500 0.038125 0.050000
23 0.336250 0.409583 0.036250 0.049167
41 0.199063 0.353333 0.039375 0.050000
56 0.241875 0.353750 0.038750 0.050833
2 0.219688 0.298333 0.039375 0.050000
4 0.304688 0.298750 0.036875 0.049167
43 0.251875 0.409167 0.037500 0.050000
22 0.707187 0.385417 0.049375 0.107500
24 0.377812 0.409583 0.035625 0.049167
40 0.568750 0.466667 0.037500 0.048333
1 0.176875 0.298333 0.038750 0.050000
7 0.433125 0.300000 0.037500 0.048333
0 0.560937 0.301250 0.039375 0.049167
9 0.518437 0.301250 0.038125 0.049167
