36 0.561741 0.451439 0.045209 0.062950
50 0.620108 0.654676 0.045884 0.066547
28 0.473347 0.518435 0.045209 0.065647
58 0.192645 0.584532 0.045209 0.064748
31 0.575236 0.518885 0.043860 0.064748
7 0.436572 0.383094 0.044534 0.064748
12 0.676451 0.519335 0.045209 0.065647
4 0.283401 0.380845 0.044534 0.063849
13 0.262483 0.652878 0.060729 0.066547
14 0.518893 0.654676 0.047233 0.066547
44 0.084008 0.584083 0.060054 0.067446
48 0.637989 0.384442 0.045209 0.063849
18 0.549933 0.586331 0.044534 0.064748
37 0.625506 0.520234 0.044534 0.065647
47 0.394399 0.655126 0.190958 0.067446
41 0.156208 0.449640 0.047908 0.066547
17 0.080634 0.379946 0.043860 0.063849
57 0.243590 0.585432 0.045884 0.064748
25 0.422065 0.517536 0.045209 0.063849
46 0.735830 0.585881 0.116734 0.065647
8 0.486842 0.383993 0.045209 0.064748
51 0.359312 0.450090 0.045209 0.063849
49 0.089406 0.652428 0.076248 0.069245
39 0.714575 0.451439 0.044534 0.064748
21 0.258435 0.449191 0.047233 0.065647
1 0.131579 0.381295 0.045884 0.064748
27 0.511471 0.451439 0.044534 0.062950
43 0.218286 0.517086 0.046559 0.066547
23 0.320175 0.517536 0.045209 0.065647
22 0.772267 0.484712 0.045209 0.140288
11 0.688934 0.384442 0.044534 0.063849
26 0.726721 0.518885 0.043185 0.064748
29 0.524291 0.518885 0.044534 0.064748
40 0.600540 0.586781 0.044534 0.063849
38 0.612686 0.451439 0.045884 0.064748
33 0.499325 0.586331 0.045884 0.066547
24 0.371120 0.517536 0.044534 0.065647
59 0.409919 0.450989 0.045209 0.063849
55 0.345479 0.585432 0.045884 0.066547
45 0.092105 0.515288 0.073549 0.066547
47 0.139676 0.177158 0.221323 0.053957
47 0.907557 0.183004 0.186235 0.054856
19 0.269231 0.517086 0.045884 0.066547
9 0.537787 0.383993 0.045884 0.064748
15 0.396424 0.585881 0.047908 0.067446
20 0.754723 0.383993 0.078947 0.066547
0 0.588394 0.384442 0.045884 0.065647
42 0.308367 0.449640 0.045884 0.064748
56 0.206478 0.448741 0.047233 0.066547
10 0.168016 0.516637 0.045884 0.065647
35 0.447706 0.585881 0.045209 0.065647
54 0.663630 0.451888 0.045209 0.065647
3 0.232794 0.381295 0.045884 0.064748
16 0.295547 0.585432 0.045884 0.066547
30 0.509447 0.496403 0.982456 0.467626
32 0.142375 0.583633 0.045884 0.064748
34 0.650810 0.586781 0.045209 0.063849
53 0.460864 0.451439 0.045884 0.064748
52 0.092780 0.447842 0.069501 0.066547
6 0.385290 0.382194 0.045884 0.064748
5 0.334008 0.382194 0.044534 0.062950
2 0.182186 0.381295 0.045884 0.064748
