58 0.267932 0.676875 0.091421 0.141250
32 0.171589 0.677500 0.090014 0.142500
14 0.881505 0.818125 0.089311 0.141250
57 0.364627 0.675000 0.092124 0.142500
40 0.995429 0.669375 0.010549 0.133750
49 0.073840 0.841250 0.146273 0.142500
23 0.509494 0.520625 0.089311 0.143750
17 0.046765 0.212500 0.085091 0.140000
25 0.700422 0.515000 0.090014 0.140000
5 0.531646 0.211250 0.090014 0.137500
41 0.193390 0.368125 0.090014 0.143750
56 0.289733 0.364375 0.092827 0.143750
1 0.145218 0.213750 0.087904 0.142500
21 0.388889 0.366250 0.092827 0.140000
53 0.770745 0.361250 0.090014 0.142500
35 0.747187 0.670000 0.087904 0.140000
4 0.435302 0.213750 0.091421 0.142500
27 0.862869 0.360000 0.085795 0.137500
13 0.403305 0.828750 0.118847 0.142500
28 0.794655 0.517500 0.087201 0.145000
10 0.218354 0.521875 0.089311 0.141250
30 0.500703 0.497500 1.000000 0.992500
52 0.071378 0.369375 0.138537 0.143750
8 0.816104 0.209375 0.086498 0.136250
47 0.649789 0.824375 0.362869 0.143750
59 0.675809 0.363750 0.091421 0.142500
0 0.979958 0.209375 0.041491 0.133750
9 0.908931 0.210000 0.086498 0.135000
24 0.603727 0.515625 0.087904 0.141250
3 0.338256 0.211250 0.091421 0.142500
42 0.484529 0.365625 0.091421 0.141250
55 0.558368 0.672500 0.091421 0.142500
51 0.580520 0.363750 0.090717 0.140000
43 0.315049 0.521250 0.092827 0.142500
16 0.462729 0.673125 0.090014 0.141250
2 0.241561 0.211875 0.090717 0.143750
15 0.653305 0.670625 0.091421 0.141250
36 0.955345 0.359375 0.087904 0.136250
44 0.061181 0.685000 0.115331 0.150000
31 0.970113 0.512500 0.061181 0.135000
6 0.627286 0.208125 0.091421 0.141250
29 0.887834 0.513125 0.085091 0.138750
19 0.413150 0.519375 0.090717 0.138750
45 0.084037 0.524375 0.163854 0.146250
18 0.933544 0.663125 0.085091 0.133750
33 0.840717 0.668750 0.089311 0.142500
7 0.723980 0.208125 0.087904 0.138750
