58 0.188462 0.684211 0.053846 0.122807
12 0.793407 0.551535 0.054945 0.116228
46 0.868681 0.675439 0.146154 0.122807
53 0.527473 0.426535 0.052747 0.111842
13 0.280769 0.811404 0.069231 0.122807
27 0.590659 0.424342 0.051648 0.107456
57 0.256593 0.680921 0.051648 0.116228
24 0.417582 0.551535 0.050549 0.111842
56 0.207143 0.422149 0.053846 0.116228
19 0.289011 0.551535 0.054945 0.116228
40 0.700549 0.679825 0.056044 0.127193
26 0.855495 0.551535 0.056044 0.120614
17 0.041209 0.293860 0.051648 0.114035
11 0.807143 0.302632 0.053846 0.114035
7 0.497802 0.299342 0.050549 0.111842
41 0.141209 0.425439 0.056044 0.118421
18 0.638462 0.676535 0.050549 0.111842
31 0.668681 0.552632 0.056044 0.122807
47 0.475824 0.809211 0.298901 0.131579
55 0.386264 0.678728 0.049451 0.111842
28 0.543407 0.553728 0.053846 0.116228
20 0.887363 0.300439 0.100000 0.114035
21 0.274176 0.424342 0.053846 0.111842
45 0.059890 0.557018 0.095604 0.118421
9 0.622527 0.302632 0.051648 0.118421
14 0.666484 0.801535 0.053846 0.116228
54 0.775824 0.424342 0.057143 0.116228
32 0.121978 0.686404 0.054945 0.122807
36 0.651648 0.426535 0.054945 0.111842
10 0.156593 0.553728 0.051648 0.116228
3 0.240659 0.296053 0.054945 0.114035
22 0.907143 0.485746 0.067033 0.239035
35 0.513736 0.676535 0.051648 0.111842
8 0.559341 0.303728 0.052747 0.116228
30 0.501099 0.518640 1.000000 0.848684
33 0.575275 0.677632 0.053846 0.118421
23 0.353846 0.552632 0.050549 0.114035
59 0.465934 0.425439 0.048352 0.109649
42 0.338462 0.424342 0.052747 0.111842
4 0.306593 0.299342 0.050549 0.111842
49 0.053846 0.824561 0.094505 0.131579
1 0.108242 0.296053 0.053846 0.118421
39 0.838462 0.426535 0.057143 0.120614
16 0.324725 0.685307 0.051648 0.116228
37 0.731319 0.551535 0.056044 0.116228
44 0.047253 0.691886 0.076923 0.125000
0 0.685165 0.303728 0.051648 0.116228
43 0.222527 0.553728 0.053846 0.116228
48 0.744505 0.302632 0.056044 0.114035
5 0.370330 0.298246 0.050549 0.109649
52 0.056044 0.426535 0.085714 0.120614
34 0.762088 0.677632 0.056044 0.118421
50 0.789011 0.801535 0.057143 0.120614
38 0.713187 0.423246 0.057143 0.114035
6 0.434615 0.298246 0.051648 0.109649
25 0.481868 0.551535 0.051648 0.111842
29 0.607692 0.551535 0.052747 0.111842
2 0.174725 0.296053 0.054945 0.118421
15 0.449451 0.675439 0.052747 0.114035
51 0.402198 0.424342 0.050549 0.107456
