56 0.125307 0.317982 0.058968 0.109649
22 0.919533 0.424342 0.131450 0.111842
28 0.521499 0.437500 0.057740 0.107456
42 0.278870 0.315789 0.058968 0.105263
58 0.100737 0.587719 0.058968 0.114035
51 0.355651 0.315789 0.057740 0.109649
9 0.608722 0.185307 0.057740 0.116228
11 0.824939 0.172149 0.057740 0.107456
38 0.719902 0.301535 0.058968 0.103070
40 0.710074 0.563596 0.061425 0.109649
20 0.919533 0.171053 0.106880 0.109649
6 0.388821 0.188596 0.057740 0.109649
46 0.908477 0.558114 0.168305 0.116228
4 0.240786 0.191886 0.058968 0.111842
16 0.258600 0.581140 0.060197 0.114035
25 0.447789 0.440789 0.057740 0.105263
35 0.485258 0.570175 0.058968 0.109649
30 0.501229 0.421053 1.000000 0.837719
57 0.179975 0.583333 0.057740 0.114035
13 0.156634 0.724781 0.079853 0.120614
24 0.371622 0.442982 0.057740 0.109649
3 0.164005 0.196272 0.065111 0.120614
14 0.816339 0.697368 0.067568 0.118421
5 0.315725 0.189693 0.058968 0.111842
47 0.420147 0.707237 0.257985 0.116228
15 0.410934 0.573465 0.060197 0.111842
45 0.019656 0.460526 0.036855 0.109649
49 0.021499 0.735746 0.040541 0.125000
12 0.816953 0.429825 0.058968 0.105263
34 0.783784 0.561404 0.061425 0.109649
41 0.050369 0.326754 0.063882 0.122807
36 0.646806 0.305921 0.060197 0.103070
53 0.501843 0.311404 0.057740 0.109649
1 0.021499 0.197368 0.040541 0.114035
44 0.030713 0.594298 0.058968 0.122807
19 0.219902 0.448465 0.058968 0.111842
37 0.743243 0.432018 0.058968 0.105263
17 0.242015 0.720395 0.061425 0.116228
21 0.203931 0.325658 0.063882 0.125000
43 0.142506 0.452851 0.058968 0.111842
59 0.428747 0.312500 0.054054 0.107456
48 0.752457 0.176535 0.060197 0.111842
55 0.335995 0.575658 0.057740 0.111842
26 0.944717 0.298246 0.071253 0.109649
33 0.560197 0.566886 0.061425 0.111842
7 0.465602 0.188596 0.061425 0.114035
39 0.864865 0.299342 0.061425 0.111842
8 0.537469 0.188596 0.057740 0.118421
10 0.066339 0.453947 0.056511 0.109649
23 0.298526 0.447368 0.058968 0.118421
2 0.089066 0.199561 0.062654 0.122807
18 0.635135 0.567982 0.058968 0.109649
27 0.574939 0.307018 0.056511 0.105263
31 0.668919 0.432018 0.057740 0.105263
29 0.596437 0.436404 0.057740 0.109649
52 0.015356 0.333333 0.028256 0.131579
54 0.794226 0.301535 0.060197 0.107456
32 0.593980 0.702851 0.060197 0.116228
0 0.681204 0.178728 0.057740 0.111842
