43 0.121212 0.543147 0.051282 0.116751
33 0.443473 0.667513 0.052448 0.111675
8 0.428904 0.289340 0.051282 0.111675
23 0.238345 0.540609 0.050117 0.111675
10 0.062354 0.543147 0.050117 0.116751
50 0.582751 0.796954 0.051282 0.116751
59 0.341492 0.414975 0.051282 0.114213
5 0.253497 0.290609 0.050117 0.109137
57 0.150350 0.670051 0.051282 0.111675
28 0.414336 0.538071 0.050117 0.111675
17 0.013403 0.288071 0.024476 0.109137
9 0.486014 0.289340 0.051282 0.111675
51 0.283217 0.414975 0.051282 0.109137
47 0.324592 0.799492 0.220280 0.126904
41 0.047203 0.416244 0.054779 0.116751
19 0.179487 0.541878 0.051282 0.114213
39 0.687063 0.412437 0.050117 0.109137
52 0.020979 0.416244 0.039627 0.116751
18 0.501748 0.668782 0.047786 0.104061
30 0.501166 0.508883 1.000000 0.769036
58 0.090909 0.671320 0.051282 0.114213
37 0.586830 0.538071 0.047786 0.111675
35 0.384615 0.664975 0.051282 0.111675
13 0.173077 0.803299 0.068765 0.124365
6 0.312354 0.289340 0.051282 0.111675
27 0.457459 0.414975 0.050117 0.109137
42 0.224942 0.416244 0.051282 0.111675
49 0.022145 0.807107 0.041958 0.126904
48 0.600233 0.290609 0.051282 0.109137
11 0.657343 0.289340 0.048951 0.106599
56 0.107809 0.414975 0.052448 0.114213
40 0.559441 0.666244 0.046620 0.104061
14 0.467949 0.795685 0.052448 0.124365
38 0.572261 0.413706 0.048951 0.111675
16 0.208625 0.668782 0.051282 0.114213
15 0.325758 0.666244 0.052448 0.114213
7 0.371795 0.288071 0.051282 0.109137
55 0.268065 0.666244 0.051282 0.114213
29 0.472028 0.538071 0.048951 0.111675
31 0.530303 0.539340 0.048951 0.109137
53 0.398601 0.414975 0.051282 0.114213
3 0.136946 0.289340 0.052448 0.111675
20 0.732517 0.288071 0.085082 0.109137
32 0.031469 0.672589 0.053613 0.111675
26 0.701632 0.538071 0.048951 0.111675
0 0.543124 0.289340 0.051282 0.111675
54 0.629371 0.413706 0.051282 0.111675
34 0.615967 0.666244 0.047786 0.104061
25 0.355478 0.540609 0.051282 0.111675
12 0.644522 0.538071 0.048951 0.111675
45 0.025058 0.543147 0.047786 0.116751
4 0.195221 0.289340 0.050117 0.106599
22 0.748252 0.474619 0.058275 0.238579
44 0.018065 0.673858 0.033800 0.114213
2 0.078671 0.289340 0.052448 0.111675
46 0.714452 0.662437 0.128205 0.111675
21 0.167249 0.416244 0.052448 0.111675
24 0.296620 0.539340 0.050117 0.114213
1 0.023310 0.289340 0.044289 0.111675
36 0.514569 0.413706 0.050117 0.111675
