50 0.752812 0.738328 0.045625 0.093377
3 0.260313 0.321390 0.054375 0.104235
52 0.099375 0.424539 0.065000 0.106406
59 0.473750 0.421281 0.047500 0.097720
12 0.794687 0.522801 0.045625 0.096634
54 0.773750 0.420195 0.052500 0.099891
45 0.103125 0.532030 0.080000 0.104235
49 0.084062 0.752986 0.058125 0.109663
13 0.268750 0.746471 0.053750 0.103149
17 0.085312 0.324104 0.043125 0.103149
28 0.550312 0.526602 0.049375 0.097720
46 0.909375 0.629207 0.093750 0.098806
42 0.351562 0.421281 0.049375 0.095548
18 0.641875 0.633550 0.048750 0.100977
44 0.119688 0.640608 0.116875 0.108578
21 0.290938 0.427253 0.056875 0.103149
5 0.383437 0.320847 0.051875 0.103149
56 0.228125 0.425081 0.053750 0.107492
31 0.673438 0.524973 0.044375 0.092291
39 0.835000 0.419110 0.047500 0.097720
15 0.457813 0.633008 0.053125 0.102063
36 0.655625 0.420195 0.047500 0.093377
57 0.272188 0.638979 0.054375 0.105320
11 0.804688 0.314875 0.043125 0.093377
23 0.365938 0.528773 0.050625 0.099891
10 0.180312 0.533659 0.051875 0.103149
47 0.449062 0.748100 0.285625 0.108578
51 0.414062 0.420195 0.046875 0.093377
19 0.303125 0.530402 0.052500 0.103149
43 0.242500 0.534202 0.053750 0.106406
40 0.706250 0.633550 0.047500 0.096634
22 0.910000 0.472313 0.086250 0.201954
6 0.444375 0.319218 0.048750 0.097720
32 0.826562 0.633008 0.048125 0.104235
24 0.427187 0.525516 0.049375 0.093377
48 0.744062 0.313789 0.046875 0.091205
38 0.716250 0.418567 0.046250 0.094463
1 0.138125 0.320304 0.053750 0.099891
16 0.333125 0.637351 0.056250 0.108578
25 0.488438 0.526602 0.051875 0.097720
26 0.853437 0.524973 0.046875 0.098806
14 0.629687 0.739414 0.045625 0.095548
41 0.168437 0.427253 0.060625 0.107492
7 0.503750 0.321933 0.048750 0.096634
0 0.685312 0.318675 0.049375 0.098806
55 0.395313 0.634093 0.054375 0.102063
29 0.611875 0.526059 0.050000 0.100977
9 0.625625 0.320847 0.048750 0.096634
2 0.199375 0.323018 0.053750 0.103149
33 0.581250 0.633550 0.055000 0.103149
27 0.595000 0.421281 0.048750 0.093377
35 0.518437 0.631922 0.051875 0.099891
20 0.891250 0.315418 0.107500 0.096634
34 0.767188 0.630836 0.044375 0.095548
8 0.564688 0.321933 0.050625 0.094463
58 0.209687 0.641694 0.053125 0.106406
30 0.507812 0.518458 0.923125 0.667752
37 0.732187 0.523344 0.046875 0.095548
4 0.320625 0.318675 0.050000 0.103149
53 0.533750 0.420738 0.050000 0.096634
