29 0.568882 0.484014 0.052987 0.090586
57 0.251445 0.579041 0.052023 0.092362
37 0.684971 0.488455 0.052023 0.095915
31 0.627168 0.486679 0.053950 0.092362
8 0.526493 0.299290 0.051060 0.087034
22 0.849229 0.439609 0.064547 0.190053
46 0.813584 0.587922 0.141618 0.092362
3 0.251927 0.294849 0.051060 0.092362
59 0.444123 0.388988 0.052023 0.088810
9 0.581888 0.297513 0.050096 0.083481
24 0.400289 0.484014 0.051060 0.090586
6 0.417630 0.297513 0.051060 0.087034
50 0.740366 0.683837 0.054913 0.103020
44 0.072736 0.580817 0.064547 0.095915
51 0.386802 0.388099 0.049133 0.087034
0 0.638728 0.297513 0.053950 0.090586
42 0.330925 0.390764 0.049133 0.092362
5 0.361272 0.295737 0.048170 0.087034
23 0.342486 0.484902 0.049133 0.088810
52 0.094894 0.389876 0.072254 0.090586
32 0.139210 0.579041 0.051060 0.092362
56 0.218690 0.388099 0.046243 0.090586
17 0.087187 0.296625 0.045279 0.085258
10 0.171965 0.483126 0.045279 0.088810
38 0.668112 0.390764 0.052987 0.092362
34 0.713873 0.584369 0.053950 0.095915
7 0.473988 0.297513 0.052023 0.083481
25 0.457129 0.484014 0.051060 0.090586
48 0.696050 0.296625 0.052987 0.088810
1 0.140655 0.292185 0.044316 0.090586
58 0.194605 0.578153 0.046243 0.090586
41 0.164740 0.388988 0.052023 0.092362
45 0.094412 0.484014 0.092486 0.097691
21 0.276493 0.390764 0.053950 0.092362
35 0.483141 0.579929 0.052987 0.090586
36 0.609345 0.389876 0.052987 0.087034
40 0.656069 0.582593 0.050096 0.092362
33 0.541426 0.580817 0.053950 0.092362
53 0.498555 0.389876 0.049133 0.090586
47 0.449904 0.677620 0.279383 0.094139
14 0.622351 0.680284 0.053950 0.095915
11 0.752408 0.297513 0.050096 0.094139
30 0.496146 0.477798 0.940270 0.660746
20 0.832370 0.295737 0.092486 0.094139
55 0.367534 0.578153 0.051060 0.090586
19 0.285645 0.484902 0.049133 0.092362
12 0.741329 0.487567 0.051060 0.094139
49 0.070328 0.679396 0.080925 0.101243
4 0.305877 0.295737 0.047206 0.087034
15 0.425819 0.579041 0.053950 0.092362
2 0.197013 0.293961 0.051060 0.094139
18 0.597784 0.581705 0.051060 0.090586
16 0.310212 0.579041 0.050096 0.088810
39 0.783237 0.391652 0.052023 0.094139
26 0.799133 0.488455 0.052987 0.095915
54 0.724470 0.390764 0.053950 0.092362
27 0.553468 0.388988 0.049133 0.085258
13 0.270231 0.676732 0.064547 0.099467
28 0.513487 0.484902 0.050096 0.092362
43 0.228805 0.483126 0.047206 0.088810
