13 0.169199 0.436000 0.080110 0.094000
15 0.375691 0.460500 0.077348 0.095000
24 0.374655 0.369500 0.075276 0.077000
55 0.321823 0.429000 0.075967 0.088000
1 0.188191 0.116000 0.069751 0.076000
18 0.549378 0.553500 0.078039 0.095000
47 0.356008 0.540000 0.224448 0.184000
48 0.715815 0.374500 0.073895 0.095000
43 0.218232 0.290500 0.071823 0.083000
45 0.114641 0.238000 0.080110 0.082000
40 0.609807 0.586500 0.080110 0.095000
23 0.321478 0.344000 0.073895 0.082000
52 0.139503 0.172000 0.064917 0.074000
35 0.431975 0.490000 0.076657 0.090000
49 0.052486 0.372000 0.084254 0.092000
57 0.215470 0.373000 0.073204 0.084000
5 0.385704 0.212500 0.069751 0.085000
14 0.484461 0.613000 0.080801 0.104000
56 0.234116 0.218500 0.067680 0.077000
33 0.490331 0.521000 0.078729 0.094000
25 0.433011 0.399500 0.067680 0.087000
42 0.334599 0.269500 0.072514 0.079000
29 0.543508 0.460000 0.077348 0.090000
20 0.862914 0.448000 0.125000 0.120000
51 0.387431 0.296500 0.071823 0.079000
37 0.661257 0.524500 0.076657 0.097000
59 0.440262 0.321000 0.072514 0.080000
44 0.098412 0.306500 0.105663 0.101000
58 0.164710 0.345000 0.075276 0.080000
36 0.607390 0.406000 0.073895 0.086000
53 0.495856 0.350500 0.074586 0.085000
9 0.601174 0.318500 0.073895 0.091000
22 0.820442 0.609000 0.140884 0.132000
16 0.267956 0.403000 0.074586 0.090000
34 0.671616 0.619500 0.079420 0.095000
8 0.546271 0.293000 0.071823 0.090000
6 0.438191 0.238000 0.072514 0.086000
26 0.861188 0.536500 0.091160 0.109000
0 0.658494 0.345500 0.072514 0.091000
46 0.753453 0.667000 0.111878 0.118000
4 0.334945 0.187000 0.069061 0.082000
54 0.726865 0.468000 0.075276 0.094000
3 0.284530 0.163000 0.069061 0.080000
12 0.724102 0.556500 0.079420 0.097000
38 0.667472 0.437500 0.075276 0.091000
21 0.283494 0.245000 0.069751 0.082000
2 0.236188 0.140000 0.069061 0.078000
7 0.492749 0.265500 0.072514 0.085000
32 0.228591 0.469500 0.077348 0.097000
31 0.601519 0.492500 0.077348 0.095000
39 0.789365 0.498500 0.077348 0.095000
30 0.503453 0.476500 0.994475 0.923000
10 0.168163 0.263500 0.071133 0.081000
27 0.551105 0.377500 0.074586 0.085000
41 0.185083 0.194500 0.070442 0.079000
11 0.776243 0.403000 0.074586 0.094000
19 0.268992 0.317500 0.073895 0.085000
28 0.485843 0.429000 0.078039 0.088000
17 0.545925 0.654000 0.080801 0.104000
