58 0.156794 0.480932 0.066202 0.122881
38 0.762195 0.230932 0.064460 0.114407
7 0.514808 0.099576 0.064460 0.105932
25 0.492160 0.349576 0.064460 0.114407
23 0.344077 0.347458 0.064460 0.118644
26 0.918118 0.368644 0.052265 0.118644
48 0.792683 0.114407 0.062718 0.110169
57 0.228223 0.480932 0.066202 0.122881
49 0.020906 0.633475 0.038328 0.165254
45 0.045296 0.345339 0.087108 0.122881
4 0.303136 0.095339 0.062718 0.105932
5 0.373693 0.099576 0.060976 0.105932
0 0.722125 0.110169 0.064460 0.110169
18 0.677700 0.489407 0.066202 0.122881
32 0.084495 0.480932 0.064460 0.122881
43 0.199477 0.347458 0.064460 0.118644
17 0.040941 0.097458 0.040070 0.101695
52 0.047909 0.218220 0.071429 0.114407
14 0.645470 0.646186 0.071429 0.165254
55 0.377178 0.483051 0.067944 0.127119
21 0.263066 0.218220 0.066202 0.114407
16 0.302265 0.480932 0.067944 0.122881
15 0.452962 0.487288 0.066202 0.118644
40 0.752613 0.495763 0.066202 0.118644
39 0.895470 0.239407 0.052265 0.114407
35 0.527003 0.485169 0.067944 0.122881
20 0.945993 0.120763 0.101045 0.105932
46 0.918990 0.508475 0.109756 0.144068
2 0.166376 0.097458 0.064460 0.110169
12 0.854530 0.368644 0.064460 0.118644
11 0.859756 0.118644 0.060976 0.110169
34 0.824042 0.497881 0.066202 0.122881
9 0.653310 0.105932 0.062718 0.110169
28 0.565331 0.353814 0.064460 0.122881
42 0.334495 0.220339 0.062718 0.110169
54 0.831882 0.237288 0.064460 0.110169
31 0.711672 0.360169 0.064460 0.118644
59 0.476481 0.222458 0.064460 0.114407
6 0.443380 0.099576 0.060976 0.105932
47 0.430314 0.644068 0.344948 0.169492
24 0.416376 0.347458 0.062718 0.118644
53 0.548780 0.226695 0.062718 0.114407
22 0.963415 0.309322 0.076655 0.245763
56 0.190767 0.218220 0.064460 0.114407
33 0.602787 0.487288 0.069686 0.127119
8 0.583624 0.105932 0.062718 0.110169
30 0.501742 0.398305 1.000000 0.788136
19 0.270906 0.347458 0.064460 0.118644
51 0.404181 0.220339 0.062718 0.110169
1 0.098432 0.097458 0.060976 0.110169
41 0.121951 0.216102 0.066202 0.110169
10 0.128049 0.345339 0.064460 0.114407
13 0.216028 0.639831 0.069686 0.161017
27 0.620209 0.228814 0.062718 0.110169
29 0.638502 0.355932 0.064460 0.118644
3 0.235192 0.095339 0.062718 0.105932
36 0.690767 0.228814 0.064460 0.110169
44 0.023519 0.478814 0.043554 0.118644
37 0.783101 0.362288 0.064460 0.114407
50 0.796167 0.650424 0.069686 0.165254
