3 0.199174 0.400424 0.042567 0.061864
46 0.704892 0.612288 0.118806 0.066949
17 0.042884 0.400000 0.040025 0.064407
49 0.043837 0.676271 0.073698 0.067797
31 0.543520 0.541102 0.040025 0.060169
42 0.275413 0.468644 0.042567 0.061017
40 0.569250 0.610169 0.040661 0.062712
5 0.302414 0.402119 0.041931 0.060169
33 0.466963 0.609322 0.041931 0.064407
38 0.579733 0.473729 0.042567 0.059322
30 0.490152 0.523729 0.970140 0.459322
7 0.405972 0.404237 0.040661 0.059322
35 0.415184 0.607203 0.041296 0.061864
2 0.147713 0.400847 0.042567 0.066102
20 0.722046 0.411864 0.075604 0.064407
10 0.130877 0.536864 0.041931 0.063559
6 0.354511 0.402966 0.041931 0.060169
27 0.480940 0.471610 0.038119 0.056780
28 0.442821 0.539831 0.039390 0.061017
15 0.363088 0.607627 0.042567 0.064407
39 0.682020 0.477966 0.041296 0.064407
24 0.339263 0.537712 0.040661 0.061864
22 0.736023 0.512712 0.054003 0.132203
57 0.206480 0.606780 0.040661 0.062712
1 0.095616 0.400847 0.042567 0.066102
34 0.618806 0.611017 0.041931 0.062712
9 0.506353 0.406780 0.040661 0.059322
16 0.259530 0.608051 0.041296 0.063559
43 0.182338 0.537712 0.040661 0.063559
36 0.529860 0.472881 0.040661 0.057627
53 0.429797 0.471610 0.041296 0.060169
48 0.605464 0.409322 0.041931 0.062712
19 0.234752 0.537288 0.041296 0.062712
21 0.222999 0.469492 0.041931 0.064407
32 0.101334 0.605932 0.042567 0.066102
41 0.119759 0.468644 0.042567 0.064407
0 0.555909 0.407627 0.041931 0.061017
4 0.250953 0.401695 0.041931 0.061017
50 0.589263 0.679661 0.042567 0.064407
58 0.153431 0.606356 0.041296 0.063559
26 0.694727 0.545339 0.042567 0.065254
44 0.041296 0.607203 0.059720 0.066949
54 0.630241 0.476695 0.044473 0.061864
45 0.051461 0.537288 0.069886 0.066102
51 0.327510 0.469492 0.040025 0.059322
55 0.311626 0.606780 0.041296 0.062712
12 0.644854 0.543220 0.041931 0.062712
25 0.391360 0.538983 0.040661 0.061017
8 0.455845 0.405932 0.041296 0.061017
47 0.358958 0.677542 0.193139 0.065254
23 0.287166 0.538136 0.040661 0.062712
56 0.170902 0.467373 0.040661 0.061864
18 0.518424 0.608898 0.039390 0.061864
29 0.493329 0.539831 0.040025 0.061017
14 0.488247 0.677542 0.041296 0.063559
11 0.655972 0.410593 0.042567 0.061864
37 0.594028 0.541949 0.040661 0.061864
59 0.379606 0.472034 0.040025 0.061017
13 0.224269 0.677542 0.055909 0.065254
52 0.054638 0.468220 0.068615 0.065254
