3 0.217001 0.424952 0.048063 0.069790
46 0.788020 0.663958 0.134146 0.075526
17 0.040531 0.424474 0.045194 0.072658
49 0.041966 0.736138 0.082496 0.076482
31 0.605811 0.583652 0.045194 0.067878
42 0.303085 0.501912 0.048063 0.068834
40 0.634864 0.661568 0.045911 0.070746
5 0.333572 0.426864 0.047346 0.067878
33 0.519369 0.660612 0.047346 0.072658
38 0.646700 0.507648 0.048063 0.066922
30 0.500717 0.564054 1.000000 0.518164
7 0.450502 0.429254 0.045911 0.066922
35 0.460904 0.658222 0.046628 0.069790
2 0.158895 0.425430 0.048063 0.074570
20 0.807389 0.437859 0.085366 0.072658
10 0.139885 0.578872 0.047346 0.071702
6 0.392396 0.427820 0.047346 0.067878
27 0.535151 0.505258 0.043042 0.064054
28 0.492109 0.582218 0.044476 0.068834
15 0.402080 0.658700 0.048063 0.072658
39 0.762195 0.512428 0.046628 0.072658
24 0.375179 0.579828 0.045911 0.069790
22 0.823171 0.551625 0.060976 0.149140
57 0.225251 0.657744 0.045911 0.070746
1 0.100072 0.425430 0.048063 0.074570
34 0.690818 0.662524 0.047346 0.070746
9 0.563845 0.432122 0.045911 0.066922
16 0.285151 0.659178 0.046628 0.071702
43 0.197991 0.579828 0.045911 0.071702
36 0.590387 0.506692 0.045911 0.065010
53 0.477403 0.505258 0.046628 0.067878
48 0.675753 0.434990 0.047346 0.070746
19 0.257174 0.579350 0.046628 0.070746
21 0.243902 0.502868 0.047346 0.072658
32 0.106528 0.656788 0.048063 0.074570
41 0.127331 0.501912 0.048063 0.072658
0 0.619799 0.433078 0.047346 0.068834
4 0.275466 0.426386 0.047346 0.068834
50 0.657461 0.739962 0.048063 0.072658
58 0.165352 0.657266 0.046628 0.071702
26 0.776542 0.588432 0.048063 0.073614
44 0.038737 0.658222 0.067432 0.075526
54 0.703730 0.510994 0.050215 0.069790
45 0.050215 0.579350 0.078910 0.074570
51 0.361908 0.502868 0.045194 0.066922
55 0.343974 0.657744 0.046628 0.070746
12 0.720230 0.586042 0.047346 0.070746
25 0.434003 0.581262 0.045911 0.068834
8 0.506815 0.431166 0.046628 0.068834
47 0.397418 0.737572 0.218077 0.073614
23 0.316356 0.580306 0.045911 0.070746
56 0.185079 0.500478 0.045911 0.069790
18 0.577475 0.660134 0.044476 0.069790
29 0.549139 0.582218 0.045194 0.068834
14 0.543400 0.737572 0.046628 0.071702
11 0.732783 0.436424 0.048063 0.069790
37 0.662841 0.584608 0.045911 0.069790
59 0.420732 0.505736 0.045194 0.068834
13 0.245337 0.737572 0.063128 0.073614
52 0.053802 0.501434 0.077475 0.073614
