42 0.365974 0.337464 0.047046 0.062682
5 0.390591 0.272595 0.048140 0.061224
38 0.665755 0.330904 0.047046 0.064140
14 0.578775 0.532070 0.048140 0.067055
35 0.504376 0.466472 0.045952 0.064140
0 0.640044 0.266764 0.045952 0.064140
11 0.740700 0.263848 0.045952 0.064140
20 0.805252 0.260933 0.078775 0.064140
37 0.681072 0.396501 0.044858 0.064140
55 0.403720 0.469388 0.048140 0.064140
48 0.690372 0.264577 0.045952 0.062682
21 0.316740 0.338921 0.047046 0.065598
17 0.140591 0.276968 0.044858 0.064140
43 0.276805 0.405248 0.045952 0.064140
52 0.151532 0.343294 0.068928 0.065598
7 0.491794 0.270408 0.044858 0.062682
32 0.200766 0.474490 0.049234 0.065598
15 0.454048 0.467930 0.048140 0.064140
23 0.378556 0.403790 0.043764 0.061224
8 0.540481 0.268950 0.045952 0.062682
12 0.731400 0.395044 0.044858 0.064140
19 0.328228 0.404519 0.048140 0.065598
50 0.679431 0.529155 0.045952 0.067055
44 0.142232 0.477405 0.059081 0.065598
10 0.227571 0.407434 0.045952 0.062682
57 0.303063 0.471574 0.048140 0.062682
31 0.631291 0.397959 0.043764 0.064140
33 0.556346 0.464286 0.047046 0.065598
54 0.716083 0.329446 0.047046 0.064140
39 0.766411 0.327259 0.044858 0.062682
3 0.291575 0.274052 0.049234 0.064140
13 0.323304 0.539359 0.060175 0.067055
59 0.465536 0.336735 0.047046 0.064140
41 0.215536 0.341837 0.050328 0.065598
40 0.657002 0.462828 0.044858 0.062682
47 0.453501 0.536443 0.193654 0.069971
58 0.251094 0.472303 0.047046 0.064140
30 0.540481 0.387755 0.921225 0.422741
1 0.190919 0.276968 0.049234 0.064140
28 0.531182 0.400146 0.044858 0.062682
6 0.441466 0.271137 0.047046 0.064140
26 0.781182 0.393586 0.043764 0.061224
27 0.566193 0.333819 0.044858 0.061224
45 0.157002 0.408163 0.086433 0.067055
34 0.707330 0.461370 0.044858 0.062682
56 0.265864 0.339650 0.048140 0.064140
4 0.340810 0.274052 0.044858 0.061224
53 0.515317 0.335277 0.045952 0.064140
9 0.590810 0.266764 0.045952 0.064140
22 0.822210 0.357872 0.055799 0.132653
25 0.479759 0.401603 0.047046 0.062682
2 0.241794 0.275510 0.048140 0.064140
18 0.606674 0.462828 0.044858 0.065598
16 0.353392 0.470845 0.045952 0.064140
24 0.428337 0.402332 0.047046 0.064140
46 0.792670 0.458455 0.119256 0.065598
51 0.415755 0.336006 0.043764 0.062682
36 0.614333 0.333090 0.044858 0.062682
29 0.579869 0.398688 0.043764 0.062682
49 0.147155 0.544461 0.075492 0.071429
