23 0.395833 0.611188 0.030556 0.021543
4 0.376389 0.572620 0.028704 0.018068
59 0.463889 0.590341 0.027778 0.018763
34 0.647222 0.632384 0.029630 0.022238
8 0.521296 0.572620 0.029630 0.020848
7 0.484722 0.571925 0.026852 0.019458
52 0.250000 0.594858 0.031481 0.019458
55 0.412037 0.632731 0.031481 0.020153
31 0.585185 0.609798 0.029630 0.021543
44 0.241204 0.633773 0.067593 0.026407
19 0.357870 0.611188 0.030556 0.020153
51 0.426852 0.591383 0.027778 0.018068
0 0.591667 0.570883 0.031481 0.018763
13 0.316667 0.659138 0.044444 0.025712
46 0.697685 0.632036 0.054630 0.024322
24 0.432870 0.611188 0.028704 0.021543
22 0.720833 0.610493 0.073148 0.021543
12 0.663889 0.609798 0.031481 0.021543
45 0.243519 0.613621 0.050000 0.019458
58 0.295370 0.635163 0.035185 0.022238
21 0.353704 0.592773 0.031481 0.019458
28 0.510185 0.610841 0.029630 0.023628
35 0.490278 0.632384 0.030556 0.020848
25 0.471759 0.610146 0.028704 0.018068
15 0.450926 0.631341 0.029630 0.022933
27 0.537037 0.590341 0.027778 0.020153
5 0.412037 0.572272 0.029630 0.018763
38 0.611111 0.589646 0.029630 0.018763
37 0.624074 0.610493 0.031481 0.022933
47 0.661574 0.683113 0.371296 0.023628
30 0.509259 0.608756 0.644444 0.150104
11 0.663426 0.570883 0.030556 0.018763
20 0.713426 0.570535 0.060185 0.020848
29 0.547685 0.609451 0.026852 0.020848
36 0.574074 0.590341 0.029630 0.018763
47 0.452315 0.657748 0.139815 0.027102
40 0.607407 0.632384 0.031481 0.022238
32 0.360185 0.658096 0.037037 0.026407
16 0.373148 0.633773 0.033333 0.020848
57 0.334722 0.634816 0.034259 0.022933
54 0.648611 0.589993 0.030556 0.019458
48 0.627778 0.570883 0.029630 0.018763
3 0.342130 0.573315 0.032407 0.019458
10 0.286574 0.612926 0.034259 0.020848
14 0.542593 0.656706 0.035185 0.025017
43 0.320370 0.612231 0.031481 0.022238
41 0.281481 0.593468 0.033333 0.019458
6 0.448148 0.571577 0.027778 0.018763
56 0.318519 0.592773 0.033333 0.019458
17 0.585185 0.656359 0.035185 0.025712
1 0.268981 0.575052 0.036111 0.020153
39 0.687500 0.589646 0.032407 0.020153
53 0.500000 0.590341 0.027778 0.020153
42 0.390278 0.591730 0.032407 0.018763
33 0.529630 0.633079 0.029630 0.022238
18 0.566667 0.633079 0.031481 0.022238
26 0.730556 0.588603 0.042593 0.020848
9 0.556019 0.571577 0.028704 0.018763
49 0.222685 0.659138 0.050926 0.027102
2 0.306944 0.574705 0.030556 0.019458
