25 0.386667 0.314057 0.032000 0.040925
39 0.620000 0.262456 0.030667 0.040925
52 0.102000 0.266014 0.058667 0.048043
7 0.396333 0.217082 0.032667 0.042705
38 0.540000 0.263345 0.030667 0.039146
9 0.476667 0.217527 0.032000 0.043594
29 0.471333 0.313167 0.030667 0.040925
19 0.255333 0.314502 0.033333 0.041815
40 0.537333 0.362544 0.032000 0.043594
49 0.089667 0.428826 0.066000 0.056940
2 0.184000 0.217082 0.036000 0.044484
47 0.370000 0.420374 0.246667 0.048932
15 0.366667 0.364769 0.033333 0.044484
13 0.215000 0.423932 0.048667 0.050712
5 0.312333 0.216637 0.032667 0.041815
30 0.504000 0.309164 0.950667 0.385231
54 0.579667 0.262456 0.031333 0.039146
53 0.417333 0.264235 0.030667 0.039146
50 0.631333 0.413701 0.046667 0.048043
14 0.523667 0.415925 0.044667 0.045374
1 0.139667 0.217527 0.036667 0.043594
46 0.656000 0.360765 0.104000 0.043594
6 0.354000 0.217082 0.033333 0.042705
16 0.278333 0.366548 0.034000 0.044484
41 0.158667 0.266904 0.037333 0.046263
36 0.499333 0.263345 0.030667 0.039146
24 0.343000 0.313612 0.032667 0.041815
32 0.141000 0.369662 0.038000 0.048932
37 0.553333 0.311833 0.030667 0.041815
10 0.166667 0.315391 0.034667 0.043594
0 0.516667 0.217082 0.032000 0.040925
59 0.375000 0.263345 0.030000 0.039146
48 0.556000 0.217082 0.030667 0.040925
3 0.227000 0.216637 0.034000 0.045374
31 0.512667 0.312722 0.030667 0.040036
28 0.429333 0.313612 0.030667 0.041815
42 0.290667 0.263790 0.032000 0.040036
23 0.300000 0.313612 0.032000 0.041815
45 0.103000 0.318505 0.071333 0.051601
34 0.578000 0.360765 0.032000 0.041815
33 0.453000 0.363434 0.032667 0.043594
27 0.458333 0.263345 0.030000 0.037367
20 0.653667 0.216637 0.070000 0.040036
43 0.211000 0.314502 0.032667 0.043594
44 0.088333 0.372776 0.050000 0.049822
51 0.333333 0.262900 0.030667 0.038256
8 0.436667 0.217527 0.032000 0.043594
21 0.246333 0.264680 0.034000 0.043594
17 0.095333 0.217082 0.036000 0.044484
26 0.633667 0.310943 0.031333 0.043594
12 0.594333 0.311388 0.031333 0.040925
58 0.187667 0.367883 0.035333 0.045374
11 0.595667 0.216192 0.030000 0.039146
22 0.673333 0.286922 0.060000 0.095196
57 0.233333 0.366548 0.034667 0.044484
35 0.411000 0.364769 0.032667 0.042705
18 0.495333 0.363434 0.032000 0.043594
55 0.324000 0.366548 0.033333 0.044484
56 0.203000 0.264235 0.034000 0.040925
4 0.269000 0.215747 0.034000 0.041815
