25 0.386050 0.387661 0.033149 0.042357
39 0.627762 0.334254 0.031768 0.042357
52 0.091160 0.337937 0.060773 0.049724
7 0.396064 0.287293 0.033840 0.044199
38 0.544890 0.335175 0.031768 0.040516
9 0.479282 0.287753 0.033149 0.045120
29 0.473757 0.386740 0.031768 0.042357
19 0.250000 0.388122 0.034530 0.043278
40 0.542127 0.437845 0.033149 0.045120
49 0.078384 0.506446 0.068370 0.058932
2 0.176105 0.287293 0.037293 0.046041
47 0.368785 0.497698 0.255525 0.050645
15 0.365331 0.440147 0.034530 0.046041
13 0.208218 0.501381 0.050414 0.052486
5 0.309047 0.286832 0.033840 0.043278
30 0.507597 0.382597 0.984807 0.398711
54 0.585981 0.334254 0.032459 0.040516
53 0.417818 0.336096 0.031768 0.040516
50 0.639503 0.490792 0.048343 0.049724
14 0.527970 0.493094 0.046271 0.046961
1 0.130180 0.287753 0.037983 0.045120
46 0.665055 0.436004 0.107735 0.045120
6 0.352210 0.287293 0.034530 0.044199
16 0.273826 0.441989 0.035221 0.046041
41 0.149862 0.338858 0.038674 0.047882
36 0.502762 0.335175 0.031768 0.040516
24 0.340815 0.387201 0.033840 0.043278
32 0.131561 0.445212 0.039365 0.050645
37 0.558702 0.385359 0.031768 0.043278
10 0.158149 0.389042 0.035912 0.045120
0 0.520718 0.287293 0.033149 0.042357
59 0.373964 0.335175 0.031077 0.040516
48 0.561464 0.287293 0.031768 0.042357
3 0.220649 0.286832 0.035221 0.046961
31 0.516575 0.386280 0.031768 0.041436
28 0.430249 0.387201 0.031768 0.043278
42 0.286602 0.335635 0.033149 0.041436
23 0.296271 0.387201 0.033149 0.043278
45 0.092196 0.392265 0.073895 0.053407
34 0.584254 0.436004 0.033149 0.043278
33 0.454765 0.438766 0.033840 0.045120
27 0.460290 0.335175 0.031077 0.038674
20 0.662638 0.286832 0.072514 0.041436
43 0.204075 0.388122 0.033840 0.045120
44 0.077003 0.448435 0.051796 0.051565
51 0.330801 0.334715 0.031768 0.039595
8 0.437845 0.287753 0.033149 0.045120
21 0.240677 0.336556 0.035221 0.045120
17 0.084254 0.287293 0.037293 0.046041
26 0.641920 0.384438 0.032459 0.045120
12 0.601174 0.384899 0.032459 0.042357
58 0.179903 0.443370 0.036602 0.046961
11 0.602555 0.286372 0.031077 0.040516
22 0.683011 0.359576 0.062155 0.098527
57 0.227210 0.441989 0.035912 0.046041
35 0.411257 0.440147 0.033840 0.044199
18 0.498619 0.438766 0.033149 0.045120
55 0.321133 0.441989 0.034530 0.046041
56 0.195787 0.336096 0.035221 0.042357
4 0.264157 0.285912 0.035221 0.043278
