42 0.280667 0.476868 0.037333 0.049822
25 0.380333 0.534698 0.036667 0.049822
59 0.370333 0.475534 0.036667 0.048932
33 0.446667 0.592972 0.037333 0.048932
49 0.078000 0.658808 0.065333 0.054270
14 0.531333 0.653470 0.049333 0.048932
46 0.664333 0.591192 0.116667 0.050712
1 0.125000 0.419484 0.039333 0.050712
26 0.647000 0.532473 0.036667 0.048932
43 0.199000 0.536477 0.038000 0.051601
9 0.480667 0.418594 0.037333 0.048932
10 0.153333 0.536477 0.038667 0.051601
7 0.393333 0.419039 0.037333 0.049822
52 0.087667 0.477313 0.060667 0.052491
4 0.259667 0.418149 0.036667 0.049822
3 0.214667 0.418594 0.038667 0.050712
8 0.436667 0.418594 0.037333 0.048932
0 0.524000 0.417260 0.037333 0.048043
54 0.590000 0.474644 0.036000 0.047153
50 0.649333 0.653025 0.062667 0.049822
18 0.492333 0.593861 0.036667 0.048932
23 0.290667 0.535142 0.037333 0.050712
35 0.401333 0.593861 0.037333 0.048932
28 0.424333 0.534253 0.035333 0.048932
57 0.220000 0.596085 0.038667 0.051601
16 0.265667 0.595196 0.038000 0.051601
20 0.676333 0.415925 0.079333 0.048932
30 0.515667 0.507562 0.970000 0.415480
55 0.311333 0.594751 0.038667 0.050712
27 0.458333 0.474644 0.036667 0.047153
19 0.245000 0.536477 0.038000 0.051601
32 0.127667 0.596975 0.039333 0.053381
22 0.689333 0.503114 0.061333 0.107651
51 0.325333 0.475534 0.037333 0.048932
17 0.079000 0.419929 0.039333 0.049822
2 0.169667 0.418594 0.038000 0.050712
11 0.611333 0.415925 0.036000 0.047153
44 0.075000 0.597865 0.052667 0.053381
13 0.199333 0.657918 0.050667 0.052491
53 0.414333 0.475979 0.036667 0.049822
47 0.365333 0.655249 0.268000 0.050712
6 0.349000 0.417705 0.038000 0.048932
34 0.581667 0.594306 0.036667 0.048043
24 0.335000 0.534698 0.036667 0.049822
21 0.234667 0.476868 0.037333 0.051601
5 0.304333 0.418149 0.038000 0.049822
40 0.536667 0.592972 0.036000 0.047153
41 0.144333 0.476868 0.039333 0.051601
56 0.190000 0.476868 0.038667 0.051601
36 0.502667 0.474644 0.036000 0.047153
38 0.546667 0.475089 0.036000 0.048043
12 0.602333 0.532473 0.036667 0.048932
58 0.174000 0.596975 0.040000 0.051601
37 0.558667 0.533363 0.036000 0.047153
29 0.469333 0.533363 0.036000 0.047153
39 0.634333 0.474644 0.036667 0.048932
31 0.514000 0.533808 0.036000 0.048043
48 0.567667 0.417260 0.036667 0.048043
45 0.089667 0.536922 0.072667 0.052491
15 0.356667 0.594306 0.038667 0.049822
