9 0.424449 0.478374 0.033074 0.050173
7 0.335927 0.481401 0.032425 0.049308
48 0.511025 0.476644 0.032425 0.048443
41 0.091764 0.545415 0.033074 0.049308
21 0.181907 0.543685 0.033074 0.049308
29 0.414397 0.596021 0.032425 0.050173
12 0.545720 0.592561 0.031777 0.050173
39 0.577173 0.534170 0.032425 0.049308
27 0.402724 0.537630 0.032425 0.047578
58 0.125162 0.663927 0.032425 0.049308
5 0.248054 0.483997 0.033074 0.049308
26 0.588521 0.591696 0.031777 0.048443
4 0.203956 0.483997 0.033074 0.049308
2 0.112840 0.486159 0.032425 0.048443
19 0.194228 0.602076 0.033074 0.050173
24 0.281777 0.599048 0.031777 0.049308
51 0.270752 0.541522 0.031777 0.048443
56 0.137808 0.544550 0.031777 0.049308
53 0.358625 0.539360 0.032425 0.049308
45 0.040856 0.606401 0.066148 0.050173
37 0.501946 0.593858 0.032425 0.049308
0 0.468547 0.476644 0.033074 0.050173
36 0.446822 0.536765 0.033722 0.049308
42 0.227626 0.542820 0.032425 0.049308
20 0.618677 0.475346 0.073930 0.047578
10 0.103437 0.604671 0.031777 0.050173
17 0.023022 0.488322 0.030480 0.047578
28 0.369974 0.597318 0.031777 0.051038
23 0.238975 0.600779 0.031777 0.049308
16 0.215305 0.660467 0.032425 0.049308
40 0.482490 0.653547 0.033722 0.051038
35 0.348249 0.656574 0.032425 0.050173
55 0.259728 0.658737 0.031777 0.049308
15 0.303826 0.657439 0.033074 0.050173
57 0.170558 0.662197 0.032425 0.049308
50 0.639105 0.708910 0.048638 0.049308
46 0.606031 0.649654 0.107004 0.050173
3 0.158885 0.485294 0.032425 0.050173
18 0.436770 0.654844 0.033074 0.050173
11 0.554150 0.475779 0.031777 0.046713
30 0.500649 0.580450 1.000000 0.522491
38 0.491245 0.535900 0.033074 0.049308
25 0.326200 0.598183 0.032425 0.049308
33 0.392672 0.655709 0.033074 0.050173
14 0.463359 0.714100 0.048638 0.051038
6 0.292153 0.482699 0.033074 0.048443
43 0.148833 0.603806 0.033074 0.050173
1 0.067769 0.487457 0.033074 0.047578
59 0.314527 0.540225 0.032425 0.049308
13 0.149157 0.723616 0.047990 0.051038
32 0.080091 0.664792 0.033074 0.049308
52 0.035344 0.547578 0.052529 0.050173
44 0.029183 0.666522 0.044099 0.049308
49 0.027562 0.726644 0.048638 0.051903
54 0.534371 0.535035 0.032425 0.049308
47 0.307069 0.718426 0.243191 0.056228
34 0.525292 0.651817 0.032425 0.049308
22 0.630999 0.562284 0.054475 0.108997
31 0.457847 0.594723 0.032425 0.049308
8 0.379702 0.479671 0.033074 0.051038
