23 0.240000 0.538750 0.031250 0.045833
3 0.168437 0.427083 0.031875 0.047500
11 0.542813 0.428333 0.029375 0.046667
19 0.197500 0.538750 0.031250 0.047500
33 0.388750 0.594583 0.032500 0.047500
57 0.177187 0.595000 0.030625 0.046667
43 0.155625 0.538333 0.031250 0.046667
2 0.126875 0.426667 0.031250 0.046667
58 0.135937 0.594583 0.030625 0.045833
50 0.626563 0.654167 0.046875 0.050000
20 0.607812 0.427083 0.076875 0.047500
9 0.420000 0.428333 0.032500 0.046667
25 0.323750 0.539167 0.032500 0.046667
56 0.146563 0.482500 0.030625 0.046667
18 0.430937 0.594167 0.031875 0.046667
44 0.046250 0.595417 0.042500 0.047500
32 0.094062 0.594583 0.031875 0.047500
6 0.293750 0.427083 0.032500 0.047500
28 0.366875 0.538333 0.031250 0.046667
41 0.105000 0.482917 0.032500 0.047500
5 0.251250 0.427083 0.032500 0.047500
0 0.461562 0.427917 0.033125 0.047500
49 0.045000 0.650833 0.043750 0.050000
53 0.356875 0.483333 0.032500 0.046667
13 0.150938 0.651250 0.041875 0.049167
29 0.409062 0.538750 0.031875 0.045833
38 0.482187 0.482917 0.031875 0.045833
59 0.313750 0.482917 0.032500 0.045833
14 0.464062 0.652500 0.044375 0.050000
36 0.440625 0.482917 0.032500 0.045833
48 0.503437 0.427917 0.033125 0.047500
54 0.524062 0.483333 0.033125 0.046667
16 0.219062 0.595417 0.031875 0.047500
27 0.398438 0.482500 0.031875 0.045000
10 0.114687 0.538750 0.030625 0.047500
21 0.188125 0.482500 0.031250 0.046667
40 0.473125 0.594583 0.031250 0.045833
12 0.533438 0.538750 0.033125 0.047500
30 0.497500 0.500417 0.985000 0.479167
1 0.085312 0.427083 0.031875 0.045833
47 0.307812 0.653333 0.253125 0.051667
34 0.514062 0.594583 0.031875 0.047500
31 0.450625 0.538750 0.031250 0.045833
42 0.230000 0.482917 0.031250 0.045833
45 0.052187 0.539583 0.051875 0.047500
4 0.209687 0.426667 0.031875 0.046667
39 0.569063 0.484583 0.026875 0.047500
35 0.346250 0.595000 0.032500 0.046667
22 0.619687 0.511250 0.054375 0.104167
51 0.271875 0.482500 0.031250 0.045000
15 0.303750 0.595417 0.032500 0.047500
7 0.335625 0.428333 0.032500 0.046667
52 0.053750 0.483333 0.052500 0.050000
8 0.377812 0.428333 0.033125 0.048333
37 0.492500 0.539583 0.032500 0.045833
46 0.595938 0.595000 0.103125 0.050000
55 0.261250 0.594583 0.032500 0.047500
24 0.281562 0.538333 0.031875 0.046667
17 0.043437 0.427500 0.030625 0.046667
26 0.576562 0.539167 0.031875 0.048333
