46 0.600625 0.589167 0.106250 0.046667
11 0.551250 0.420000 0.032500 0.045000
39 0.573438 0.475417 0.031875 0.047500
20 0.615000 0.417917 0.075000 0.045833
17 0.020938 0.432083 0.030625 0.045833
58 0.127500 0.603333 0.031250 0.048333
26 0.583750 0.531667 0.032500 0.048333
49 0.030937 0.665833 0.043125 0.048333
56 0.136250 0.486250 0.031250 0.049167
14 0.473750 0.650833 0.043750 0.046667
30 0.497188 0.510417 0.983125 0.414167
16 0.215312 0.600417 0.031875 0.045833
44 0.030625 0.606667 0.042500 0.046667
51 0.270313 0.483750 0.030625 0.045833
23 0.237500 0.540833 0.030000 0.048333
36 0.445625 0.478333 0.031250 0.045000
33 0.393125 0.594583 0.032500 0.045833
4 0.201250 0.427917 0.031250 0.045833
5 0.246562 0.427083 0.030625 0.045833
35 0.349375 0.597083 0.031250 0.045833
1 0.068437 0.429167 0.033125 0.046667
57 0.170937 0.602917 0.030625 0.047500
27 0.402813 0.478750 0.030625 0.044167
59 0.314375 0.482083 0.031250 0.045833
25 0.325313 0.539167 0.031875 0.048333
24 0.281250 0.540417 0.031250 0.049167
8 0.378437 0.423333 0.031875 0.046667
52 0.035937 0.488750 0.054375 0.050833
50 0.635625 0.646250 0.045000 0.047500
48 0.508750 0.421250 0.031250 0.045833
31 0.456250 0.535000 0.031250 0.048333
6 0.290938 0.425417 0.031875 0.047500
13 0.141875 0.661250 0.042500 0.047500
28 0.368750 0.537083 0.031250 0.049167
21 0.181562 0.485417 0.031875 0.047500
38 0.487187 0.477083 0.030625 0.045833
9 0.422812 0.422083 0.031875 0.047500
54 0.529375 0.476667 0.031250 0.046667
40 0.479375 0.591667 0.031250 0.045000
19 0.191875 0.543333 0.031250 0.048333
3 0.156875 0.427917 0.032500 0.047500
32 0.081250 0.605000 0.032500 0.048333
15 0.305000 0.598333 0.032500 0.046667
53 0.358438 0.480417 0.030625 0.045833
37 0.498125 0.533750 0.031250 0.047500
47 0.308125 0.656250 0.266250 0.054167
2 0.112812 0.430000 0.033125 0.046667
43 0.148438 0.545000 0.031875 0.048333
55 0.260313 0.599167 0.031875 0.046667
0 0.465625 0.421667 0.032500 0.046667
45 0.042813 0.547500 0.066875 0.051667
7 0.335938 0.425000 0.031875 0.046667
29 0.412187 0.536250 0.030625 0.049167
41 0.092500 0.487083 0.032500 0.049167
42 0.226250 0.484167 0.031250 0.046667
18 0.435000 0.593333 0.030000 0.046667
22 0.626563 0.503750 0.056875 0.105833
10 0.102813 0.545000 0.031875 0.048333
12 0.540625 0.532500 0.031250 0.048333
34 0.522188 0.590833 0.031875 0.045000
