1 0.101250 0.393750 0.027500 0.042500
29 0.401562 0.492083 0.030625 0.044167
24 0.283750 0.493750 0.030000 0.044167
46 0.571875 0.540000 0.096250 0.046667
22 0.594688 0.463333 0.049375 0.098333
47 0.303438 0.597083 0.216875 0.047500
28 0.362500 0.492083 0.028750 0.044167
58 0.145000 0.547083 0.030000 0.044167
9 0.409687 0.387500 0.029375 0.048333
48 0.487187 0.387917 0.031875 0.045833
59 0.313125 0.441250 0.030000 0.044167
14 0.444063 0.594583 0.044375 0.047500
4 0.215000 0.390833 0.028750 0.043333
42 0.236250 0.443333 0.030000 0.043333
23 0.245000 0.494167 0.028750 0.041667
7 0.331562 0.387500 0.030625 0.046667
26 0.555625 0.488333 0.032500 0.045000
55 0.262188 0.545000 0.030625 0.045000
50 0.600625 0.592500 0.050000 0.048333
6 0.292500 0.388333 0.030000 0.043333
27 0.392500 0.439583 0.028750 0.042500
34 0.498125 0.540417 0.031250 0.044167
19 0.206250 0.495417 0.030000 0.042500
20 0.582812 0.384583 0.068125 0.045833
12 0.517500 0.490000 0.032500 0.045000
11 0.525312 0.385833 0.030625 0.045000
35 0.341562 0.543333 0.030625 0.045000
41 0.120938 0.444583 0.029375 0.042500
40 0.460000 0.541250 0.028750 0.044167
37 0.478438 0.491667 0.031875 0.045000
8 0.370625 0.388750 0.031250 0.049167
56 0.158438 0.443333 0.029375 0.043333
31 0.439688 0.491250 0.030625 0.044167
18 0.420312 0.540833 0.029375 0.045000
57 0.184375 0.546250 0.030000 0.044167
44 0.065312 0.548333 0.038125 0.041667
25 0.323125 0.492917 0.030000 0.044167
13 0.164687 0.600000 0.044375 0.045000
52 0.074375 0.445417 0.042500 0.042500
49 0.064062 0.600000 0.040625 0.045000
30 0.478750 0.465833 0.896250 0.378333
53 0.352812 0.440417 0.029375 0.044167
38 0.469062 0.439167 0.030625 0.043333
0 0.448437 0.387500 0.031875 0.046667
32 0.108125 0.546250 0.031250 0.044167
2 0.137813 0.392083 0.028125 0.042500
16 0.223125 0.546250 0.030000 0.045833
36 0.430937 0.440000 0.030625 0.043333
10 0.128750 0.496250 0.028750 0.042500
43 0.167813 0.495833 0.029375 0.041667
15 0.301250 0.544583 0.032500 0.045833
39 0.545312 0.437083 0.031875 0.045833
33 0.381250 0.542917 0.030000 0.045833
51 0.274062 0.441667 0.028125 0.043333
3 0.176250 0.392083 0.028750 0.044167
21 0.197813 0.443333 0.029375 0.043333
54 0.507812 0.438750 0.031875 0.044167
45 0.078125 0.496250 0.053750 0.042500
5 0.254063 0.390417 0.029375 0.044167
