55 0.321363 0.721311 0.047882 0.075410
2 0.123849 0.613934 0.048803 0.080328
38 0.521639 0.424590 0.045120 0.085246
26 0.640424 0.431148 0.046961 0.091803
36 0.476980 0.458197 0.047882 0.086885
27 0.431860 0.487705 0.046041 0.083607
50 0.604512 0.618033 0.043278 0.072131
29 0.460866 0.549180 0.046961 0.078689
20 0.646869 0.259836 0.089319 0.113115
32 0.154236 0.838525 0.046961 0.077049
33 0.452118 0.634426 0.047882 0.078689
56 0.164365 0.667213 0.050645 0.075410
10 0.155157 0.756557 0.046961 0.077049
11 0.576427 0.306557 0.046041 0.081967
7 0.346685 0.459836 0.046961 0.080328
22 0.680018 0.361475 0.081952 0.159016
0 0.482965 0.367213 0.045120 0.085246
5 0.254144 0.521311 0.049724 0.078689
52 0.075967 0.735246 0.058011 0.093443
19 0.239411 0.700000 0.047882 0.081967
14 0.516575 0.681148 0.044199 0.073770
30 0.480203 0.504918 0.894107 0.980328
39 0.613260 0.366393 0.044199 0.083607
8 0.392265 0.429508 0.044199 0.088525
48 0.529466 0.337705 0.046041 0.085246
12 0.593923 0.459836 0.046041 0.080328
59 0.341621 0.547541 0.047882 0.081967
1 0.083794 0.646721 0.042357 0.080328
53 0.385820 0.516393 0.047882 0.078689
54 0.567680 0.395902 0.045120 0.090164
37 0.549263 0.492623 0.045120 0.083607
45 0.102670 0.796721 0.067219 0.095082
49 0.131676 0.933607 0.051565 0.093443
28 0.415746 0.580328 0.045120 0.078689
25 0.369705 0.609836 0.046961 0.078689
3 0.167127 0.582787 0.050645 0.083607
44 0.112339 0.868852 0.047882 0.078689
42 0.252762 0.609016 0.052486 0.083607
31 0.505985 0.518033 0.045120 0.078689
24 0.326427 0.640164 0.048803 0.080328
4 0.209945 0.550820 0.051565 0.078689
57 0.234807 0.781148 0.044199 0.073770
13 0.255525 0.844262 0.046961 0.068852
46 0.670810 0.499180 0.120626 0.129508
9 0.438306 0.396721 0.046041 0.088525
40 0.541897 0.577869 0.043278 0.080328
35 0.409761 0.665574 0.046041 0.078689
47 0.383978 0.760656 0.220994 0.193443
43 0.196133 0.727869 0.047882 0.078689
34 0.585635 0.547541 0.042357 0.078689
58 0.194751 0.809836 0.048803 0.078689
21 0.207643 0.640164 0.050645 0.080328
18 0.496317 0.608197 0.044199 0.081967
15 0.366022 0.692623 0.048803 0.080328
16 0.279466 0.753279 0.050645 0.080328
51 0.296501 0.577869 0.047882 0.080328
23 0.283610 0.668852 0.047882 0.075410
6 0.300645 0.490164 0.052486 0.078689
41 0.122468 0.700820 0.053407 0.083607
