51 0.425307 0.630692 0.048431 0.057377
15 0.486698 0.736794 0.053888 0.067395
21 0.321965 0.660747 0.050477 0.061020
14 0.658254 0.756831 0.058663 0.078324
13 0.332879 0.864754 0.055935 0.088342
8 0.534106 0.544627 0.047749 0.051002
34 0.732606 0.661658 0.051842 0.059199
19 0.342769 0.715847 0.051160 0.065574
44 0.148704 0.842441 0.051842 0.071038
28 0.548772 0.653461 0.051160 0.059199
56 0.267053 0.675319 0.048431 0.062842
49 0.151432 0.923953 0.057299 0.093807
0 0.623465 0.520036 0.047749 0.051002
6 0.439973 0.570128 0.047749 0.052823
41 0.212824 0.690801 0.050477 0.062842
22 0.814461 0.547359 0.091405 0.102004
52 0.150409 0.707650 0.060709 0.067395
43 0.288540 0.732696 0.050477 0.066485
25 0.499318 0.668944 0.049113 0.059199
37 0.690996 0.614299 0.051842 0.055556
32 0.208390 0.823315 0.053888 0.072860
17 0.133697 0.650273 0.032742 0.052823
47 0.496589 0.809654 0.278308 0.160291
59 0.475784 0.617031 0.047067 0.057377
1 0.182128 0.639800 0.047749 0.055556
18 0.637790 0.689435 0.053206 0.061931
3 0.288881 0.610656 0.047067 0.055556
54 0.706344 0.552368 0.052524 0.055556
2 0.237040 0.624317 0.048431 0.055556
33 0.587312 0.704007 0.053206 0.061931
50 0.754775 0.726776 0.059345 0.072860
11 0.711119 0.495446 0.049795 0.051002
58 0.266371 0.805556 0.052524 0.068306
24 0.448840 0.683971 0.050477 0.061931
39 0.750000 0.538707 0.052524 0.053734
10 0.232265 0.748634 0.049795 0.065574
26 0.780696 0.586521 0.053888 0.054645
29 0.597203 0.639344 0.051160 0.058288
40 0.685539 0.675319 0.053206 0.059199
48 0.667121 0.508197 0.049113 0.049180
42 0.373806 0.645719 0.047749 0.058288
45 0.160641 0.768215 0.078445 0.077413
12 0.737040 0.599727 0.053888 0.055556
36 0.616303 0.576958 0.049795 0.053734
4 0.340041 0.596995 0.045703 0.053734
7 0.488404 0.556922 0.046385 0.051913
38 0.661664 0.563752 0.050477 0.052823
53 0.522851 0.603370 0.049795 0.057377
16 0.379604 0.771403 0.052524 0.069217
9 0.579468 0.531876 0.047067 0.051002
57 0.323329 0.788251 0.051842 0.068306
5 0.390518 0.583333 0.047067 0.051913
46 0.817190 0.636157 0.132333 0.081056
20 0.772851 0.478597 0.090041 0.061020
35 0.537858 0.720856 0.052524 0.064663
27 0.570941 0.588342 0.047749 0.054645
31 0.644952 0.626138 0.048431 0.057377
30 0.554229 0.672587 0.892906 0.629326
23 0.397340 0.699454 0.049795 0.063752
55 0.432810 0.753188 0.051160 0.065574
