31 0.675603 0.342000 0.048257 0.064000
34 0.754021 0.418000 0.041555 0.064000
22 0.903485 0.300000 0.067024 0.140000
42 0.363941 0.269000 0.049598 0.062000
24 0.437668 0.345000 0.049598 0.062000
4 0.335121 0.194000 0.048257 0.060000
1 0.166890 0.197000 0.038874 0.062000
41 0.188338 0.270000 0.049598 0.064000
38 0.716488 0.265000 0.049598 0.062000
28 0.556971 0.343000 0.049598 0.062000
2 0.219839 0.196000 0.048257 0.060000
36 0.657507 0.265000 0.049598 0.062000
25 0.496649 0.343000 0.049598 0.062000
56 0.247319 0.270000 0.049598 0.064000
7 0.511394 0.193000 0.049598 0.062000
40 0.703083 0.418000 0.041555 0.064000
14 0.646113 0.498000 0.050938 0.064000
33 0.586461 0.419000 0.052279 0.066000
23 0.378686 0.345000 0.049598 0.062000
6 0.451743 0.194000 0.048257 0.060000
58 0.228552 0.424000 0.049598 0.064000
49 0.110590 0.504000 0.052279 0.068000
29 0.615952 0.342000 0.049598 0.064000
11 0.802949 0.189000 0.048257 0.062000
59 0.482574 0.269000 0.048257 0.062000
13 0.291555 0.502000 0.049598 0.064000
19 0.318365 0.346000 0.049598 0.064000
51 0.423592 0.267000 0.048257 0.062000
15 0.467158 0.421000 0.052279 0.066000
12 0.795576 0.341000 0.049598 0.062000
18 0.648123 0.419000 0.049598 0.066000
30 0.514075 0.313000 0.904826 0.478000
50 0.767426 0.498000 0.052279 0.064000
45 0.129357 0.345000 0.073727 0.066000
5 0.394102 0.194000 0.048257 0.060000
54 0.776139 0.265000 0.050938 0.062000
37 0.734584 0.340000 0.050938 0.064000
17 0.117962 0.196000 0.037534 0.060000
47 0.468499 0.500000 0.282842 0.068000
21 0.306300 0.270000 0.049598 0.064000
20 0.882038 0.188000 0.088472 0.064000
26 0.854558 0.340000 0.049598 0.064000
39 0.835121 0.263000 0.050938 0.062000
27 0.599866 0.266000 0.049598 0.060000
8 0.569035 0.192000 0.049598 0.060000
57 0.288874 0.424000 0.049598 0.064000
16 0.347855 0.422000 0.049598 0.064000
10 0.201743 0.347000 0.049598 0.062000
9 0.626676 0.190000 0.049598 0.060000
55 0.408177 0.422000 0.049598 0.064000
48 0.743298 0.190000 0.049598 0.060000
35 0.527480 0.420000 0.049598 0.064000
44 0.116622 0.425000 0.053619 0.066000
3 0.277480 0.195000 0.050938 0.062000
52 0.124665 0.270000 0.056300 0.064000
53 0.539544 0.267000 0.049598 0.062000
43 0.260724 0.347000 0.049598 0.062000
32 0.174263 0.423000 0.040214 0.066000
0 0.684987 0.190000 0.050938 0.060000
46 0.810992 0.417000 0.056300 0.066000
