27 0.594183 0.332083 0.049307 0.065833
25 0.492521 0.407083 0.050970 0.067500
56 0.245152 0.335000 0.049307 0.066667
29 0.609695 0.405417 0.050416 0.067500
59 0.478670 0.333333 0.049861 0.066667
26 0.838227 0.405000 0.048753 0.068333
0 0.678947 0.260000 0.049307 0.065000
41 0.187812 0.336667 0.049861 0.068333
39 0.820499 0.331250 0.048753 0.067500
34 0.753186 0.480417 0.041551 0.069167
58 0.227424 0.486667 0.050416 0.068333
9 0.622161 0.260417 0.049861 0.064167
16 0.345706 0.485417 0.050970 0.069167
28 0.550970 0.406667 0.050416 0.068333
43 0.256787 0.410833 0.049307 0.068333
57 0.286427 0.486250 0.049861 0.069167
23 0.374238 0.409167 0.050416 0.068333
5 0.393906 0.261667 0.048753 0.063333
8 0.565651 0.261250 0.049861 0.065833
22 0.884765 0.368750 0.066482 0.137500
1 0.164820 0.264583 0.048199 0.064167
20 0.863712 0.260417 0.084211 0.062500
21 0.304155 0.335833 0.049861 0.066667
6 0.451524 0.260833 0.048753 0.063333
52 0.124100 0.337917 0.060942 0.065833
47 0.459557 0.562083 0.279778 0.072500
54 0.765374 0.332500 0.050416 0.068333
10 0.198615 0.410417 0.048199 0.067500
37 0.724931 0.405417 0.049307 0.067500
4 0.336288 0.261667 0.048753 0.063333
55 0.404986 0.484167 0.050970 0.070000
18 0.642936 0.481250 0.051524 0.069167
19 0.315512 0.409167 0.049307 0.068333
7 0.509141 0.260833 0.049861 0.065000
14 0.632687 0.558750 0.052078 0.072500
30 0.502216 0.389167 0.883657 0.460000
12 0.782548 0.405417 0.050416 0.067500
40 0.700831 0.480833 0.052078 0.070000
33 0.583380 0.482083 0.054294 0.072500
51 0.419945 0.333750 0.049861 0.065833
13 0.284488 0.565417 0.051524 0.070833
49 0.105540 0.566667 0.051524 0.071667
35 0.523823 0.482083 0.051524 0.069167
50 0.754294 0.557083 0.061496 0.070833
31 0.667867 0.405000 0.049307 0.068333
15 0.464543 0.483333 0.052632 0.071667
45 0.127147 0.411250 0.075900 0.067500
48 0.734903 0.260000 0.048199 0.063333
17 0.114127 0.265417 0.033241 0.062500
32 0.168421 0.487500 0.050970 0.070000
38 0.708310 0.331250 0.050416 0.065833
11 0.790305 0.259583 0.047091 0.062500
42 0.362050 0.334583 0.049307 0.065833
24 0.432964 0.407083 0.049307 0.067500
53 0.536011 0.332917 0.050416 0.067500
3 0.278393 0.262500 0.050416 0.065000
46 0.805817 0.482083 0.054848 0.069167
44 0.109695 0.488333 0.049861 0.068333
36 0.650970 0.331667 0.049861 0.066667
2 0.221884 0.263333 0.049307 0.063333
