32 0.184447 0.429000 0.047558 0.074000
25 0.482648 0.345000 0.044987 0.070000
21 0.309769 0.266000 0.046272 0.068000
26 0.806555 0.342000 0.044987 0.072000
51 0.416452 0.264000 0.043702 0.068000
29 0.590617 0.344000 0.044987 0.072000
52 0.133033 0.264000 0.073265 0.072000
49 0.116967 0.514000 0.064267 0.076000
48 0.707584 0.182000 0.044987 0.068000
39 0.790488 0.261000 0.046272 0.070000
8 0.548843 0.184000 0.043702 0.068000
59 0.469794 0.265000 0.044987 0.070000
34 0.727506 0.426000 0.048843 0.072000
23 0.375964 0.346000 0.044987 0.072000
40 0.672879 0.426000 0.047558 0.072000
15 0.455656 0.428000 0.047558 0.072000
19 0.321337 0.346000 0.046272 0.072000
58 0.239075 0.429000 0.046272 0.070000
13 0.291131 0.513000 0.047558 0.074000
50 0.730720 0.509000 0.047558 0.074000
41 0.202442 0.265000 0.047558 0.070000
18 0.618895 0.426000 0.047558 0.072000
10 0.213368 0.346000 0.046272 0.072000
9 0.600900 0.183000 0.044987 0.070000
35 0.510283 0.426000 0.046272 0.072000
44 0.120823 0.429000 0.061697 0.074000
54 0.737147 0.264000 0.047558 0.072000
53 0.522494 0.265000 0.044987 0.070000
31 0.644602 0.344000 0.044987 0.072000
43 0.267352 0.347000 0.046272 0.070000
42 0.363111 0.266000 0.044987 0.068000
56 0.255784 0.264000 0.046272 0.072000
36 0.628535 0.263000 0.046272 0.070000
16 0.347044 0.428000 0.046272 0.072000
11 0.760925 0.182000 0.046272 0.068000
55 0.402314 0.427000 0.046272 0.070000
3 0.284062 0.184000 0.048843 0.068000
24 0.428663 0.345000 0.044987 0.070000
33 0.564910 0.427000 0.047558 0.074000
22 0.858612 0.302000 0.077121 0.152000
28 0.536632 0.344000 0.044987 0.072000
37 0.697943 0.344000 0.046272 0.072000
57 0.293702 0.428000 0.044987 0.072000
27 0.576478 0.264000 0.044987 0.068000
20 0.840617 0.179000 0.097686 0.070000
4 0.337404 0.185000 0.044987 0.066000
45 0.138175 0.346000 0.088689 0.072000
7 0.496787 0.184000 0.044987 0.068000
46 0.829049 0.423000 0.143959 0.074000
38 0.682519 0.261000 0.046272 0.070000
17 0.122751 0.184000 0.044987 0.068000
1 0.176735 0.184000 0.044987 0.068000
2 0.231362 0.184000 0.046272 0.068000
12 0.751928 0.344000 0.046272 0.072000
14 0.622108 0.510000 0.048843 0.072000
0 0.654242 0.182000 0.046272 0.068000
47 0.455656 0.510000 0.266067 0.076000
30 0.494216 0.291000 0.865039 0.578000
6 0.442802 0.184000 0.044987 0.068000
5 0.389460 0.184000 0.046272 0.068000
