20 0.743671 0.461538 0.093530 0.060038
45 0.073488 0.592402 0.086498 0.062852
53 0.441632 0.527205 0.043601 0.060038
33 0.478551 0.661820 0.047117 0.062852
36 0.541139 0.526735 0.044304 0.059099
4 0.264416 0.458255 0.045007 0.059099
54 0.642405 0.528612 0.045710 0.060976
37 0.604782 0.595216 0.045007 0.060976
9 0.517229 0.461069 0.044304 0.059099
38 0.592124 0.527674 0.043601 0.059099
44 0.058017 0.661820 0.059775 0.062852
26 0.706399 0.596154 0.044304 0.060976
19 0.248594 0.593340 0.044304 0.060976
21 0.237342 0.526266 0.045710 0.061914
2 0.161744 0.457786 0.046414 0.060038
41 0.134669 0.525328 0.045710 0.061914
23 0.300985 0.593809 0.045007 0.060038
7 0.418073 0.459662 0.044304 0.058161
29 0.504571 0.594278 0.044304 0.060976
47 0.374473 0.730769 0.251055 0.063790
18 0.529536 0.662289 0.045007 0.061914
8 0.467300 0.461069 0.044304 0.059099
56 0.186357 0.524859 0.045007 0.060976
11 0.668073 0.461069 0.043601 0.059099
24 0.351266 0.593340 0.044304 0.060976
50 0.631153 0.732176 0.045710 0.060976
48 0.617089 0.461538 0.044304 0.058161
55 0.325246 0.660882 0.045710 0.060976
43 0.197257 0.593809 0.044304 0.060038
31 0.554501 0.594278 0.044304 0.060976
28 0.453938 0.593809 0.044304 0.060038
12 0.655415 0.595216 0.045007 0.060976
1 0.110056 0.457786 0.044304 0.060038
10 0.145921 0.593340 0.044304 0.060976
51 0.340014 0.526266 0.044304 0.060038
35 0.427567 0.661351 0.045007 0.061914
58 0.170183 0.661820 0.045007 0.060976
57 0.221871 0.661820 0.045710 0.060976
59 0.391350 0.526735 0.044304 0.060976
22 0.757384 0.562852 0.070323 0.127580
5 0.315401 0.458724 0.044304 0.058161
27 0.492264 0.527205 0.043601 0.058161
32 0.118495 0.661351 0.045710 0.061914
52 0.068565 0.523921 0.071027 0.060976
15 0.376582 0.661351 0.047117 0.061914
34 0.630450 0.662758 0.045710 0.060976
16 0.273910 0.661820 0.045710 0.062852
49 0.055204 0.730769 0.062588 0.063790
46 0.725738 0.663696 0.135021 0.062852
40 0.579466 0.662758 0.045007 0.060976
0 0.567511 0.461069 0.045007 0.059099
14 0.529536 0.731238 0.045007 0.060976
42 0.289381 0.526266 0.045710 0.060038
25 0.402954 0.593809 0.045007 0.060038
30 0.503165 0.576454 0.995077 0.451220
6 0.366385 0.459193 0.045007 0.059099
17 0.056962 0.455910 0.043601 0.060038
13 0.219761 0.731707 0.047117 0.061914
39 0.693038 0.528612 0.044304 0.060976
3 0.213080 0.457786 0.046414 0.060038
