6 0.362500 0.455000 0.040000 0.043333
37 0.581562 0.554583 0.041875 0.047500
8 0.452813 0.455417 0.039375 0.042500
1 0.133437 0.455417 0.043125 0.044167
28 0.439375 0.554167 0.041250 0.048333
39 0.658438 0.501250 0.041875 0.045833
58 0.164375 0.612500 0.047500 0.051667
13 0.204375 0.677917 0.050000 0.067500
51 0.335625 0.504167 0.041250 0.045000
4 0.271250 0.455000 0.040000 0.043333
3 0.225625 0.455000 0.042500 0.043333
57 0.214062 0.612500 0.045625 0.051667
52 0.093750 0.503333 0.055000 0.048333
40 0.560625 0.607500 0.043750 0.050000
55 0.313125 0.610833 0.043750 0.051667
25 0.391562 0.555417 0.041875 0.047500
18 0.511563 0.607917 0.043125 0.050833
43 0.197500 0.556667 0.045000 0.050000
26 0.676562 0.552917 0.043125 0.047500
33 0.462813 0.608750 0.044375 0.050833
42 0.288438 0.503750 0.041875 0.045833
54 0.612812 0.503333 0.041875 0.045000
23 0.294687 0.556250 0.043125 0.050833
47 0.358750 0.675417 0.253750 0.069167
7 0.408438 0.455000 0.039375 0.041667
49 0.048438 0.679167 0.055625 0.068333
10 0.149062 0.556667 0.045625 0.050000
56 0.193438 0.503750 0.043125 0.047500
36 0.520625 0.502500 0.040000 0.045000
48 0.585938 0.454583 0.039375 0.040833
9 0.497500 0.454583 0.038750 0.042500
45 0.087813 0.556667 0.069375 0.051667
5 0.316875 0.455000 0.040000 0.043333
41 0.146563 0.503750 0.044375 0.047500
35 0.413125 0.609583 0.043750 0.050833
44 0.063437 0.612500 0.049375 0.051667
2 0.180000 0.454583 0.042500 0.044167
34 0.609062 0.607500 0.044375 0.050000
14 0.514062 0.673750 0.044375 0.067500
22 0.720938 0.526667 0.075625 0.098333
31 0.534687 0.553750 0.041875 0.047500
15 0.363125 0.610417 0.046250 0.052500
21 0.241250 0.504167 0.043750 0.046667
19 0.246250 0.556667 0.045000 0.050000
59 0.382812 0.503750 0.040625 0.045833
29 0.486875 0.553333 0.041250 0.046667
50 0.614688 0.674167 0.046875 0.066667
27 0.475625 0.502500 0.040000 0.045000
12 0.629375 0.553750 0.043750 0.047500
17 0.094062 0.454167 0.031875 0.041667
38 0.566875 0.502917 0.040000 0.044167
20 0.696562 0.451250 0.083125 0.042500
0 0.541562 0.454583 0.040625 0.042500
11 0.630938 0.453750 0.039375 0.042500
46 0.700937 0.607917 0.131875 0.050833
16 0.263750 0.611667 0.046250 0.051667
30 0.497812 0.551667 0.979375 0.355000
24 0.343125 0.555417 0.042500 0.049167
53 0.429063 0.503750 0.040625 0.045833
32 0.114375 0.612083 0.048750 0.054167
