39 0.659062 0.450417 0.041875 0.055833
25 0.391250 0.512500 0.040000 0.055000
54 0.612500 0.451667 0.042500 0.056667
48 0.589063 0.390417 0.040625 0.054167
49 0.075313 0.639583 0.055625 0.059167
24 0.344375 0.512083 0.040000 0.055833
57 0.226562 0.576250 0.040625 0.057500
17 0.079375 0.390000 0.040000 0.055000
53 0.426563 0.452083 0.040625 0.055833
43 0.204063 0.513750 0.039375 0.055833
59 0.380625 0.452083 0.040000 0.055833
38 0.565312 0.450833 0.040625 0.055000
13 0.224062 0.639583 0.041875 0.057500
45 0.092813 0.513333 0.076875 0.056667
23 0.298438 0.512917 0.040625 0.055833
5 0.311563 0.390417 0.039375 0.054167
10 0.158125 0.513750 0.040000 0.055833
15 0.367500 0.575000 0.042500 0.058333
11 0.635312 0.389167 0.040625 0.055000
14 0.508750 0.638333 0.041250 0.056667
34 0.601250 0.575000 0.042500 0.056667
52 0.088750 0.451250 0.063750 0.057500
27 0.472813 0.451250 0.039375 0.054167
36 0.518437 0.450833 0.040625 0.055000
32 0.132812 0.575833 0.041875 0.058333
50 0.603125 0.639167 0.043750 0.058333
47 0.365938 0.638333 0.229375 0.060000
4 0.265625 0.390417 0.040000 0.054167
22 0.719063 0.481667 0.066875 0.116667
51 0.333750 0.451667 0.040000 0.055000
33 0.460938 0.574583 0.041875 0.057500
35 0.414375 0.575000 0.041250 0.056667
0 0.542188 0.390000 0.041875 0.055000
18 0.508125 0.575000 0.041250 0.058333
37 0.577187 0.512917 0.040625 0.055833
30 0.503125 0.499167 0.948750 0.413333
28 0.438437 0.512917 0.040625 0.055833
20 0.705937 0.388750 0.088125 0.055833
58 0.180000 0.576667 0.040000 0.056667
21 0.241250 0.452500 0.041250 0.056667
12 0.624687 0.512500 0.041875 0.056667
41 0.148125 0.452083 0.041250 0.057500
26 0.671875 0.512500 0.041250 0.056667
8 0.450313 0.390833 0.040625 0.055000
46 0.691250 0.574167 0.126250 0.058333
56 0.194062 0.451250 0.040625 0.055833
3 0.219062 0.390833 0.041875 0.055000
31 0.531563 0.513333 0.040625 0.055000
19 0.250937 0.513750 0.039375 0.055833
2 0.173125 0.390417 0.040000 0.054167
40 0.554688 0.575000 0.041875 0.056667
6 0.358125 0.390000 0.040000 0.055000
7 0.405000 0.390833 0.040000 0.055000
42 0.287813 0.452500 0.040625 0.055000
16 0.273750 0.575833 0.041250 0.058333
44 0.078750 0.576250 0.055000 0.059167
9 0.496563 0.390417 0.040625 0.054167
29 0.484375 0.512500 0.040000 0.055000
55 0.320625 0.575417 0.041250 0.057500
1 0.126562 0.390833 0.039375 0.055000
