15 0.370000 0.566116 0.040000 0.096419
43 0.214444 0.460055 0.037778 0.093664
25 0.393333 0.457300 0.037778 0.093664
4 0.272222 0.242424 0.037778 0.093664
36 0.515556 0.347107 0.037778 0.093664
55 0.325556 0.568871 0.037778 0.096419
29 0.482778 0.455923 0.038889 0.096419
51 0.337778 0.349862 0.037778 0.093664
3 0.227778 0.242424 0.037778 0.093664
7 0.405556 0.242424 0.037778 0.093664
10 0.169444 0.460055 0.038889 0.093664
44 0.099444 0.570248 0.038889 0.093664
6 0.361667 0.242424 0.038889 0.093664
17 0.099444 0.242424 0.027778 0.093664
54 0.605556 0.348485 0.040000 0.096419
24 0.348333 0.457300 0.036667 0.093664
8 0.449444 0.241047 0.038889 0.096419
9 0.493889 0.239669 0.038889 0.093664
14 0.505556 0.677686 0.040000 0.099174
13 0.233889 0.680441 0.038889 0.099174
58 0.191111 0.570248 0.037778 0.093664
31 0.527778 0.455923 0.037778 0.096419
59 0.383333 0.349862 0.037778 0.093664
12 0.617778 0.454545 0.040000 0.093664
26 0.661667 0.454545 0.038889 0.099174
40 0.549444 0.566116 0.038889 0.096419
22 0.706667 0.398072 0.062222 0.206612
57 0.235556 0.568871 0.037778 0.096419
50 0.596111 0.676309 0.041111 0.096419
46 0.680556 0.563361 0.118889 0.096419
32 0.145000 0.568871 0.038889 0.096419
53 0.426667 0.349862 0.037778 0.093664
30 0.497778 0.435262 0.906667 0.738292
48 0.582222 0.238292 0.040000 0.090909
20 0.692778 0.236915 0.081111 0.093664
21 0.250000 0.351240 0.037778 0.096419
45 0.112778 0.458678 0.061111 0.096419
19 0.258889 0.458678 0.037778 0.096419
47 0.370556 0.679063 0.218889 0.101928
11 0.627222 0.239669 0.038889 0.093664
34 0.595000 0.566116 0.038889 0.096419
42 0.293889 0.351240 0.038889 0.096419
2 0.183889 0.243802 0.038889 0.090909
16 0.280556 0.568871 0.038889 0.096419
33 0.460000 0.567493 0.040000 0.099174
41 0.160556 0.351240 0.038889 0.096419
38 0.560556 0.347107 0.038889 0.093664
5 0.316667 0.242424 0.037778 0.093664
23 0.304444 0.458678 0.037778 0.096419
18 0.504444 0.566116 0.040000 0.096419
49 0.098889 0.680441 0.040000 0.099174
28 0.437778 0.455923 0.037778 0.096419
52 0.109444 0.351240 0.050000 0.096419
27 0.472222 0.348485 0.037778 0.090909
39 0.650000 0.345730 0.040000 0.096419
0 0.537778 0.239669 0.040000 0.093664
56 0.204444 0.348485 0.037778 0.096419
1 0.138889 0.242424 0.037778 0.093664
35 0.415556 0.566116 0.040000 0.096419
37 0.571667 0.455923 0.038889 0.096419
