15 0.365633 0.652244 0.046512 0.112179
43 0.184755 0.528846 0.043928 0.108974
25 0.392765 0.525641 0.043928 0.108974
4 0.251938 0.275641 0.043928 0.108974
36 0.534884 0.397436 0.043928 0.108974
55 0.313953 0.655449 0.043928 0.112179
29 0.496770 0.524038 0.045220 0.112179
51 0.328165 0.400641 0.043928 0.108974
3 0.200258 0.275641 0.043928 0.108974
7 0.406977 0.275641 0.043928 0.108974
10 0.132429 0.528846 0.045220 0.108974
44 0.051034 0.657051 0.045220 0.108974
6 0.355943 0.275641 0.045220 0.108974
17 0.051034 0.275641 0.032300 0.108974
54 0.639535 0.399038 0.046512 0.112179
24 0.340439 0.525641 0.042636 0.108974
8 0.458010 0.274038 0.045220 0.112179
9 0.509690 0.272436 0.045220 0.108974
14 0.523256 0.782051 0.046512 0.115385
13 0.207364 0.785256 0.045220 0.115385
58 0.157623 0.657051 0.043928 0.108974
31 0.549096 0.524038 0.043928 0.112179
59 0.381137 0.400641 0.043928 0.108974
12 0.653747 0.522436 0.046512 0.108974
26 0.704780 0.522436 0.045220 0.115385
40 0.574289 0.652244 0.045220 0.112179
22 0.757106 0.456731 0.072351 0.240385
57 0.209302 0.655449 0.043928 0.112179
50 0.628553 0.780449 0.047804 0.112179
46 0.726744 0.649038 0.138243 0.112179
32 0.104005 0.655449 0.045220 0.112179
53 0.431525 0.400641 0.043928 0.108974
30 0.501292 0.500000 1.000000 0.858974
48 0.612403 0.270833 0.046512 0.105769
20 0.740956 0.269231 0.094315 0.108974
21 0.226098 0.402244 0.043928 0.112179
45 0.066537 0.527244 0.071059 0.112179
19 0.236434 0.527244 0.043928 0.112179
47 0.366279 0.783654 0.254522 0.118590
11 0.664729 0.272436 0.045220 0.108974
34 0.627261 0.652244 0.045220 0.112179
42 0.277132 0.402244 0.045220 0.112179
2 0.149225 0.277244 0.045220 0.105769
16 0.261628 0.655449 0.045220 0.112179
33 0.470284 0.653846 0.046512 0.115385
41 0.122093 0.402244 0.045220 0.112179
38 0.587209 0.397436 0.045220 0.108974
5 0.303618 0.275641 0.043928 0.108974
23 0.289406 0.527244 0.043928 0.112179
18 0.521964 0.652244 0.046512 0.112179
49 0.050388 0.785256 0.046512 0.115385
28 0.444444 0.524038 0.043928 0.112179
52 0.062661 0.402244 0.058140 0.112179
27 0.484496 0.399038 0.043928 0.105769
39 0.691214 0.395833 0.046512 0.112179
0 0.560724 0.272436 0.046512 0.108974
56 0.173127 0.399038 0.043928 0.112179
1 0.096899 0.275641 0.043928 0.108974
35 0.418605 0.652244 0.046512 0.112179
37 0.600129 0.524038 0.045220 0.112179
