36 0.615155 0.260110 0.048926 0.071691
1 0.146778 0.187500 0.047733 0.069853
13 0.264320 0.521140 0.051313 0.075368
16 0.322196 0.432904 0.050119 0.075368
20 0.837112 0.170037 0.106205 0.071691
3 0.255967 0.186581 0.048926 0.071691
59 0.449284 0.263787 0.046539 0.071691
47 0.436754 0.516544 0.276850 0.077206
8 0.531026 0.180147 0.047733 0.069853
24 0.406921 0.347426 0.047733 0.073529
25 0.463007 0.346507 0.047733 0.071691
49 0.084129 0.523897 0.068019 0.077206
23 0.352029 0.349265 0.047733 0.073529
19 0.294749 0.349265 0.047733 0.073529
38 0.671241 0.257353 0.048926 0.073529
26 0.803103 0.339154 0.050119 0.075368
41 0.172434 0.270221 0.048926 0.073529
9 0.587112 0.179228 0.047733 0.071691
37 0.687947 0.341912 0.048926 0.073529
54 0.728520 0.257353 0.051313 0.073529
50 0.723747 0.512868 0.051313 0.077206
4 0.310859 0.183824 0.046539 0.069853
48 0.696301 0.174632 0.048926 0.069853
18 0.606205 0.428309 0.050119 0.073529
0 0.641408 0.176471 0.048926 0.073529
56 0.226730 0.268382 0.047733 0.073529
53 0.504177 0.262868 0.048926 0.073529
45 0.106205 0.352022 0.090692 0.075368
46 0.827566 0.422794 0.151551 0.077206
55 0.378878 0.431985 0.048926 0.073529
27 0.560263 0.261949 0.046539 0.071691
43 0.239857 0.351103 0.047733 0.073529
58 0.210024 0.435662 0.050119 0.073529
57 0.266706 0.435662 0.048926 0.073529
39 0.785203 0.255515 0.050119 0.073529
31 0.632458 0.342831 0.047733 0.071691
28 0.519690 0.345588 0.046539 0.073529
32 0.153341 0.436581 0.051313 0.075368
6 0.421241 0.182904 0.047733 0.071691
44 0.088902 0.436581 0.063246 0.075368
29 0.576372 0.343750 0.047733 0.073529
30 0.474344 0.318015 0.931981 0.632353
33 0.548329 0.429228 0.051313 0.075368
42 0.338305 0.266544 0.046539 0.073529
14 0.609189 0.515625 0.051313 0.075368
5 0.366348 0.183824 0.047733 0.069853
15 0.434964 0.431066 0.051313 0.075368
52 0.102029 0.269301 0.075179 0.071691
7 0.477327 0.182904 0.047733 0.071691
40 0.662888 0.427390 0.048926 0.075368
12 0.745823 0.340074 0.050119 0.073529
21 0.282816 0.267463 0.047733 0.071691
51 0.393198 0.264706 0.046539 0.069853
11 0.752983 0.172794 0.047733 0.069853
2 0.202267 0.186581 0.048926 0.071691
22 0.858592 0.295956 0.082339 0.158088
10 0.183174 0.352022 0.048926 0.071691
35 0.492243 0.430147 0.048926 0.073529
17 0.090692 0.188419 0.047733 0.071691
34 0.720764 0.426471 0.050119 0.073529
