10 0.022009 0.548107 0.037246 0.055205
56 0.056998 0.481073 0.037246 0.056782
1 0.010158 0.414826 0.018059 0.056782
0 0.421558 0.411672 0.037246 0.056782
42 0.154628 0.480284 0.038375 0.055205
16 0.145598 0.614353 0.036117 0.055205
40 0.434537 0.612776 0.038375 0.058360
52 0.015801 0.483438 0.029345 0.055205
35 0.292325 0.614353 0.038375 0.058360
22 0.602144 0.511041 0.064334 0.126183
14 0.429458 0.678233 0.050790 0.059937
20 0.591422 0.409306 0.085779 0.058360
30 0.501129 0.507098 1.000000 0.474763
54 0.493792 0.479495 0.037246 0.056782
5 0.177201 0.411672 0.038375 0.056782
24 0.217269 0.547319 0.037246 0.056782
4 0.126411 0.411672 0.038375 0.056782
50 0.608352 0.678233 0.054176 0.059937
41 0.014108 0.481861 0.025959 0.055205
47 0.248307 0.681388 0.295711 0.063091
38 0.445260 0.481073 0.037246 0.056782
13 0.067156 0.682965 0.048533 0.056782
34 0.481941 0.611987 0.038375 0.059937
46 0.571106 0.609621 0.119639 0.058360
57 0.097065 0.615931 0.036117 0.055205
59 0.252822 0.480284 0.036117 0.055205
8 0.325621 0.414826 0.037246 0.056782
7 0.275959 0.413249 0.037246 0.056782
26 0.553612 0.544164 0.037246 0.056782
51 0.203160 0.480284 0.038375 0.055205
15 0.243792 0.614353 0.038375 0.058360
17 0.010158 0.415615 0.018059 0.055205
11 0.518059 0.411672 0.038375 0.056782
37 0.457111 0.546530 0.036117 0.055205
9 0.373025 0.413249 0.037246 0.056782
55 0.195260 0.615142 0.036117 0.056782
48 0.470090 0.412461 0.037246 0.058360
21 0.106095 0.480284 0.038375 0.055205
2 0.028781 0.414038 0.037246 0.058360
28 0.314334 0.548107 0.037246 0.058360
12 0.505079 0.545741 0.039503 0.056782
31 0.409142 0.545741 0.037246 0.056782
43 0.071106 0.548896 0.036117 0.056782
58 0.047968 0.616719 0.034989 0.053628
23 0.169300 0.547319 0.036117 0.056782
18 0.387133 0.612776 0.038375 0.058360
36 0.397291 0.480284 0.036117 0.055205
29 0.361738 0.546530 0.037246 0.058360
45 0.018623 0.552050 0.034989 0.053628
49 0.012980 0.684543 0.023702 0.053628
44 0.012980 0.619085 0.023702 0.055205
25 0.265801 0.547319 0.037246 0.056782
33 0.339729 0.613565 0.038375 0.059937
32 0.009594 0.616719 0.016930 0.056782
27 0.349323 0.480284 0.037246 0.055205
6 0.226298 0.411672 0.037246 0.056782
19 0.120203 0.548107 0.037246 0.055205
53 0.301919 0.481861 0.037246 0.055205
3 0.077314 0.413249 0.037246 0.056782
39 0.540632 0.480284 0.038375 0.058360
