40 0.460312 0.715842 0.033383 0.051485
13 0.114614 0.775743 0.045252 0.054455
2 0.086424 0.538119 0.034866 0.050495
22 0.613501 0.629208 0.060831 0.113861
19 0.168398 0.655941 0.032641 0.052475
54 0.515208 0.597525 0.036350 0.052475
6 0.270772 0.538119 0.034125 0.052475
45 0.024481 0.657921 0.047478 0.050495
23 0.214392 0.656931 0.031157 0.052475
0 0.449555 0.539604 0.034125 0.051485
39 0.557864 0.597525 0.035608 0.052475
25 0.304154 0.656931 0.032641 0.052475
42 0.202893 0.596535 0.033383 0.050495
33 0.370549 0.715842 0.034866 0.053465
32 0.051929 0.716337 0.034125 0.052475
50 0.619807 0.778218 0.048220 0.053465
28 0.349036 0.656436 0.033383 0.053465
30 0.496291 0.624257 0.991098 0.412871
3 0.132047 0.538119 0.034125 0.050495
29 0.393917 0.655941 0.034125 0.054455
52 0.018546 0.596040 0.035608 0.049505
46 0.585682 0.715842 0.112018 0.055446
38 0.471068 0.597030 0.034125 0.051485
7 0.315282 0.538119 0.032641 0.050495
20 0.602374 0.539604 0.080119 0.051485
44 0.012240 0.717822 0.022997 0.049505
57 0.145772 0.716337 0.033383 0.052475
18 0.415430 0.714851 0.032641 0.053465
5 0.224407 0.537624 0.033383 0.051485
48 0.493323 0.539109 0.035608 0.050495
55 0.235534 0.715842 0.031899 0.053465
8 0.360163 0.539604 0.034866 0.051485
9 0.404674 0.538119 0.034866 0.050495
53 0.337908 0.597030 0.033383 0.051485
51 0.248145 0.598020 0.031899 0.051485
31 0.437685 0.655446 0.034125 0.053465
14 0.453635 0.775248 0.046736 0.055446
47 0.284125 0.775743 0.274481 0.058416
34 0.503338 0.715842 0.034866 0.053465
36 0.426558 0.598020 0.034125 0.051485
26 0.569362 0.655941 0.036350 0.054455
12 0.525593 0.656436 0.036350 0.055446
43 0.122404 0.656931 0.032641 0.052475
16 0.189911 0.716337 0.032641 0.054455
41 0.066024 0.597030 0.034125 0.051485
11 0.537092 0.540099 0.035608 0.050495
58 0.099777 0.716337 0.033383 0.052475
24 0.258531 0.656436 0.033383 0.051485
17 0.008160 0.537624 0.014837 0.049505
21 0.157270 0.597030 0.032641 0.051485
59 0.293398 0.597030 0.031899 0.051485
35 0.326039 0.714851 0.033383 0.053465
49 0.012611 0.777723 0.023739 0.052475
56 0.111647 0.596535 0.033383 0.052475
27 0.382789 0.597030 0.032641 0.049505
15 0.281157 0.715347 0.034125 0.054455
10 0.076409 0.655941 0.032641 0.050495
1 0.040430 0.537129 0.034866 0.050495
4 0.179525 0.537624 0.032641 0.051485
37 0.480712 0.656931 0.035608 0.054455
