57 0.134367 0.814850 0.033592 0.058271
45 0.018734 0.753759 0.034884 0.052632
7 0.300388 0.611842 0.032300 0.054511
0 0.437984 0.606203 0.036176 0.058271
3 0.116279 0.617481 0.033592 0.058271
8 0.346253 0.609962 0.033592 0.054511
29 0.383075 0.741541 0.034884 0.058271
22 0.616279 0.702068 0.064599 0.129699
40 0.453488 0.807331 0.036176 0.058271
36 0.416021 0.672932 0.036176 0.060150
42 0.187984 0.680451 0.034884 0.056391
20 0.602713 0.601504 0.083979 0.056391
39 0.554264 0.669173 0.036176 0.060150
25 0.291344 0.743421 0.034884 0.058271
6 0.254522 0.611842 0.033592 0.058271
44 0.012274 0.820489 0.021964 0.054511
52 0.014212 0.687030 0.025840 0.054511
21 0.142119 0.681391 0.033592 0.058271
46 0.588501 0.806391 0.117571 0.060150
28 0.336563 0.743421 0.034884 0.058271
49 0.012274 0.884398 0.021964 0.054511
16 0.178941 0.813910 0.034884 0.060150
15 0.269380 0.811090 0.037468 0.062030
17 0.009044 0.621241 0.015504 0.054511
2 0.071705 0.620301 0.034884 0.056391
9 0.392119 0.607143 0.034884 0.056391
30 0.501292 0.693609 1.000000 0.496241
5 0.208010 0.614662 0.033592 0.056391
26 0.568475 0.735902 0.036176 0.062030
32 0.042636 0.816729 0.033592 0.058271
54 0.509044 0.671053 0.036176 0.060150
13 0.105943 0.882519 0.043928 0.058271
18 0.407623 0.808271 0.034884 0.060150
47 0.275840 0.879699 0.277778 0.063910
38 0.463178 0.671992 0.034884 0.058271
55 0.224160 0.812970 0.034884 0.058271
41 0.052972 0.686090 0.033592 0.056391
34 0.500000 0.806391 0.036176 0.060150
53 0.324289 0.676692 0.036176 0.056391
50 0.625969 0.876880 0.052972 0.065789
59 0.279070 0.678571 0.033592 0.056391
14 0.448966 0.876880 0.047804 0.062030
31 0.429587 0.740602 0.034884 0.060150
58 0.089147 0.816729 0.033592 0.058271
51 0.232558 0.678571 0.033592 0.056391
1 0.027132 0.622180 0.033592 0.056391
37 0.474806 0.739662 0.034884 0.058271
35 0.315245 0.810150 0.036176 0.060150
4 0.162145 0.615602 0.034884 0.058271
56 0.096899 0.683271 0.033592 0.058271
19 0.153747 0.748120 0.033592 0.056391
48 0.484496 0.606203 0.036176 0.058271
24 0.244832 0.745301 0.034884 0.058271
12 0.521318 0.738722 0.037468 0.060150
33 0.361111 0.810150 0.037468 0.063910
10 0.065891 0.750940 0.033592 0.058271
23 0.200258 0.747180 0.033592 0.058271
11 0.531654 0.603383 0.034884 0.056391
43 0.109173 0.750940 0.034884 0.058271
27 0.370155 0.674812 0.034884 0.056391
