55 0.018946 0.144644 0.024756 0.020970
38 0.164870 0.090829 0.019198 0.019454
9 0.127737 0.063416 0.018356 0.020212
5 0.031155 0.064300 0.019872 0.020465
35 0.073425 0.145275 0.022903 0.021728
0 0.152661 0.063921 0.018020 0.019707
47 0.066437 0.177362 0.132536 0.025771
23 0.012378 0.117105 0.022398 0.020465
42 0.013388 0.090197 0.021724 0.019202
25 0.063826 0.117105 0.020882 0.019960
54 0.190721 0.091081 0.019704 0.019960
48 0.176996 0.064174 0.018525 0.020212
8 0.103065 0.063542 0.018525 0.019960
36 0.139441 0.090450 0.019198 0.019202
29 0.117380 0.117610 0.020209 0.020970
14 0.153587 0.178247 0.030313 0.024507
6 0.054901 0.063542 0.019535 0.020970
53 0.088161 0.090323 0.019704 0.019454
4 0.008673 0.063921 0.017009 0.020718
50 0.264230 0.179510 0.031997 0.023497
31 0.144577 0.117736 0.020377 0.020718
15 0.045638 0.145023 0.024251 0.021728
30 0.170175 0.117484 0.340013 0.195553
59 0.062647 0.090450 0.019872 0.019707
26 0.225244 0.118999 0.021051 0.021223
33 0.101381 0.145275 0.022567 0.021223
20 0.238633 0.064679 0.041765 0.019202
27 0.113590 0.090071 0.019367 0.018949
40 0.157966 0.146412 0.021219 0.020970
39 0.216150 0.091966 0.019704 0.020718
12 0.198131 0.118747 0.020377 0.021223
28 0.090434 0.117231 0.020546 0.020718
51 0.037555 0.090576 0.020209 0.019960
22 0.251095 0.106114 0.038060 0.051036
18 0.129168 0.146160 0.021556 0.021981
46 0.238633 0.146286 0.071405 0.020718
34 0.186595 0.146791 0.021219 0.021728
7 0.078983 0.063542 0.018862 0.019960
11 0.202257 0.064553 0.019535 0.020465
24 0.037976 0.117484 0.021724 0.021223
37 0.171186 0.117989 0.020040 0.020212
