10 0.134277 0.495907 0.032227 0.047749
56 0.164551 0.437926 0.032227 0.049113
1 0.098145 0.380628 0.032227 0.049113
0 0.479980 0.377899 0.032227 0.049113
42 0.249023 0.437244 0.033203 0.047749
16 0.241211 0.553206 0.031250 0.047749
40 0.491211 0.551842 0.033203 0.050477
52 0.071289 0.439973 0.050781 0.047749
35 0.368164 0.553206 0.033203 0.050477
22 0.636230 0.463847 0.055664 0.109141
14 0.486816 0.608458 0.043945 0.051842
20 0.626953 0.375853 0.074219 0.050477
30 0.509766 0.460437 0.955078 0.410641
54 0.542480 0.436562 0.032227 0.049113
5 0.268555 0.377899 0.033203 0.049113
24 0.303223 0.495225 0.032227 0.049113
4 0.224609 0.377899 0.033203 0.049113
50 0.641602 0.608458 0.046875 0.051842
41 0.122559 0.438608 0.032227 0.047749
47 0.330078 0.611187 0.255859 0.054570
38 0.500488 0.437926 0.032227 0.049113
13 0.173340 0.612551 0.041992 0.049113
34 0.532227 0.551160 0.033203 0.051842
46 0.609375 0.549113 0.103516 0.050477
57 0.199219 0.554570 0.031250 0.047749
59 0.333984 0.437244 0.031250 0.047749
8 0.396973 0.380628 0.032227 0.049113
7 0.354004 0.379263 0.032227 0.049113
26 0.594238 0.492497 0.032227 0.049113
51 0.291016 0.437244 0.033203 0.047749
15 0.326172 0.553206 0.033203 0.050477
17 0.056641 0.381310 0.031250 0.047749
11 0.563477 0.377899 0.033203 0.049113
37 0.510742 0.494543 0.031250 0.047749
9 0.437988 0.379263 0.032227 0.049113
55 0.284180 0.553888 0.031250 0.049113
48 0.521973 0.378581 0.032227 0.050477
21 0.207031 0.437244 0.033203 0.047749
2 0.140137 0.379945 0.032227 0.050477
28 0.387207 0.495907 0.032227 0.050477
12 0.552246 0.493861 0.034180 0.049113
31 0.469238 0.493861 0.032227 0.049113
43 0.176758 0.496589 0.031250 0.049113
58 0.156738 0.555252 0.030273 0.046385
23 0.261719 0.495225 0.031250 0.049113
18 0.450195 0.551842 0.033203 0.050477
36 0.458984 0.437244 0.031250 0.047749
29 0.428223 0.494543 0.032227 0.050477
45 0.078613 0.499318 0.061523 0.046385
49 0.070312 0.613915 0.041016 0.046385
44 0.068848 0.557299 0.041992 0.047749
25 0.345215 0.495225 0.032227 0.049113
33 0.409180 0.552524 0.033203 0.051842
32 0.113770 0.555252 0.030273 0.049113
27 0.417480 0.437244 0.032227 0.047749
6 0.311035 0.377899 0.032227 0.049113
19 0.219238 0.495907 0.032227 0.047749
53 0.376465 0.438608 0.032227 0.047749
3 0.182129 0.379263 0.032227 0.049113
39 0.583008 0.437244 0.033203 0.050477
