29 0.582031 0.521454 0.050521 0.113230
30 0.490885 0.489869 0.969271 0.793802
58 0.191406 0.663886 0.052604 0.116806
21 0.256510 0.389154 0.053646 0.115614
19 0.277865 0.525030 0.053646 0.115614
7 0.481771 0.261025 0.050000 0.109654
35 0.500781 0.655542 0.051562 0.114422
16 0.316406 0.660906 0.053646 0.117998
5 0.361458 0.256853 0.053125 0.110846
48 0.718750 0.258641 0.051042 0.109654
52 0.057292 0.387962 0.072917 0.115614
56 0.192969 0.387962 0.053646 0.115614
42 0.319792 0.388558 0.052083 0.114422
27 0.559896 0.388558 0.048958 0.107271
44 0.086719 0.663886 0.136979 0.119190
25 0.462240 0.521454 0.050521 0.113230
28 0.522396 0.520262 0.048958 0.110846
40 0.681250 0.656138 0.051042 0.113230
22 0.850260 0.522646 0.107813 0.113230
6 0.422656 0.258045 0.051562 0.110846
49 0.051562 0.805125 0.076042 0.117998
24 0.401823 0.523242 0.050521 0.114422
31 0.641406 0.522646 0.050521 0.113230
18 0.620833 0.655542 0.050000 0.114422
10 0.152344 0.526222 0.052604 0.115614
14 0.683073 0.795590 0.051562 0.115614
53 0.500781 0.389154 0.049479 0.110846
4 0.299479 0.256257 0.052083 0.112038
33 0.560677 0.655542 0.051562 0.114422
13 0.251823 0.803337 0.052604 0.116806
39 0.799219 0.389154 0.049479 0.110846
57 0.253906 0.662098 0.053646 0.115614
55 0.379167 0.657926 0.053125 0.116806
34 0.741927 0.657330 0.050521 0.113230
8 0.540365 0.261621 0.051562 0.108462
45 0.066667 0.524434 0.095833 0.119190
37 0.701562 0.524434 0.051042 0.112038
36 0.619531 0.389750 0.049479 0.109654
0 0.659635 0.260429 0.051562 0.110846
59 0.441667 0.389154 0.050000 0.110846
23 0.341146 0.523242 0.052083 0.112038
46 0.813281 0.657330 0.070312 0.115614
26 0.869010 0.389750 0.070312 0.109654
50 0.753906 0.796186 0.072396 0.114422
2 0.174219 0.253874 0.052604 0.116806
12 0.762240 0.523838 0.051562 0.113230
47 0.466146 0.797378 0.360417 0.119190
9 0.599740 0.261025 0.051562 0.107271
11 0.778646 0.257449 0.050000 0.109654
3 0.236719 0.255066 0.053646 0.114422
20 0.856510 0.259833 0.090104 0.112038
38 0.678906 0.389750 0.051562 0.109654
54 0.739062 0.390346 0.051042 0.110846
15 0.440365 0.656138 0.051562 0.115614
43 0.215104 0.525626 0.053125 0.114422
41 0.130729 0.389750 0.054167 0.116806
51 0.381510 0.387962 0.050521 0.110846
1 0.111719 0.252086 0.052604 0.113230
