12 0.804213 0.543278 0.055939 0.069982
41 0.154006 0.471915 0.056630 0.070902
0 0.694751 0.384899 0.055249 0.069982
53 0.531077 0.467311 0.052486 0.067219
42 0.346340 0.469153 0.054558 0.069061
44 0.110152 0.635359 0.140193 0.075506
37 0.741367 0.544199 0.055939 0.069982
48 0.756561 0.383517 0.054558 0.067219
18 0.657459 0.624770 0.053867 0.070902
8 0.571478 0.388582 0.054558 0.068140
9 0.632597 0.387201 0.055249 0.069061
34 0.783840 0.623849 0.055249 0.069061
55 0.408494 0.628453 0.054558 0.070902
47 0.499309 0.710405 0.372928 0.074586
22 0.895718 0.540976 0.116022 0.069061
24 0.431285 0.547422 0.053177 0.069061
27 0.592196 0.465470 0.053177 0.067219
4 0.324931 0.389503 0.054558 0.068140
52 0.079765 0.472376 0.075276 0.069982
49 0.076657 0.720074 0.080110 0.071823
31 0.678177 0.544199 0.055249 0.069982
1 0.133978 0.390884 0.055249 0.069061
28 0.554558 0.545580 0.052486 0.069061
59 0.470304 0.467772 0.052486 0.068140
13 0.280041 0.716390 0.055939 0.071823
26 0.914365 0.460405 0.074586 0.068140
5 0.387431 0.389503 0.055249 0.068140
11 0.818715 0.381215 0.054558 0.068140
54 0.779006 0.462707 0.055249 0.069061
35 0.533149 0.626151 0.055249 0.069982
45 0.090470 0.552947 0.098066 0.072744
10 0.177141 0.553407 0.054558 0.071823
3 0.260704 0.389963 0.055939 0.069061
19 0.304213 0.550184 0.055939 0.070902
36 0.654006 0.465009 0.053867 0.068140
25 0.492058 0.546041 0.053177 0.068140
40 0.720649 0.624309 0.054558 0.069982
21 0.282113 0.470534 0.055939 0.069982
39 0.841506 0.460866 0.054558 0.069061
51 0.408494 0.468232 0.053177 0.067219
46 0.858080 0.622928 0.075276 0.070902
33 0.594613 0.625691 0.055249 0.070902
15 0.470994 0.626611 0.055249 0.070902
38 0.716506 0.464088 0.054558 0.068140
30 0.508287 0.521639 0.984807 0.498158
16 0.344959 0.630755 0.055939 0.071823
7 0.510359 0.389503 0.052486 0.068140
6 0.449240 0.389042 0.054558 0.067219
20 0.900552 0.381676 0.096685 0.070902
14 0.723066 0.708103 0.055249 0.069982
58 0.217887 0.633517 0.055939 0.071823
23 0.369130 0.548803 0.053177 0.069982
56 0.217887 0.470074 0.057320 0.070902
50 0.797652 0.707182 0.077348 0.069982
29 0.616022 0.545120 0.053867 0.069982
2 0.197169 0.390884 0.055939 0.070902
43 0.240677 0.551565 0.055939 0.069982
57 0.281423 0.632597 0.055939 0.071823
