9 0.499230 0.468310 0.029276 0.039906
59 0.411402 0.508803 0.030817 0.036385
27 0.482280 0.509390 0.030817 0.035211
19 0.310863 0.548122 0.031587 0.037559
16 0.327427 0.588028 0.032357 0.037559
6 0.394453 0.468897 0.029276 0.038732
39 0.624422 0.508216 0.031587 0.037559
34 0.583205 0.589202 0.032357 0.037559
2 0.252696 0.469484 0.030817 0.039906
54 0.588983 0.509390 0.033128 0.037559
58 0.253467 0.588028 0.032357 0.037559
42 0.339368 0.508803 0.031587 0.036385
51 0.375193 0.508216 0.030817 0.035211
17 0.182203 0.467723 0.030046 0.038732
30 0.502696 0.528756 0.735747 0.287559
26 0.635978 0.547535 0.033128 0.038732
1 0.218028 0.469484 0.030817 0.039906
35 0.436826 0.588615 0.032357 0.038732
13 0.288521 0.629695 0.031587 0.043427
57 0.290832 0.588615 0.031587 0.036385
7 0.429892 0.468897 0.029276 0.038732
18 0.510015 0.588615 0.032357 0.038732
20 0.657550 0.468897 0.065485 0.036385
12 0.600539 0.548709 0.033128 0.038732
38 0.553544 0.509390 0.031587 0.035211
43 0.274653 0.548122 0.031587 0.037559
56 0.268490 0.509390 0.031587 0.037559
14 0.511171 0.630282 0.031587 0.044601
31 0.527735 0.548122 0.032357 0.037559
25 0.419492 0.548122 0.031587 0.037559
4 0.323575 0.468310 0.029276 0.039906
8 0.464561 0.468897 0.029276 0.041080
15 0.401002 0.588615 0.033128 0.038732
29 0.491525 0.548122 0.032357 0.037559
44 0.175270 0.588615 0.043914 0.041080
46 0.632897 0.588615 0.059322 0.038732
41 0.232280 0.508803 0.031587 0.036385
53 0.446456 0.508803 0.031587 0.036385
45 0.187982 0.547535 0.060092 0.038732
10 0.238444 0.547535 0.031587 0.038732
52 0.187596 0.507042 0.050077 0.037559
5 0.359014 0.468310 0.029276 0.039906
21 0.303929 0.508803 0.030046 0.036385
48 0.569337 0.468897 0.029276 0.041080
37 0.563945 0.549296 0.032357 0.037559
11 0.605162 0.469484 0.030046 0.042254
33 0.473035 0.588615 0.032357 0.041080
28 0.455316 0.548709 0.032357 0.038732
3 0.288521 0.468897 0.030046 0.041080
49 0.170262 0.630869 0.047766 0.045775
40 0.546610 0.588615 0.031587 0.038732
24 0.383282 0.549296 0.031587 0.037559
47 0.398690 0.632042 0.182589 0.041080
23 0.347458 0.549883 0.032357 0.038732
32 0.215716 0.588615 0.030817 0.038732
36 0.518105 0.509390 0.031587 0.035211
22 0.669877 0.528756 0.053159 0.078638
55 0.364022 0.588615 0.033128 0.038732
50 0.598998 0.631455 0.060863 0.042254
0 0.534669 0.467723 0.029276 0.038732
