5 0.350817 0.250000 0.031335 0.060606
39 0.617847 0.319444 0.031335 0.063131
8 0.457084 0.250000 0.031335 0.065657
25 0.413488 0.385101 0.031335 0.063131
26 0.627384 0.386364 0.031335 0.065657
36 0.511580 0.318182 0.031335 0.060606
6 0.386240 0.248737 0.031335 0.063131
14 0.504087 0.522727 0.032698 0.065657
53 0.439373 0.318182 0.031335 0.060606
43 0.270436 0.386364 0.031335 0.065657
37 0.556540 0.387626 0.031335 0.063131
19 0.306540 0.386364 0.029973 0.065657
58 0.254087 0.454545 0.031335 0.065657
33 0.467984 0.453283 0.031335 0.063131
47 0.395777 0.525253 0.173025 0.065657
57 0.289510 0.453283 0.031335 0.063131
13 0.289510 0.522727 0.031335 0.065657
30 0.491826 0.352273 0.711172 0.457071
45 0.184605 0.387626 0.058583 0.063131
40 0.538828 0.454545 0.031335 0.060606
10 0.235014 0.386364 0.031335 0.065657
11 0.600817 0.250000 0.029973 0.065657
1 0.207084 0.250000 0.032698 0.065657
22 0.662807 0.353535 0.047684 0.131313
54 0.582425 0.316919 0.031335 0.063131
31 0.521117 0.385101 0.031335 0.063131
38 0.547003 0.316919 0.031335 0.063131
55 0.360354 0.452020 0.031335 0.065657
2 0.242507 0.250000 0.032698 0.065657
4 0.314714 0.248737 0.029973 0.063131
56 0.260899 0.316919 0.031335 0.063131
29 0.485014 0.385101 0.029973 0.063131
17 0.170981 0.250000 0.031335 0.065657
18 0.502725 0.453283 0.029973 0.063131
42 0.333106 0.318182 0.031335 0.060606
46 0.623297 0.455808 0.055858 0.063131
59 0.403951 0.318182 0.031335 0.060606
12 0.592643 0.386364 0.032698 0.065657
52 0.180518 0.318182 0.047684 0.065657
3 0.278610 0.248737 0.031335 0.063131
20 0.653951 0.250000 0.065395 0.060606
27 0.475477 0.318182 0.029973 0.060606
35 0.432561 0.453283 0.031335 0.063131
34 0.574251 0.454545 0.031335 0.060606
50 0.587875 0.523990 0.058583 0.063131
28 0.449591 0.386364 0.029973 0.065657
49 0.177793 0.522727 0.042234 0.065657
15 0.396458 0.453283 0.032698 0.063131
16 0.324932 0.453283 0.031335 0.063131
44 0.177112 0.455808 0.040872 0.063131
24 0.378065 0.385101 0.031335 0.063131
48 0.564714 0.248737 0.031335 0.063131
21 0.296322 0.316919 0.031335 0.063131
41 0.224796 0.318182 0.032698 0.065657
9 0.493869 0.250000 0.031335 0.060606
7 0.422343 0.248737 0.029973 0.063131
0 0.529292 0.248737 0.031335 0.063131
23 0.341962 0.385101 0.029973 0.063131
51 0.367847 0.318182 0.029973 0.060606
32 0.217302 0.454545 0.031335 0.060606
