5 0.274219 0.248555 0.035937 0.069364
39 0.580469 0.328035 0.035937 0.072254
8 0.396094 0.248555 0.035937 0.075145
25 0.346094 0.403179 0.035937 0.072254
26 0.591406 0.404624 0.035937 0.075145
36 0.458594 0.326590 0.035937 0.069364
6 0.314844 0.247110 0.035937 0.072254
14 0.450000 0.560694 0.037500 0.075145
53 0.375781 0.326590 0.035937 0.069364
43 0.182031 0.404624 0.035937 0.075145
37 0.510156 0.406069 0.035937 0.072254
19 0.223438 0.404624 0.034375 0.075145
58 0.163281 0.482659 0.035937 0.075145
33 0.408594 0.481214 0.035937 0.072254
47 0.325781 0.563584 0.198437 0.075145
57 0.203906 0.481214 0.035937 0.072254
13 0.203906 0.560694 0.035937 0.075145
30 0.435937 0.365607 0.815625 0.523121
45 0.083594 0.406069 0.067187 0.072254
40 0.489844 0.482659 0.035937 0.069364
10 0.141406 0.404624 0.035937 0.075145
11 0.560937 0.248555 0.034375 0.075145
1 0.109375 0.248555 0.037500 0.075145
22 0.632031 0.367052 0.054688 0.150289
54 0.539844 0.325145 0.035937 0.072254
31 0.469531 0.403179 0.035937 0.072254
38 0.499219 0.325145 0.035937 0.072254
55 0.285156 0.479769 0.035937 0.075145
2 0.150000 0.248555 0.037500 0.075145
4 0.232813 0.247110 0.034375 0.072254
56 0.171094 0.325145 0.035937 0.072254
29 0.428125 0.403179 0.034375 0.072254
17 0.067969 0.248555 0.035937 0.075145
18 0.448437 0.481214 0.034375 0.072254
42 0.253906 0.326590 0.035937 0.069364
46 0.586719 0.484104 0.064062 0.072254
59 0.335156 0.326590 0.035937 0.069364
12 0.551562 0.404624 0.037500 0.075145
52 0.078906 0.326590 0.054688 0.075145
3 0.191406 0.247110 0.035937 0.072254
20 0.621875 0.248555 0.075000 0.069364
27 0.417187 0.326590 0.034375 0.069364
35 0.367969 0.481214 0.035937 0.072254
34 0.530469 0.482659 0.035937 0.069364
50 0.546094 0.562139 0.067187 0.072254
28 0.387500 0.404624 0.034375 0.075145
49 0.075781 0.560694 0.048438 0.075145
15 0.326562 0.481214 0.037500 0.072254
16 0.244531 0.481214 0.035937 0.072254
44 0.075000 0.484104 0.046875 0.072254
24 0.305469 0.403179 0.035937 0.072254
48 0.519531 0.247110 0.035937 0.072254
21 0.211719 0.325145 0.035937 0.072254
41 0.129688 0.326590 0.037500 0.075145
9 0.438281 0.248555 0.035937 0.069364
7 0.356250 0.247110 0.034375 0.072254
0 0.478906 0.247110 0.035937 0.072254
23 0.264062 0.403179 0.034375 0.072254
51 0.293750 0.326590 0.034375 0.069364
32 0.121094 0.482659 0.035937 0.069364
