17 0.064710 0.295037 0.053041 0.123162
26 0.805870 0.579963 0.055870 0.137868
55 0.366337 0.720588 0.056577 0.139706
31 0.630835 0.579963 0.055163 0.137868
8 0.527935 0.301471 0.054455 0.136029
22 0.862801 0.511029 0.087694 0.275735
59 0.439533 0.440257 0.055870 0.137868
11 0.759194 0.300551 0.053041 0.130515
2 0.181400 0.300551 0.054455 0.134191
25 0.454031 0.579044 0.055163 0.136029
50 0.744696 0.868566 0.101839 0.141544
35 0.484441 0.721507 0.056577 0.137868
3 0.238685 0.300551 0.054455 0.134191
47 0.424682 0.867647 0.293494 0.139706
19 0.278642 0.577206 0.055163 0.139706
20 0.845827 0.300551 0.110325 0.130515
30 0.495050 0.521140 0.978784 0.895221
10 0.161245 0.578125 0.056577 0.137868
14 0.602546 0.867647 0.056577 0.143382
38 0.672914 0.439338 0.055870 0.132353
58 0.189887 0.719669 0.055870 0.137868
57 0.247878 0.719669 0.057284 0.137868
41 0.148868 0.437500 0.057284 0.136029
7 0.470651 0.302390 0.053041 0.130515
53 0.497525 0.439338 0.055870 0.136029
40 0.661245 0.722426 0.056577 0.136029
54 0.730552 0.439338 0.056577 0.136029
0 0.642857 0.302390 0.055163 0.130515
18 0.601485 0.721507 0.055870 0.137868
33 0.542786 0.721507 0.057284 0.141544
4 0.297030 0.301471 0.053748 0.136029
42 0.323904 0.437500 0.057992 0.136029
9 0.585926 0.301471 0.054455 0.132353
15 0.425035 0.721507 0.059406 0.141544
24 0.395332 0.578125 0.055163 0.137868
37 0.689180 0.579044 0.055870 0.139706
13 0.246818 0.865809 0.056577 0.143382
6 0.412659 0.301471 0.054455 0.132353
52 0.077793 0.439338 0.080622 0.125000
49 0.061174 0.863971 0.071429 0.132353
21 0.265205 0.437500 0.056577 0.136029
5 0.355021 0.300551 0.053748 0.134191
16 0.307284 0.720588 0.057284 0.139706
39 0.788543 0.438419 0.055163 0.134191
46 0.801273 0.722426 0.099010 0.139706
43 0.220297 0.577206 0.055870 0.139706
28 0.513083 0.579963 0.055870 0.137868
48 0.700849 0.301471 0.055163 0.128676
44 0.064356 0.716912 0.069307 0.125000
29 0.572136 0.579044 0.056577 0.139706
27 0.556577 0.439338 0.055163 0.132353
34 0.719943 0.722426 0.056577 0.136029
36 0.614215 0.440257 0.055870 0.134191
51 0.381895 0.438419 0.055163 0.134191
45 0.080976 0.578125 0.095474 0.126838
56 0.207567 0.437500 0.055870 0.136029
1 0.122702 0.299632 0.054455 0.132353
23 0.337341 0.578125 0.055163 0.137868
12 0.747878 0.579963 0.055870 0.137868
32 0.130127 0.717831 0.057992 0.137868
