48 0.595333 0.277778 0.036000 0.067633
42 0.342000 0.347826 0.036000 0.067633
53 0.458667 0.347826 0.034667 0.067633
40 0.565333 0.489130 0.034667 0.065217
32 0.215333 0.487923 0.036000 0.067633
25 0.429333 0.417874 0.034667 0.067633
43 0.273333 0.417874 0.034667 0.067633
22 0.702000 0.384058 0.054667 0.140097
36 0.536000 0.347826 0.034667 0.067633
17 0.166000 0.277778 0.036000 0.067633
41 0.224667 0.347826 0.036000 0.067633
20 0.692667 0.276570 0.073333 0.065217
7 0.439333 0.277778 0.036000 0.067633
39 0.653333 0.347826 0.034667 0.067633
33 0.488000 0.489130 0.034667 0.070048
11 0.634667 0.277778 0.034667 0.067633
5 0.361333 0.276570 0.034667 0.065217
15 0.410000 0.489130 0.036000 0.070048
50 0.620000 0.560386 0.064000 0.067633
4 0.322667 0.275362 0.034667 0.067633
10 0.234667 0.417874 0.034667 0.067633
24 0.390667 0.419082 0.034667 0.065217
12 0.624000 0.419082 0.034667 0.065217
31 0.546667 0.419082 0.034667 0.065217
27 0.497333 0.347826 0.034667 0.067633
38 0.574667 0.347826 0.034667 0.067633
51 0.380000 0.347826 0.034667 0.067633
54 0.614000 0.347826 0.036000 0.067633
26 0.662667 0.417874 0.034667 0.067633
28 0.468000 0.417874 0.034667 0.067633
1 0.205333 0.277778 0.034667 0.067633
3 0.283333 0.275362 0.036000 0.067633
45 0.180667 0.419082 0.065333 0.065217
35 0.449333 0.487923 0.034667 0.067633
6 0.400667 0.275362 0.036000 0.067633
19 0.313333 0.417874 0.034667 0.067633
18 0.526667 0.487923 0.034667 0.067633
14 0.526667 0.560386 0.034667 0.067633
55 0.372000 0.487923 0.034667 0.067633
49 0.171333 0.560386 0.046667 0.067633
30 0.496000 0.378019 0.728000 0.471014
37 0.585333 0.419082 0.034667 0.065217
13 0.293333 0.561594 0.034667 0.065217
21 0.302667 0.347826 0.034667 0.067633
57 0.294000 0.487923 0.036000 0.067633
8 0.478667 0.277778 0.034667 0.067633
52 0.175333 0.347826 0.054667 0.067633
16 0.332667 0.487923 0.036000 0.067633
56 0.263333 0.347826 0.036000 0.067633
46 0.658000 0.489130 0.062667 0.065217
34 0.604000 0.489130 0.034667 0.065217
2 0.244000 0.276570 0.034667 0.070048
58 0.255333 0.487923 0.036000 0.067633
9 0.517333 0.275362 0.034667 0.067633
29 0.508000 0.417874 0.034667 0.067633
47 0.409333 0.561594 0.189333 0.070048
0 0.556667 0.275362 0.036000 0.067633
23 0.352000 0.419082 0.034667 0.065217
59 0.419333 0.347826 0.033333 0.067633
44 0.171333 0.489130 0.046667 0.065217
