33 0.924037 0.672529 0.151926 0.173954
9 0.938659 0.203897 0.121255 0.118821
28 0.828103 0.493346 0.139800 0.157795
8 0.819187 0.203422 0.120542 0.121673
13 0.138730 0.897814 0.153352 0.200570
47 0.610200 0.894011 0.781027 0.213878
19 0.263909 0.497624 0.141227 0.156844
58 0.049572 0.681084 0.097718 0.177757
7 0.694722 0.201996 0.118402 0.124525
21 0.247860 0.340779 0.130528 0.135932
3 0.203281 0.204373 0.121255 0.121673
56 0.117689 0.340779 0.132668 0.139734
25 0.684736 0.494297 0.135521 0.155894
43 0.129815 0.501426 0.141227 0.156844
59 0.642653 0.338403 0.124108 0.136882
15 0.625535 0.675856 0.142653 0.178707
4 0.325250 0.201996 0.116976 0.122624
27 0.904779 0.336027 0.130528 0.132129
36 0.982525 0.336502 0.036377 0.133080
16 0.320970 0.679183 0.148359 0.177757
35 0.774964 0.675380 0.149073 0.177757
1 0.014265 0.204373 0.027104 0.121673
6 0.570257 0.201996 0.116262 0.124525
23 0.405136 0.498099 0.134094 0.153992
24 0.545292 0.494772 0.130528 0.154943
53 0.773538 0.336502 0.130528 0.134981
2 0.082739 0.204848 0.124108 0.122624
57 0.170471 0.680133 0.148359 0.177757
5 0.448645 0.202471 0.112696 0.123574
51 0.511056 0.338878 0.119116 0.137833
41 0.029244 0.340779 0.057061 0.139734
55 0.473966 0.678707 0.140514 0.176806
42 0.379815 0.339829 0.126248 0.139734
10 0.028887 0.496673 0.056348 0.151141
29 0.946505 0.492395 0.108417 0.150190
