10 0.227468 0.454220 0.094421 0.117310
41 0.217275 0.325823 0.094421 0.112303
1 0.184281 0.201001 0.087446 0.103004
52 0.102736 0.319385 0.133584 0.109442
44 0.056867 0.578684 0.112661 0.121602
28 0.857296 0.497854 0.098712 0.121602
23 0.535408 0.477468 0.097639 0.118026
2 0.279238 0.205651 0.088519 0.106581
17 0.096835 0.197425 0.079936 0.105866
21 0.414431 0.336910 0.092811 0.111588
7 0.768240 0.234979 0.091202 0.109442
3 0.372318 0.213519 0.089056 0.105150
43 0.328594 0.463162 0.098176 0.118026
55 0.586105 0.619814 0.102468 0.128040
24 0.641094 0.483190 0.097639 0.118026
25 0.748391 0.489986 0.098712 0.120172
29 0.958959 0.507868 0.081009 0.121602
13 0.359174 0.753577 0.102468 0.129471
30 0.500536 0.482475 1.000000 0.874821
6 0.669260 0.228183 0.090665 0.105866
5 0.570547 0.223534 0.088519 0.105150
59 0.721030 0.354077 0.094421 0.113019
47 0.697425 0.783619 0.566524 0.173820
15 0.697425 0.628040 0.104077 0.131617
42 0.515558 0.343348 0.092275 0.111588
33 0.918455 0.645207 0.103004 0.133047
53 0.824571 0.360873 0.095494 0.113734
27 0.930526 0.366595 0.098176 0.113734
51 0.617758 0.347639 0.091738 0.107296
56 0.314914 0.328684 0.092275 0.112303
35 0.807940 0.636981 0.103004 0.130901
32 0.160944 0.587625 0.101931 0.122318
19 0.431599 0.469957 0.098176 0.118741
9 0.964056 0.242489 0.072961 0.110157
8 0.869635 0.238913 0.093348 0.113019
49 0.047479 0.720672 0.093884 0.130901
58 0.264217 0.595136 0.100322 0.123033
16 0.476931 0.613019 0.103004 0.128755
45 0.096567 0.445637 0.160944 0.117310
4 0.471030 0.218169 0.087983 0.104435
57 0.369635 0.604077 0.100858 0.125179
