17 0.101537 0.252500 0.039517 0.061667
29 0.516191 0.389583 0.038968 0.060833
56 0.220362 0.322083 0.041164 0.062500
22 0.745060 0.347917 0.063117 0.132500
23 0.331229 0.392917 0.041164 0.062500
19 0.282931 0.393333 0.041164 0.061667
49 0.109769 0.538333 0.057080 0.061667
41 0.173161 0.322500 0.042261 0.061667
31 0.562020 0.388750 0.039517 0.059167
16 0.307355 0.463333 0.041712 0.060000
11 0.663557 0.244583 0.040615 0.060833
57 0.259879 0.463750 0.041164 0.060833
4 0.290340 0.249583 0.040615 0.062500
25 0.423985 0.390833 0.040066 0.060000
39 0.687157 0.315000 0.040615 0.061667
0 0.571076 0.247083 0.041164 0.062500
50 0.649561 0.527500 0.075192 0.060000
44 0.108946 0.466667 0.055434 0.061667
6 0.386114 0.249583 0.042261 0.062500
55 0.355104 0.462083 0.041712 0.060833
36 0.548024 0.319167 0.040066 0.060000
34 0.632272 0.457083 0.040615 0.059167
27 0.502195 0.319583 0.039517 0.059167
26 0.701427 0.385000 0.040615 0.060000
20 0.732437 0.242500 0.085071 0.061667
59 0.409440 0.321250 0.039517 0.060833
15 0.401482 0.461667 0.041164 0.060000
5 0.338090 0.249583 0.040615 0.062500
10 0.187706 0.394167 0.040615 0.061667
45 0.121021 0.394583 0.077387 0.062500
37 0.608397 0.387917 0.040066 0.060833
43 0.235181 0.393333 0.041164 0.061667
32 0.164380 0.465417 0.041164 0.060833
53 0.456092 0.320833 0.039517 0.061667
38 0.594402 0.317917 0.039517 0.060833
40 0.585620 0.457917 0.040615 0.059167
9 0.524698 0.248750 0.040615 0.062500
42 0.315862 0.321667 0.041164 0.061667
48 0.616630 0.246250 0.040066 0.060833
54 0.641054 0.316667 0.040615 0.061667
28 0.470088 0.390833 0.038968 0.061667
13 0.260154 0.535417 0.041712 0.060833
51 0.363063 0.321250 0.040066 0.060833
21 0.268112 0.321667 0.041164 0.061667
12 0.655598 0.386667 0.041164 0.061667
7 0.431668 0.250417 0.040066 0.062500
24 0.377333 0.391667 0.040066 0.060000
18 0.539243 0.458750 0.040066 0.059167
33 0.493963 0.460417 0.040615 0.060833
52 0.113337 0.323750 0.064215 0.062500
35 0.448408 0.460833 0.040615 0.060000
2 0.195664 0.250833 0.041164 0.061667
47 0.399286 0.532083 0.226674 0.062500
58 0.212404 0.464583 0.041712 0.060833
1 0.148738 0.251667 0.040615 0.061667
8 0.477772 0.249167 0.041164 0.063333
46 0.694841 0.455833 0.072448 0.060000
14 0.540889 0.529583 0.040066 0.059167
3 0.243139 0.250417 0.041712 0.062500
30 0.498353 0.360833 0.861690 0.451667
