46 0.833333 0.525373 0.100671 0.077612
27 0.579418 0.369403 0.055928 0.073134
47 0.443512 0.612687 0.303132 0.082090
28 0.535794 0.448507 0.055928 0.076119
21 0.277964 0.371642 0.057047 0.077612
24 0.414989 0.450000 0.055928 0.076119
9 0.608501 0.291791 0.055928 0.076119
58 0.199105 0.533582 0.058166 0.076119
41 0.155481 0.371642 0.058166 0.077612
51 0.399329 0.370149 0.055928 0.074627
16 0.322148 0.532090 0.060403 0.079104
52 0.079978 0.373134 0.088367 0.077612
7 0.490492 0.292537 0.054810 0.074627
18 0.626398 0.526866 0.055928 0.077612
12 0.777964 0.446269 0.057047 0.074627
32 0.137025 0.534328 0.059284 0.077612
59 0.459732 0.370896 0.055928 0.076119
33 0.566555 0.528358 0.057047 0.077612
19 0.291946 0.450746 0.058166 0.077612
37 0.717002 0.447015 0.055928 0.076119
0 0.668345 0.290299 0.057047 0.073134
13 0.258389 0.617164 0.058166 0.079104
6 0.430649 0.291791 0.055928 0.076119
45 0.084452 0.452985 0.104027 0.079104
40 0.688479 0.526119 0.057047 0.076119
3 0.248881 0.292537 0.057047 0.074627
1 0.129195 0.293284 0.057047 0.073134
30 0.506152 0.416418 0.989933 0.513433
54 0.759508 0.366418 0.058166 0.076119
11 0.788031 0.288806 0.054810 0.073134
20 0.876398 0.287313 0.110738 0.073134
56 0.216443 0.371642 0.057047 0.077612
29 0.596197 0.447761 0.055928 0.074627
31 0.656600 0.447761 0.055928 0.074627
48 0.728188 0.289552 0.055928 0.074627
26 0.837808 0.444776 0.058166 0.074627
15 0.445190 0.529851 0.058166 0.077612
44 0.067114 0.535075 0.076063 0.079104
8 0.548658 0.292537 0.054810 0.074627
39 0.818792 0.365672 0.055928 0.074627
36 0.638702 0.368657 0.055928 0.074627
42 0.339485 0.370896 0.057047 0.076119
17 0.067673 0.292537 0.057047 0.074627
50 0.775727 0.610448 0.106264 0.080597
14 0.629195 0.611194 0.057047 0.079104
2 0.189597 0.292537 0.057047 0.074627
49 0.063758 0.619403 0.078300 0.080597
35 0.506711 0.529104 0.055928 0.076119
4 0.309843 0.292537 0.055928 0.074627
57 0.260626 0.532836 0.058166 0.077612
22 0.895414 0.405970 0.088367 0.152239
53 0.519575 0.370149 0.057047 0.077612
34 0.748881 0.526119 0.057047 0.076119
43 0.231544 0.451493 0.058166 0.076119
55 0.384787 0.530597 0.058166 0.079104
5 0.370805 0.292537 0.054810 0.074627
25 0.475391 0.450000 0.055928 0.076119
23 0.354586 0.450746 0.055928 0.077612
38 0.699105 0.367164 0.055928 0.074627
10 0.169463 0.451493 0.057047 0.076119
