20 0.436600 0.123750 0.143411 0.132500
34 0.258859 0.523750 0.081395 0.127500
14 0.115172 0.655417 0.079734 0.127500
38 0.187431 0.259583 0.083610 0.132500
12 0.299834 0.392500 0.082503 0.130000
36 0.101606 0.262083 0.083610 0.134167
26 0.385659 0.390000 0.079181 0.126667
0 0.149502 0.129167 0.083056 0.131667
9 0.063123 0.131250 0.083056 0.134167
47 0.035991 0.655833 0.065338 0.123333
37 0.213732 0.394167 0.084164 0.131667
50 0.295404 0.655417 0.102436 0.129167
30 0.450166 0.406250 0.899225 0.799167
48 0.235327 0.128333 0.080842 0.130000
29 0.042359 0.394583 0.079181 0.134167
33 0.022979 0.530000 0.040421 0.131667
31 0.126800 0.394583 0.078627 0.130833
40 0.173034 0.524583 0.079181 0.125833
54 0.273533 0.260417 0.083056 0.132500
11 0.321982 0.123333 0.080288 0.131667
46 0.364618 0.524167 0.124585 0.128333
39 0.361019 0.258750 0.080842 0.130833
18 0.085271 0.524167 0.075305 0.126667
27 0.027962 0.262083 0.051495 0.130833
22 0.458472 0.325000 0.105205 0.268333
