22 0.762285 0.465611 0.057740 0.143013
56 0.300061 0.427948 0.038698 0.069869
57 0.331081 0.576965 0.038084 0.068777
32 0.249386 0.576965 0.039312 0.070961
16 0.371929 0.576965 0.038698 0.070961
38 0.630221 0.427402 0.038084 0.070961
58 0.290541 0.576419 0.038084 0.069869
48 0.650491 0.353712 0.038084 0.067686
19 0.351658 0.503275 0.037469 0.069869
26 0.723280 0.502183 0.037469 0.069869
9 0.567875 0.353712 0.038698 0.067686
4 0.362101 0.354803 0.037469 0.067686
51 0.423526 0.427948 0.037469 0.069869
8 0.526720 0.354258 0.037469 0.068777
36 0.588759 0.427948 0.038698 0.069869
3 0.320332 0.354258 0.038698 0.068777
49 0.206388 0.653930 0.040541 0.072052
45 0.217752 0.502183 0.059582 0.067686
5 0.402948 0.353712 0.038084 0.067686
50 0.678747 0.654476 0.072482 0.068777
52 0.211916 0.427948 0.047912 0.069869
1 0.238636 0.354803 0.038698 0.067686
39 0.712838 0.427402 0.038698 0.070961
55 0.413084 0.576419 0.037469 0.069869
17 0.201781 0.353712 0.027641 0.067686
40 0.619472 0.576419 0.038698 0.069869
35 0.495700 0.576965 0.038084 0.068777
6 0.444103 0.353712 0.038084 0.067686
34 0.660319 0.576965 0.038084 0.068777
53 0.506143 0.428493 0.038084 0.070961
24 0.433661 0.502729 0.036855 0.068777
0 0.609337 0.353712 0.039312 0.067686
12 0.681511 0.503275 0.038698 0.069869
54 0.671376 0.427948 0.039312 0.069869
59 0.465295 0.427948 0.037469 0.069869
28 0.516892 0.502183 0.037469 0.069869
30 0.564496 0.471616 0.794840 0.484716
13 0.329853 0.653384 0.038084 0.070961
11 0.691953 0.353712 0.037469 0.067686
15 0.454238 0.576965 0.039926 0.070961
44 0.206695 0.577511 0.038698 0.069869
21 0.341830 0.428493 0.038698 0.070961
10 0.269656 0.502729 0.038084 0.068777
23 0.392813 0.502729 0.037469 0.068777
46 0.718366 0.576419 0.069410 0.069869
43 0.310811 0.502729 0.038084 0.070961
41 0.258907 0.428493 0.039926 0.070961
31 0.599201 0.503275 0.037469 0.069869
33 0.536855 0.577511 0.038084 0.069869
14 0.580774 0.653384 0.038698 0.070961
27 0.547604 0.427948 0.037469 0.067686
47 0.455774 0.653930 0.205160 0.072052
2 0.279484 0.354258 0.039312 0.066594
7 0.486486 0.354803 0.038084 0.067686
25 0.475430 0.502729 0.038084 0.068777
37 0.640049 0.503275 0.038084 0.069869
18 0.578010 0.576965 0.038084 0.068777
20 0.752457 0.352620 0.076167 0.067686
29 0.558047 0.502729 0.037469 0.068777
42 0.382678 0.427948 0.039312 0.069869
