35 0.432011 0.570076 0.033994 0.045455
45 0.169972 0.517992 0.062323 0.043561
53 0.437677 0.465909 0.031161 0.045455
26 0.636686 0.517045 0.032578 0.045455
47 0.393768 0.623106 0.181303 0.045455
31 0.524788 0.518939 0.032578 0.045455
11 0.604816 0.414773 0.033994 0.045455
4 0.305949 0.410985 0.033994 0.045455
12 0.599150 0.518939 0.033994 0.045455
21 0.288244 0.464962 0.032578 0.047348
19 0.298159 0.517045 0.032578 0.045455
10 0.223088 0.518939 0.032578 0.045455
34 0.582153 0.570076 0.033994 0.045455
28 0.448300 0.517992 0.032578 0.047348
9 0.489377 0.410038 0.035411 0.047348
51 0.363314 0.464962 0.032578 0.047348
39 0.626062 0.466856 0.033994 0.047348
1 0.193343 0.413826 0.032578 0.043561
58 0.243626 0.569129 0.033994 0.047348
6 0.376771 0.409091 0.033994 0.045455
25 0.412181 0.517045 0.033994 0.045455
22 0.674221 0.492424 0.053824 0.098485
42 0.327195 0.467803 0.033994 0.045455
3 0.266289 0.412879 0.033994 0.045455
59 0.400850 0.465909 0.031161 0.045455
29 0.485836 0.517045 0.033994 0.045455
32 0.206799 0.570076 0.033994 0.045455
38 0.550283 0.463068 0.032578 0.047348
7 0.415014 0.410038 0.033994 0.047348
16 0.318697 0.569129 0.033994 0.047348
48 0.566572 0.412879 0.033994 0.045455
41 0.211048 0.464962 0.033994 0.047348
5 0.342068 0.414773 0.032578 0.045455
36 0.512040 0.465909 0.032578 0.045455
52 0.164306 0.464962 0.050992 0.043561
17 0.153683 0.412879 0.035411 0.045455
56 0.250708 0.464962 0.033994 0.047348
50 0.596317 0.623106 0.062323 0.045455
14 0.507082 0.625000 0.033994 0.045455
20 0.663598 0.415720 0.072238 0.043561
18 0.506374 0.570076 0.032578 0.045455
57 0.282578 0.569129 0.032578 0.047348
2 0.229462 0.412879 0.033994 0.045455
40 0.543909 0.569129 0.033994 0.047348
46 0.632436 0.571023 0.060907 0.047348
44 0.162181 0.568182 0.049575 0.045455
27 0.474504 0.465909 0.031161 0.045455
30 0.490085 0.492424 0.739377 0.337121
23 0.336402 0.517045 0.032578 0.045455
55 0.356232 0.568182 0.032578 0.045455
37 0.562323 0.517992 0.033994 0.047348
49 0.160057 0.623106 0.050992 0.045455
0 0.526912 0.409091 0.033994 0.045455
54 0.586402 0.466856 0.033994 0.047348
33 0.468839 0.568182 0.033994 0.049242
13 0.282578 0.623106 0.032578 0.045455
43 0.260623 0.517045 0.033994 0.045455
8 0.456091 0.413826 0.033994 0.047348
15 0.393768 0.569129 0.033994 0.047348
24 0.371813 0.518939 0.032578 0.045455
